"V1","V2","V3","V4","V5","V6","V7","V8","V9","V10","V11","V12","V13","V14","V15","V16","V17","V18","V19","V20","V21","V22","V23","V24","V25","V26","V27","V28","V29","V30","V31","V32","V33","V34","V35","V36"
6.42903690484852e-07,-2.33357912988841e-08,-1.94027754138383e-07,-8.98106008518364e-08,-1.68082651787439e-07,-1.76630466268547e-07,-2.33357912988841e-08,-1.94390773614204e-08,7.99829518413959e-09,1.40304408559781e-08,3.33802409918304e-08,-1.11890411462455e-08,-1.94027754138383e-07,7.99829518413959e-09,3.92945922485606e-08,9.54181518180844e-09,4.09960335366873e-08,3.4165601599506e-08,-8.98106008518364e-08,1.40304408559781e-08,9.54181518180844e-09,-3.83013102465203e-09,2.28869089989158e-08,-3.48158518873437e-09,-1.68082651787439e-07,3.33802409918304e-08,4.09960335366873e-08,2.28869089989158e-08,3.30460510621566e-08,1.79543602826706e-08,-1.76630466268547e-07,-1.11890411462455e-08,3.4165601599506e-08,-3.48158518873437e-09,1.79543602826706e-08,6.85007923534343e-08
-2.33357912988841e-08,-1.94390773614204e-08,7.99829518413959e-09,1.40304408559781e-08,3.33802409918304e-08,-1.11890411462455e-08,-1.94390773614204e-08,-2.19297877855447e-08,-1.12034735072013e-08,-4.53236277274473e-09,-9.27785577366016e-10,-1.66635117324415e-08,7.99829518413959e-09,-1.12034735072013e-08,1.57895875854394e-08,-1.23994122618703e-08,1.23157199163977e-09,5.52808758559111e-09,1.40304408559781e-08,-4.53236277274473e-09,-1.23994122618703e-08,-4.02250070994803e-10,-5.08608896843351e-09,8.14284846813532e-09,3.33802409918304e-08,-9.27785577366016e-10,1.23157199163977e-09,-5.08608896843351e-09,-1.07946276440481e-08,8.58678741684389e-10,-1.11890411462455e-08,-1.66635117324415e-08,5.52808758559111e-09,8.14284846813532e-09,8.58678741684389e-10,3.3376048544231e-08
-1.94027754138383e-07,7.99829518413959e-09,3.92945922485606e-08,9.54181518180844e-09,4.09960335366873e-08,3.4165601599506e-08,7.99829518413959e-09,-1.12034735072013e-08,1.57895875854394e-08,-1.23994122618703e-08,1.23157199163977e-09,5.52808758559111e-09,3.92945922485606e-08,1.57895875854394e-08,-6.40726769809779e-08,1.40582922377018e-08,-3.1189944015655e-08,-3.75560788157525e-08,9.54181518180844e-09,-1.23994122618703e-08,1.40582922377018e-08,-2.08029582943323e-08,-2.64900695702559e-09,-5.8884254980757e-09,4.09960335366873e-08,1.23157199163977e-09,-3.1189944015655e-08,-2.64900695702559e-09,-1.69409887052727e-08,-1.64688102878966e-08,3.4165601599506e-08,5.52808758559111e-09,-3.75560788157525e-08,-5.8884254980757e-09,-1.64688102878966e-08,2.15693357485492e-08
-8.98106008518364e-08,1.40304408559781e-08,9.54181518180844e-09,-3.83013102465203e-09,2.28869089989158e-08,-3.48158518873437e-09,1.40304408559781e-08,-4.53236277274473e-09,-1.23994122618703e-08,-4.02250070994803e-10,-5.08608896843351e-09,8.14284846813532e-09,9.54181518180844e-09,-1.23994122618703e-08,1.40582922377018e-08,-2.08029582943323e-08,-2.64900695702559e-09,-5.8884254980757e-09,-3.83013102465203e-09,-4.02250070994803e-10,-2.08029582943323e-08,-1.24617630763667e-08,-1.31099814132295e-08,2.9485036499691e-09,2.28869089989158e-08,-5.08608896843351e-09,-2.64900695702559e-09,-1.31099814132295e-08,-1.10485829163751e-08,-3.67721271736568e-09,-3.48158518873437e-09,8.14284846813532e-09,-5.8884254980757e-09,2.9485036499691e-09,-3.67721271736568e-09,-2.18855492343551e-08
-1.68082651787439e-07,3.33802409918304e-08,4.09960335366873e-08,2.28869089989158e-08,3.30460510621566e-08,1.79543602826706e-08,3.33802409918304e-08,-9.27785577366016e-10,1.23157199163977e-09,-5.08608896843351e-09,-1.07946276440481e-08,8.58678741684389e-10,4.09960335366873e-08,1.23157199163977e-09,-3.1189944015655e-08,-2.64900695702559e-09,-1.69409887052727e-08,-1.64688102878966e-08,2.28869089989158e-08,-5.08608896843351e-09,-2.64900695702559e-09,-1.31099814132295e-08,-1.10485829163751e-08,-3.67721271736568e-09,3.30460510621566e-08,-1.07946276440481e-08,-1.69409887052727e-08,-1.10485829163751e-08,-1.5154686605258e-08,-1.51944047014086e-08,1.79543602826706e-08,8.58678741684389e-10,-1.64688102878966e-08,-3.67721271736568e-09,-1.51944047014086e-08,-1.65588985323146e-08
-1.76630466268547e-07,-1.11890411462455e-08,3.4165601599506e-08,-3.48158518873437e-09,1.79543602826706e-08,6.85007923534343e-08,-1.11890411462455e-08,-1.66635117324415e-08,5.52808758559111e-09,8.14284846813532e-09,8.58678741684389e-10,3.3376048544231e-08,3.4165601599506e-08,5.52808758559111e-09,-3.75560788157525e-08,-5.8884254980757e-09,-1.64688102878966e-08,2.15693357485492e-08,-3.48158518873437e-09,8.14284846813532e-09,-5.8884254980757e-09,2.9485036499691e-09,-3.67721271736568e-09,-2.18855492343551e-08,1.79543602826706e-08,8.58678741684389e-10,-1.64688102878966e-08,-3.67721271736568e-09,-1.51944047014086e-08,-1.65588985323146e-08,6.85007923534343e-08,3.3376048544231e-08,2.15693357485492e-08,-2.18855492343551e-08,-1.65588985323146e-08,-1.42558864727413e-07
