"V1","V2","V3","V4","V5","V6","V7","V8","V9","V10","V11","V12","V13","V14","V15","V16","V17","V18","V19","V20","V21","V22","V23","V24","V25","V26","V27","V28","V29","V30","V31","V32","V33","V34","V35","V36"
-1.18984794152261e-07,-2.7239700875686e-08,9.0878055061872e-09,1.36892929827658e-08,3.47381904202379e-08,-6.8459624167134e-09,-2.7239700875686e-08,5.77502086511015e-09,1.09096324428579e-08,-3.89641797405449e-09,7.64946300368005e-09,2.55007291964376e-09,9.0878055061872e-09,1.09096324428579e-08,-1.14254566044972e-09,-4.16650741580776e-09,-7.51299434960283e-09,-2.10341833924343e-09,1.36892929827658e-08,-3.89641797405449e-09,-4.16650741580776e-09,2.72341809408949e-09,-5.37309490573239e-09,4.0966437623335e-09,3.47381904202379e-08,7.64946300368005e-09,-7.51299434960283e-09,-5.37309490573239e-09,-1.75110875181543e-08,-1.01444899107793e-10,-6.8459624167134e-09,2.55007291964376e-09,-2.10341833924343e-09,4.0966437623335e-09,-1.01444899107793e-10,-3.5959187816177e-09
-2.7239700875686e-08,5.77502086511015e-09,1.09096324428579e-08,-3.89641797405449e-09,7.64946300368005e-09,2.55007291964376e-09,5.77502086511015e-09,1.08334634653993e-07,2.44641526075907e-08,-5.847563699497e-09,4.24498192967147e-08,-3.26965803996973e-08,1.09096324428579e-08,2.44641526075907e-08,-5.81437238142121e-09,-7.49013197437894e-10,8.40613009270272e-09,5.65695897679052e-09,-3.89641797405449e-09,-5.847563699497e-09,-7.49013197437894e-10,-1.12959712990876e-10,-2.43893950606435e-09,-3.05914909356634e-09,7.64946300368005e-09,4.24498192967147e-08,8.40613009270272e-09,-2.43893950606435e-09,1.36450140017329e-08,-1.30075793546308e-08,2.55007291964376e-09,-3.26965803996973e-08,5.65695897679052e-09,-3.05914909356634e-09,-1.30075793546308e-08,9.55765396361782e-10
9.0878055061872e-09,1.09096324428579e-08,-1.14254566044972e-09,-4.16650741580776e-09,-7.51299434960283e-09,-2.10341833924343e-09,1.09096324428579e-08,2.44641526075907e-08,-5.81437238142121e-09,-7.49013197437894e-10,8.40613009270272e-09,5.65695897679052e-09,-1.14254566044972e-09,-5.81437238142121e-09,-1.72158463254927e-10,4.63322653721695e-09,-8.37287582892507e-10,-1.10227636402122e-08,-4.16650741580776e-09,-7.49013197437894e-10,4.63322653721695e-09,-1.65522944907867e-09,2.18961860505366e-09,-1.72710066418538e-10,-7.51299434960283e-09,8.40613009270272e-09,-8.37287582892507e-10,2.18961860505366e-09,5.38453300241712e-09,2.28563825998905e-10,-2.10341833924343e-09,5.65695897679052e-09,-1.10227636402122e-08,-1.72710066418538e-10,2.28563825998905e-10,6.24985880844542e-09
1.36892929827658e-08,-3.89641797405449e-09,-4.16650741580776e-09,2.72341809408949e-09,-5.37309490573239e-09,4.0966437623335e-09,-3.89641797405449e-09,-5.847563699497e-09,-7.49013197437894e-10,-1.12959712990876e-10,-2.43893950606435e-09,-3.05914909356634e-09,-4.16650741580776e-09,-7.49013197437894e-10,4.63322653721695e-09,-1.65522944907867e-09,2.18961860505366e-09,-1.72710066418538e-10,2.72341809408949e-09,-1.12959712990876e-10,-1.65522944907867e-09,1.5870675573282e-09,-2.61098132501541e-09,2.2537713420215e-09,-5.37309490573239e-09,-2.43893950606435e-09,2.18961860505366e-09,-2.61098132501541e-09,5.52108382845119e-09,-1.0724249781326e-09,4.0966437623335e-09,-3.05914909356634e-09,-1.72710066418538e-10,2.2537713420215e-09,-1.0724249781326e-09,1.68944283823744e-09
3.47381904202379e-08,7.64946300368005e-09,-7.51299434960283e-09,-5.37309490573239e-09,-1.75110875181543e-08,-1.01444899107793e-10,7.64946300368005e-09,4.24498192967147e-08,8.40613009270272e-09,-2.43893950606435e-09,1.36450140017329e-08,-1.30075793546308e-08,-7.51299434960283e-09,8.40613009270272e-09,-8.37287582892507e-10,2.18961860505366e-09,5.38453300241712e-09,2.28563825998905e-10,-5.37309490573239e-09,-2.43893950606435e-09,2.18961860505366e-09,-2.61098132501541e-09,5.52108382845119e-09,-1.0724249781326e-09,-1.75110875181543e-08,1.36450140017329e-08,5.38453300241712e-09,5.52108382845119e-09,6.27792891320134e-09,-2.77355869389243e-09,-1.01444899107793e-10,-1.30075793546308e-08,2.28563825998905e-10,-1.0724249781326e-09,-2.77355869389243e-09,1.53616225543823e-09
-6.8459624167134e-09,2.55007291964376e-09,-2.10341833924343e-09,4.0966437623335e-09,-1.01444899107793e-10,-3.5959187816177e-09,2.55007291964376e-09,-3.26965803996973e-08,5.65695897679052e-09,-3.05914909356634e-09,-1.30075793546308e-08,9.55765396361782e-10,-2.10341833924343e-09,5.65695897679052e-09,-1.10227636402122e-08,-1.72710066418538e-10,2.28563825998905e-10,6.24985880844542e-09,4.0966437623335e-09,-3.05914909356634e-09,-1.72710066418538e-10,2.2537713420215e-09,-1.0724249781326e-09,1.68944283823744e-09,-1.01444899107793e-10,-1.30075793546308e-08,2.28563825998905e-10,-1.0724249781326e-09,-2.77355869389243e-09,1.53616225543823e-09,-3.5959187816177e-09,9.55765396361782e-10,6.24985880844542e-09,1.68944283823744e-09,1.53616225543823e-09,1.3465293038851e-09
