"V1","V2","V3","V4","V5","V6","V7","V8","V9","V10","V11","V12","V13","V14","V15","V16","V17","V18","V19","V20","V21","V22","V23","V24","V25","V26","V27","V28","V29","V30","V31","V32","V33","V34","V35","V36"
3.41740039344233e-08,-2.3422484792738e-08,8.14089219748693e-10,-2.30898147183507e-09,6.93531440537969e-09,2.15117346921825e-08,-2.3422484792738e-08,1.1493048350208e-08,1.58361432094506e-09,5.00866452176619e-09,-2.44351679854665e-09,-1.46916088758378e-08,8.14089219748693e-10,1.58361432094506e-09,-3.32125967429965e-09,2.29042251460095e-09,-2.39735159119641e-09,-3.44531953417936e-09,-2.30898147183507e-09,5.00866452176619e-09,2.29042251460095e-09,8.94597444410906e-10,1.61808537356427e-09,-3.29951892257994e-09,6.93531440537969e-09,-2.44351679854665e-09,-2.39735159119641e-09,1.61808537356427e-09,-1.43366445683051e-09,5.83418550211523e-09,2.15117346921825e-08,-1.46916088758378e-08,-3.44531953417936e-09,-3.29951892257994e-09,5.83418550211523e-09,2.78296720610924e-08
-2.3422484792738e-08,1.1493048350208e-08,1.58361432094506e-09,5.00866452176619e-09,-2.44351679854665e-09,-1.46916088758378e-08,1.1493048350208e-08,-2.95050423796974e-09,5.30912095083314e-09,-6.44485517210973e-09,5.0708183100455e-09,1.29271825023622e-08,1.58361432094506e-09,5.30912095083314e-09,-2.11166958724552e-10,-4.08184310052941e-09,-6.5258667759691e-10,4.45286008513096e-09,5.00866452176619e-09,-6.44485517210973e-09,-4.08184310052941e-09,2.57298558907674e-09,-2.27697658107806e-09,-4.19447868624452e-09,-2.44351679854665e-09,5.0708183100455e-09,-6.5258667759691e-10,-2.27697658107806e-09,-1.07644662266649e-09,8.31442946610194e-10,-1.46916088758378e-08,1.29271825023622e-08,4.45286008513096e-09,-4.19447868624452e-09,8.31442946610194e-10,-2.08735904075922e-09
8.14089219748693e-10,1.58361432094506e-09,-3.32125967429965e-09,2.29042251460095e-09,-2.39735159119641e-09,-3.44531953417936e-09,1.58361432094506e-09,5.30912095083314e-09,-2.11166958724552e-10,-4.08184310052941e-09,-6.5258667759691e-10,4.45286008513096e-09,-3.32125967429965e-09,-2.11166958724552e-10,2.21565994864434e-08,-1.11214281451866e-08,1.3981748377059e-08,9.9517953565456e-09,2.29042251460095e-09,-4.08184310052941e-09,-1.11214281451866e-08,6.92356889054296e-09,-6.30049425924375e-09,-1.04451624920679e-09,-2.39735159119641e-09,-6.5258667759691e-10,1.3981748377059e-08,-6.30049425924375e-09,1.01168861080101e-08,2.49371560732809e-09,-3.44531953417936e-09,4.45286008513096e-09,9.9517953565456e-09,-1.04451624920679e-09,2.49371560732809e-09,-9.30914123295543e-09
-2.30898147183507e-09,5.00866452176619e-09,2.29042251460095e-09,8.94597444410906e-10,1.61808537356427e-09,-3.29951892257994e-09,5.00866452176619e-09,-6.44485517210973e-09,-4.08184310052941e-09,2.57298558907674e-09,-2.27697658107806e-09,-4.19447868624452e-09,2.29042251460095e-09,-4.08184310052941e-09,-1.11214281451866e-08,6.92356889054296e-09,-6.30049425924375e-09,-1.04451624920679e-09,8.94597444410906e-10,2.57298558907674e-09,6.92356889054296e-09,-7.52427243163807e-09,5.74009049351913e-09,4.66886339892381e-10,1.61808537356427e-09,-2.27697658107806e-09,-6.30049425924375e-09,5.74009049351913e-09,-5.99133233386397e-09,2.19656077543451e-09,-3.29951892257994e-09,-4.19447868624452e-09,-1.04451624920679e-09,4.66886339892381e-10,2.19656077543451e-09,8.51128910546946e-09
6.93531440537969e-09,-2.44351679854665e-09,-2.39735159119641e-09,1.61808537356427e-09,-1.43366445683051e-09,5.83418550211523e-09,-2.44351679854665e-09,5.0708183100455e-09,-6.5258667759691e-10,-2.27697658107806e-09,-1.07644662266649e-09,8.31442946610194e-10,-2.39735159119641e-09,-6.5258667759691e-10,1.3981748377059e-08,-6.30049425924375e-09,1.01168861080101e-08,2.49371560732809e-09,1.61808537356427e-09,-2.27697658107806e-09,-6.30049425924375e-09,5.74009049351913e-09,-5.99133233386397e-09,2.19656077543451e-09,-1.43366445683051e-09,-1.07644662266649e-09,1.01168861080101e-08,-5.99133233386397e-09,9.79719683613851e-09,2.17774155309384e-09,5.83418550211523e-09,8.31442946610194e-10,2.49371560732809e-09,2.19656077543451e-09,2.17774155309384e-09,-7.19383870953432e-09
2.15117346921825e-08,-1.46916088758378e-08,-3.44531953417936e-09,-3.29951892257994e-09,5.83418550211523e-09,2.78296720610924e-08,-1.46916088758378e-08,1.29271825023622e-08,4.45286008513096e-09,-4.19447868624452e-09,8.31442946610194e-10,-2.08735904075922e-09,-3.44531953417936e-09,4.45286008513096e-09,9.9517953565456e-09,-1.04451624920679e-09,2.49371560732809e-09,-9.30914123295543e-09,-3.29951892257994e-09,-4.19447868624452e-09,-1.04451624920679e-09,4.66886339892381e-10,2.19656077543451e-09,8.51128910546946e-09,5.83418550211523e-09,8.31442946610194e-10,2.49371560732809e-09,2.19656077543451e-09,2.17774155309384e-09,-7.19383870953432e-09,2.78296720610924e-08,-2.08735904075922e-09,-9.30914123295543e-09,8.51128910546946e-09,-7.19383870953432e-09,-2.07812347544611e-08
