"Mkt.RF","SMB","HML","RMW","CMA","MOM"
0.000158283294630005,1.43422542941339e-05,9.88966475106861e-05,-2.55942168186921e-05,2.31668661048669e-06,-0.000168183010175682
1.43422542941339e-05,3.62658909158707e-05,2.12800733664971e-05,-9.21872697157216e-06,4.1231694133014e-06,-4.56108645817906e-05
9.88966475106861e-05,2.12800733664971e-05,0.000171814391855313,-4.84325963883508e-05,1.67746156080436e-05,-0.000243467622213615
-2.55942168186921e-05,-9.21872697157216e-06,-4.84325963883508e-05,2.48416911258723e-05,-6.22298735167785e-06,7.96283810143664e-05
2.31668661048669e-06,4.1231694133014e-06,1.67746156080436e-05,-6.22298735167785e-06,1.35519879611024e-05,-3.73198951203505e-05
-0.000168183010175682,-4.56108645817906e-05,-0.000243467622213615,7.96283810143664e-05,-3.73198951203505e-05,0.00041801929269072
