"Mkt.RF","SMB","HML","RMW","CMA","MOM"
2.70647282574284e-05,-7.80789119412892e-06,-6.87221577345698e-06,7.21691466152732e-07,-4.71522800713639e-06,1.50402448313999e-06
-7.80789119412892e-06,1.05908693505671e-05,1.89372389531651e-07,-1.38879002387782e-06,-1.10854511945885e-07,1.61656952049735e-06
-6.87221577345698e-06,1.89372389531651e-07,5.84435435727028e-06,-1.15827809420622e-06,2.65105593455032e-06,-1.85707036758025e-06
7.21691466152732e-07,-1.38879002387782e-06,-1.15827809420622e-06,2.51387189096823e-06,-5.08746541569957e-07,-1.18886964386725e-07
-4.71522800713639e-06,-1.10854511945885e-07,2.65105593455032e-06,-5.08746541569957e-07,4.55029989822474e-06,-1.32643075271587e-06
1.50402448313999e-06,1.61656952049735e-06,-1.85707036758025e-06,-1.18886964386725e-07,-1.32643075271587e-06,3.59028198670924e-06
