"Mkt.RF","SMB","HML","RMW","CMA","MOM"
5.2182609284129e-05,1.32056867507122e-05,6.51799523851583e-06,-1.08786182393188e-05,1.18802154504857e-06,2.05105444426612e-05
1.32056867507122e-05,1.89772592147221e-05,2.41917913162356e-06,-5.99908989372435e-06,-4.47955578426079e-07,7.98930785741175e-06
6.51799523851583e-06,2.41917913162356e-06,1.07162057472888e-05,-3.64399497175287e-06,3.26025990677198e-06,1.15908265680601e-06
-1.08786182393188e-05,-5.99908989372435e-06,-3.64399497175287e-06,7.58215133297797e-06,-5.34834694908607e-07,-7.01788622318088e-06
1.18802154504857e-06,-4.47955578426079e-07,3.26025990677198e-06,-5.34834694908607e-07,3.36921094372525e-06,2.7288176120503e-07
2.05105444426612e-05,7.98930785741175e-06,1.15908265680601e-06,-7.01788622318088e-06,2.7288176120503e-07,1.82469780606133e-05
