"Mkt.RF","SMB","HML","RMW","CMA","MOM"
8.59647166061412e-05,-3.20060011587575e-05,-3.2956939239803e-05,-1.79867232193101e-05,-2.46928935764164e-05,3.00953882150483e-05
-3.20060011587575e-05,5.06513441733704e-05,4.32695434272734e-06,-1.32131738513208e-05,2.86346262980039e-06,-6.95724711898118e-07
-3.2956939239803e-05,4.32695434272734e-06,3.84607826161045e-05,1.51729732018451e-05,1.8122225171338e-05,-2.7306568062056e-05
-1.79867232193101e-05,-1.32131738513208e-05,1.51729732018451e-05,3.13696659717177e-05,1.15483421757571e-05,-1.926397103382e-05
-2.46928935764164e-05,2.86346262980039e-06,1.8122225171338e-05,1.15483421757571e-05,1.93278755955978e-05,-1.70988986627176e-05
3.00953882150483e-05,-6.95724711898118e-07,-2.7306568062056e-05,-1.926397103382e-05,-1.70988986627176e-05,4.5572390068525e-05
