"Mkt.RF","SMB","HML","RMW","CMA","MOM"
7.4353612680012e-05,1.3932621084877e-05,6.00283411961517e-06,-1.07076510964684e-05,-1.07478686214352e-05,-5.01615475231845e-05
1.3932621084877e-05,3.16155818925148e-05,6.15979748445867e-07,-3.55885112433564e-06,3.34770397306393e-06,-4.03185912822226e-05
6.00283411961517e-06,6.15979748445867e-07,3.7721595218648e-05,2.26484046641288e-06,1.46669935394288e-05,-2.39425905011756e-05
-1.07076510964684e-05,-3.55885112433564e-06,2.26484046641288e-06,1.29143058053481e-05,5.24172580064896e-06,1.39990187022233e-05
-1.07478686214352e-05,3.34770397306393e-06,1.46669935394288e-05,5.24172580064896e-06,1.66336915106487e-05,-5.15866993657425e-06
-5.01615475231845e-05,-4.03185912822226e-05,-2.39425905011756e-05,1.39990187022233e-05,-5.15866993657425e-06,0.000142208906252444
