"V1","V2","V3","V4","V5","V6","V7","V8","V9","V10","V11","V12","V13","V14","V15","V16","V17","V18","V19","V20","V21","V22","V23","V24","V25","V26","V27","V28","V29","V30","V31","V32","V33","V34","V35","V36"
2.7023885162748e-07,1.22668749280747e-08,3.344411897331e-08,-4.12026247579627e-08,-2.67999493558517e-08,-1.18436717140718e-07,1.22668749280747e-08,1.71972620030121e-08,1.1563283066805e-08,-1.42971321779775e-08,-1.33325936587295e-08,-2.56222404676791e-08,3.344411897331e-08,1.1563283066805e-08,2.82627751944524e-08,-8.31709977741904e-09,1.4804347558293e-08,-1.99927788763272e-09,-4.12026247579627e-08,-1.42971321779775e-08,-8.31709977741904e-09,5.02513120686922e-09,3.10232035714491e-09,1.98232528272442e-08,-2.67999493558517e-08,-1.33325936587295e-08,1.4804347558293e-08,3.10232035714491e-09,1.78762559822975e-08,2.01746166007136e-08,-1.18436717140718e-07,-2.56222404676791e-08,-1.99927788763272e-09,1.98232528272442e-08,2.01746166007136e-08,4.46196805680467e-08
1.22668749280747e-08,1.71972620030121e-08,1.1563283066805e-08,-1.42971321779775e-08,-1.33325936587295e-08,-2.56222404676791e-08,1.71972620030121e-08,-5.20973263421626e-08,2.03263220380906e-08,-2.05175687810018e-09,2.25698846437946e-09,-1.37725216519691e-08,1.1563283066805e-08,2.03263220380906e-08,-4.7008037925593e-09,-4.23985814305408e-09,-8.92711967166856e-09,-1.05130577590179e-08,-1.42971321779775e-08,-2.05175687810018e-09,-4.23985814305408e-09,2.99870367641629e-09,-9.05476810679309e-10,1.14182511359723e-08,-1.33325936587295e-08,2.25698846437946e-09,-8.92711967166856e-09,-9.05476810679309e-10,-6.59719760954089e-10,1.45476389338782e-08,-2.56222404676791e-08,-1.37725216519691e-08,-1.05130577590179e-08,1.14182511359723e-08,1.45476389338782e-08,3.95853313525869e-08
3.344411897331e-08,1.1563283066805e-08,2.82627751944524e-08,-8.31709977741904e-09,1.4804347558293e-08,-1.99927788763272e-09,1.1563283066805e-08,2.03263220380906e-08,-4.7008037925593e-09,-4.23985814305408e-09,-8.92711967166856e-09,-1.05130577590179e-08,2.82627751944524e-08,-4.7008037925593e-09,-1.85710865355948e-08,4.11998581237649e-09,-1.43743276339541e-08,-7.2724576933978e-10,-8.31709977741904e-09,-4.23985814305408e-09,4.11998581237649e-09,-3.65086190221279e-09,6.45732299263012e-09,1.38816398496623e-09,1.4804347558293e-08,-8.92711967166856e-09,-1.43743276339541e-08,6.45732299263012e-09,-1.02377777431734e-08,-2.91000846761651e-09,-1.99927788763272e-09,-1.05130577590179e-08,-7.2724576933978e-10,1.38816398496623e-09,-2.91000846761651e-09,-8.39116769363242e-09
-4.12026247579627e-08,-1.42971321779775e-08,-8.31709977741904e-09,5.02513120686922e-09,3.10232035714491e-09,1.98232528272442e-08,-1.42971321779775e-08,-2.05175687810018e-09,-4.23985814305408e-09,2.99870367641629e-09,-9.05476810679309e-10,1.14182511359723e-08,-8.31709977741904e-09,-4.23985814305408e-09,4.11998581237649e-09,-3.65086190221279e-09,6.45732299263012e-09,1.38816398496623e-09,5.02513120686922e-09,2.99870367641629e-09,-3.65086190221279e-09,1.41017599450256e-09,-2.4186970433144e-09,1.05572603129364e-09,3.10232035714491e-09,-9.05476810679309e-10,6.45732299263012e-09,-2.4186970433144e-09,5.74346253781766e-09,1.49990137900525e-10,1.98232528272442e-08,1.14182511359723e-08,1.38816398496623e-09,1.05572603129364e-09,1.49990137900525e-10,-6.49586697225398e-09
-2.67999493558517e-08,-1.33325936587295e-08,1.4804347558293e-08,3.10232035714491e-09,1.78762559822975e-08,2.01746166007136e-08,-1.33325936587295e-08,2.25698846437946e-09,-8.92711967166856e-09,-9.05476810679309e-10,-6.59719760954089e-10,1.45476389338782e-08,1.4804347558293e-08,-8.92711967166856e-09,-1.43743276339541e-08,6.45732299263012e-09,-1.02377777431734e-08,-2.91000846761651e-09,3.10232035714491e-09,-9.05476810679309e-10,6.45732299263012e-09,-2.4186970433144e-09,5.74346253781766e-09,1.49990137900525e-10,1.78762559822975e-08,-6.59719760954089e-10,-1.02377777431734e-08,5.74346253781766e-09,-1.1205220188463e-08,-1.18811863139981e-08,2.01746166007136e-08,1.45476389338782e-08,-2.91000846761651e-09,1.49990137900525e-10,-1.18811863139981e-08,-2.21981953025179e-08
-1.18436717140718e-07,-2.56222404676791e-08,-1.99927788763272e-09,1.98232528272442e-08,2.01746166007136e-08,4.46196805680467e-08,-2.56222404676791e-08,-1.37725216519691e-08,-1.05130577590179e-08,1.14182511359723e-08,1.45476389338782e-08,3.95853313525869e-08,-1.99927788763272e-09,-1.05130577590179e-08,-7.2724576933978e-10,1.38816398496623e-09,-2.91000846761651e-09,-8.39116769363242e-09,1.98232528272442e-08,1.14182511359723e-08,1.38816398496623e-09,1.05572603129364e-09,1.49990137900525e-10,-6.49586697225398e-09,2.01746166007136e-08,1.45476389338782e-08,-2.91000846761651e-09,1.49990137900525e-10,-1.18811863139981e-08,-2.21981953025179e-08,4.46196805680467e-08,3.95853313525869e-08,-8.39116769363242e-09,-6.49586697225398e-09,-2.21981953025179e-08,-7.43491724512797e-09
