"Mkt.RF","SMB","HML","RMW","CMA","MOM"
2.67435385147882e-05,1.21768871507715e-05,-3.76170810440415e-06,5.14566746460337e-07,-4.02695003331894e-06,3.37681734286587e-06
1.21768871507715e-05,1.92853714473739e-05,-2.9343860447916e-06,-4.43654563494367e-07,-3.24551940485599e-06,1.85170169044504e-06
-3.76170810440415e-06,-2.9343860447916e-06,5.22603248368598e-06,-4.58080766577241e-08,1.84121983244693e-06,2.06544214199428e-07
5.14566746460337e-07,-4.43654563494367e-07,-4.58080766577241e-08,4.21708209103297e-06,-1.64814092040455e-06,1.90201628231969e-06
-4.02695003331894e-06,-3.24551940485599e-06,1.84121983244693e-06,-1.64814092040455e-06,6.48144885338938e-06,-9.23477651810066e-07
3.37681734286587e-06,1.85170169044504e-06,2.06544214199428e-07,1.90201628231969e-06,-9.23477651810066e-07,6.00469072462682e-06
