"V1","V2","V3","V4","V5","V6","V7","V8","V9","V10","V11","V12","V13","V14","V15","V16","V17","V18","V19","V20","V21","V22","V23","V24","V25","V26","V27","V28","V29","V30","V31","V32","V33","V34","V35","V36"
4.39337704041968e-08,-2.85883158031165e-08,2.05499722557229e-09,6.82981210995599e-09,-1.97209009379805e-09,9.30785500107434e-09,-2.85883158031165e-08,1.14529877213166e-08,-9.14302523123715e-10,-2.30289114961499e-09,2.42711949249858e-09,-5.80478746546132e-09,2.05499722557229e-09,-9.14302523123715e-10,4.59359152079538e-09,-1.93338733344652e-09,-8.3957936326771e-10,6.76740463876484e-09,6.82981210995599e-09,-2.30289114961499e-09,-1.93338733344652e-09,3.59868250817401e-09,-9.07084214215606e-10,-2.22990193988397e-09,-1.97209009379805e-09,2.42711949249858e-09,-8.3957936326771e-10,-9.07084214215606e-10,2.12975678717449e-09,2.37634178061456e-09,9.30785500107434e-09,-5.80478746546132e-09,6.76740463876484e-09,-2.22990193988397e-09,2.37634178061456e-09,7.3517145118518e-09
-2.85883158031165e-08,1.14529877213166e-08,-9.14302523123715e-10,-2.30289114961499e-09,2.42711949249858e-09,-5.80478746546132e-09,1.14529877213166e-08,-3.12014074583058e-09,1.20627277879883e-08,-1.74010539110206e-09,1.14350290583354e-08,-2.96834380510226e-09,-9.14302523123715e-10,1.20627277879883e-08,-8.73097364059065e-09,1.79550888945712e-09,-5.0505564379754e-09,-2.73683254633674e-11,-2.30289114961499e-09,-1.74010539110206e-09,1.79550888945712e-09,-1.10421790304328e-09,2.50171223584636e-09,-2.07322329487956e-09,2.42711949249858e-09,1.14350290583354e-08,-5.0505564379754e-09,2.50171223584636e-09,-6.58640223353418e-09,-1.89260594159681e-09,-5.80478746546132e-09,-2.96834380510226e-09,-2.73683254633674e-11,-2.07322329487956e-09,-1.89260594159681e-09,-8.14897384296963e-09
2.05499722557229e-09,-9.14302523123715e-10,4.59359152079538e-09,-1.93338733344652e-09,-8.3957936326771e-10,6.76740463876484e-09,-9.14302523123715e-10,1.20627277879883e-08,-8.73097364059065e-09,1.79550888945712e-09,-5.0505564379754e-09,-2.73683254633674e-11,4.59359152079538e-09,-8.73097364059065e-09,1.70821636121282e-08,-1.76468691974921e-09,1.19191389880457e-08,-9.81721236425686e-09,-1.93338733344652e-09,1.79550888945712e-09,-1.76468691974921e-09,1.1043044241553e-09,-3.5022843037858e-09,6.78956613091497e-09,-8.3957936326771e-10,-5.0505564379754e-09,1.19191389880457e-08,-3.5022843037858e-09,1.1795550442063e-08,-6.81973243943217e-09,6.76740463876484e-09,-2.73683254633674e-11,-9.81721236425686e-09,6.78956613091497e-09,-6.81973243943217e-09,2.39927726324817e-08
6.82981210995599e-09,-2.30289114961499e-09,-1.93338733344652e-09,3.59868250817401e-09,-9.07084214215606e-10,-2.22990193988397e-09,-2.30289114961499e-09,-1.74010539110206e-09,1.79550888945712e-09,-1.10421790304328e-09,2.50171223584636e-09,-2.07322329487956e-09,-1.93338733344652e-09,1.79550888945712e-09,-1.76468691974921e-09,1.1043044241553e-09,-3.5022843037858e-09,6.78956613091497e-09,3.59868250817401e-09,-1.10421790304328e-09,1.1043044241553e-09,2.18801870249266e-09,1.21814147519389e-10,-4.07737864808559e-09,-9.07084214215606e-10,2.50171223584636e-09,-3.5022843037858e-09,1.21814147519389e-10,-4.26592668068062e-09,7.40231658292656e-09,-2.22990193988397e-09,-2.07322329487956e-09,6.78956613091497e-09,-4.07737864808559e-09,7.40231658292656e-09,-1.32742213859174e-08
-1.97209009379805e-09,2.42711949249858e-09,-8.3957936326771e-10,-9.07084214215606e-10,2.12975678717449e-09,2.37634178061456e-09,2.42711949249858e-09,1.14350290583354e-08,-5.0505564379754e-09,2.50171223584636e-09,-6.58640223353418e-09,-1.89260594159681e-09,-8.3957936326771e-10,-5.0505564379754e-09,1.19191389880457e-08,-3.5022843037858e-09,1.1795550442063e-08,-6.81973243943217e-09,-9.07084214215606e-10,2.50171223584636e-09,-3.5022843037858e-09,1.21814147519389e-10,-4.26592668068062e-09,7.40231658292656e-09,2.12975678717449e-09,-6.58640223353418e-09,1.1795550442063e-08,-4.26592668068062e-09,1.25807180339848e-08,-6.70112731430299e-09,2.37634178061456e-09,-1.89260594159681e-09,-6.81973243943217e-09,7.40231658292656e-09,-6.70112731430299e-09,2.30274383878712e-08
9.30785500107434e-09,-5.80478746546132e-09,6.76740463876484e-09,-2.22990193988397e-09,2.37634178061456e-09,7.3517145118518e-09,-5.80478746546132e-09,-2.96834380510226e-09,-2.73683254633674e-11,-2.07322329487956e-09,-1.89260594159681e-09,-8.14897384296963e-09,6.76740463876484e-09,-2.73683254633674e-11,-9.81721236425686e-09,6.78956613091497e-09,-6.81973243943217e-09,2.39927726324817e-08,-2.22990193988397e-09,-2.07322329487956e-09,6.78956613091497e-09,-4.07737864808559e-09,7.40231658292656e-09,-1.32742213859174e-08,2.37634178061456e-09,-1.89260594159681e-09,-6.81973243943217e-09,7.40231658292656e-09,-6.70112731430299e-09,2.30274383878712e-08,7.3517145118518e-09,-8.14897384296963e-09,2.39927726324817e-08,-1.32742213859174e-08,2.30274383878712e-08,-3.64594043940166e-08
