"Mkt.RF","SMB","HML","RMW","CMA","MOM"
0.000128699445807885,-2.51629285134976e-05,-3.7662961880628e-05,-4.09463345580144e-05,-6.11301997453857e-05,-9.63592269699477e-05
-2.51629285134976e-05,2.73564058828655e-05,6.91193150124344e-06,4.16426980241269e-06,1.41250396628422e-05,2.42762846441682e-05
-3.7662961880628e-05,6.91193150124344e-06,3.24659753396169e-05,1.41137661148195e-05,2.62291017326257e-05,3.89222621763342e-05
-4.09463345580144e-05,4.16426980241269e-06,1.41137661148195e-05,3.9669724392872e-05,3.2737013201615e-05,4.82181715902016e-05
-6.11301997453857e-05,1.41250396628422e-05,2.62291017326257e-05,3.2737013201615e-05,4.44471318278353e-05,6.39055880947405e-05
-9.63592269699477e-05,2.42762846441682e-05,3.89222621763342e-05,4.82181715902016e-05,6.39055880947405e-05,0.000106823205866593
