"V1","V2","V3","V4","V5","V6","V7","V8","V9","V10","V11","V12","V13","V14","V15","V16","V17","V18","V19","V20","V21","V22","V23","V24","V25","V26","V27","V28","V29","V30","V31","V32","V33","V34","V35","V36"
-2.65404024810001e-07,1.12227128453526e-07,9.57581036773267e-08,-1.33455158093017e-08,1.61782829159065e-08,-2.2557466235352e-07,1.12227128453526e-07,3.52260095266683e-07,4.89018453044597e-07,4.5111300337183e-08,1.79162574413161e-07,-7.95816686147384e-07,9.57581036773267e-08,4.89018453044597e-07,1.07558763156691e-06,1.82387000588586e-07,3.35794424595175e-07,-1.72171499606312e-06,-1.33455158093017e-08,4.5111300337183e-08,1.82387000588586e-07,8.91457957504998e-08,6.5671567972729e-08,-2.26172335689447e-07,1.61782829159065e-08,1.79162574413161e-07,3.35794424595175e-07,6.5671567972729e-08,1.09159393214254e-07,-4.47921991384315e-07,-2.2557466235352e-07,-7.95816686147384e-07,-1.72171499606312e-06,-2.26172335689447e-07,-4.47921991384315e-07,3.20489280853368e-06
1.12227128453526e-07,3.52260095266683e-07,4.89018453044597e-07,4.5111300337183e-08,1.79162574413161e-07,-7.95816686147384e-07,3.52260095266683e-07,1.87203623504847e-07,2.54128495606135e-07,-1.52165665483377e-08,5.09713474516922e-08,-9.86057269336755e-07,4.89018453044597e-07,2.54128495606135e-07,8.12610889622229e-07,7.64043254634369e-08,9.27663201611703e-08,-2.45228780238598e-06,4.5111300337183e-08,-1.52165665483377e-08,7.64043254634369e-08,4.83790748214379e-08,1.71783751850689e-08,-1.6682668209217e-07,1.79162574413161e-07,5.09713474516922e-08,9.27663201611703e-08,1.71783751850689e-08,4.69886261656448e-10,-3.61154222996183e-07,-7.95816686147384e-07,-9.86057269336755e-07,-2.45228780238598e-06,-1.6682668209217e-07,-3.61154222996183e-07,6.32727890594845e-06
9.57581036773267e-08,4.89018453044597e-07,1.07558763156691e-06,1.82387000588586e-07,3.35794424595175e-07,-1.72171499606312e-06,4.89018453044597e-07,2.54128495606135e-07,8.12610889622229e-07,7.64043254634369e-08,9.27663201611703e-08,-2.45228780238598e-06,1.07558763156691e-06,8.12610889622229e-07,1.80332330077948e-06,6.55704036624552e-09,4.43469128837701e-08,-5.87458480310825e-06,1.82387000588586e-07,7.64043254634369e-08,6.55704036624552e-09,-3.90038567457433e-08,-2.89715650256422e-08,-3.36549694355689e-07,3.35794424595175e-07,9.27663201611703e-08,4.43469128837701e-08,-2.89715650256422e-08,-8.98557149242458e-08,-6.79492821008866e-07,-1.72171499606312e-06,-2.45228780238598e-06,-5.87458480310825e-06,-3.36549694355689e-07,-6.79492821008866e-07,1.52800845055897e-05
-1.33455158093017e-08,4.5111300337183e-08,1.82387000588586e-07,8.91457957504998e-08,6.5671567972729e-08,-2.26172335689447e-07,4.5111300337183e-08,-1.52165665483377e-08,7.64043254634369e-08,4.83790748214379e-08,1.71783751850689e-08,-1.6682668209217e-07,1.82387000588586e-07,7.64043254634369e-08,6.55704036624552e-09,-3.90038567457433e-08,-2.89715650256422e-08,-3.36549694355689e-07,8.91457957504998e-08,4.83790748214379e-08,-3.90038567457433e-08,-2.43070724895432e-08,9.29174827010199e-09,-2.30843280117404e-08,6.5671567972729e-08,1.71783751850689e-08,-2.89715650256422e-08,9.29174827010199e-09,-1.18940930609373e-08,-4.35167676734029e-08,-2.26172335689447e-07,-1.6682668209217e-07,-3.36549694355689e-07,-2.30843280117404e-08,-4.35167676734029e-08,1.01178775300779e-06
1.61782829159065e-08,1.79162574413161e-07,3.35794424595175e-07,6.5671567972729e-08,1.09159393214254e-07,-4.47921991384315e-07,1.79162574413161e-07,5.09713474516922e-08,9.27663201611703e-08,1.71783751850689e-08,4.69886261656448e-10,-3.61154222996183e-07,3.35794424595175e-07,9.27663201611703e-08,4.43469128837701e-08,-2.89715650256422e-08,-8.98557149242458e-08,-6.79492821008866e-07,6.5671567972729e-08,1.71783751850689e-08,-2.89715650256422e-08,9.29174827010199e-09,-1.18940930609373e-08,-4.35167676734029e-08,1.09159393214254e-07,4.69886261656448e-10,-8.98557149242458e-08,-1.18940930609373e-08,-3.38242806187862e-08,-2.47591375641719e-08,-4.47921991384315e-07,-3.61154222996183e-07,-6.79492821008866e-07,-4.35167676734029e-08,-2.47591375641719e-08,2.09588533629374e-06
-2.2557466235352e-07,-7.95816686147384e-07,-1.72171499606312e-06,-2.26172335689447e-07,-4.47921991384315e-07,3.20489280853368e-06,-7.95816686147384e-07,-9.86057269336755e-07,-2.45228780238598e-06,-1.6682668209217e-07,-3.61154222996183e-07,6.32727890594845e-06,-1.72171499606312e-06,-2.45228780238598e-06,-5.87458480310825e-06,-3.36549694355689e-07,-6.79492821008866e-07,1.52800845055897e-05,-2.26172335689447e-07,-1.6682668209217e-07,-3.36549694355689e-07,-2.30843280117404e-08,-4.35167676734029e-08,1.01178775300779e-06,-4.47921991384315e-07,-3.61154222996183e-07,-6.79492821008866e-07,-4.35167676734029e-08,-2.47591375641719e-08,2.09588533629374e-06,3.20489280853368e-06,6.32727890594845e-06,1.52800845055897e-05,1.01178775300779e-06,2.09588533629374e-06,-3.74029439861329e-05
