"Mkt.RF","SMB","HML","RMW","CMA","MOM"
0.000315572671283977,-4.38531550027761e-05,-3.46642945231726e-05,-8.60866918289864e-05,3.48997666468833e-05,-0.000166776231458302
-4.38531550027761e-05,4.60416905160094e-05,2.86364271271744e-06,-7.49774260932965e-06,3.75392626912954e-06,-1.37173399874161e-06
-3.46642945231726e-05,2.86364271271744e-06,2.359386569238e-05,5.27781511353136e-06,-8.68200744479752e-07,2.23585438586942e-05
-8.60866918289864e-05,-7.49774260932965e-06,5.27781511353136e-06,7.40198873273638e-05,-2.41839841775601e-05,0.000106168361782312
3.48997666468833e-05,3.75392626912954e-06,-8.68200744479752e-07,-2.41839841775601e-05,1.97952892813204e-05,-4.13504463673523e-05
-0.000166776231458302,-1.37173399874161e-06,2.23585438586942e-05,0.000106168361782312,-4.13504463673523e-05,0.000195391085664463
