"V1","V2","V3","V4","V5","V6","V7","V8","V9","V10","V11","V12","V13","V14","V15","V16","V17","V18","V19","V20","V21","V22","V23","V24","V25","V26","V27","V28","V29","V30","V31","V32","V33","V34","V35","V36"
-2.48525687034438e-06,7.59597040251186e-07,1.3818490841246e-06,7.37590129713876e-07,5.90456060529836e-07,1.3975741943855e-06,7.59597040251186e-07,-9.32270783535361e-08,-4.0707909999965e-07,-2.45905132537503e-07,-2.14572076980997e-07,-4.82431677701588e-07,1.3818490841246e-06,-4.0707909999965e-07,-8.78913378810597e-07,-5.29453311796547e-07,-3.35242473070426e-07,-9.00042186148294e-07,7.37590129713876e-07,-2.45905132537503e-07,-5.29453311796547e-07,-1.84745821695376e-07,-1.50847205392737e-07,-4.58688829343437e-07,5.90456060529836e-07,-2.14572076980997e-07,-3.35242473070426e-07,-1.50847205392737e-07,1.8477609536747e-07,-2.48289944541657e-07,1.3975741943855e-06,-4.82431677701588e-07,-9.00042186148294e-07,-4.58688829343437e-07,-2.48289944541657e-07,-1.05075645771981e-06
7.59597040251186e-07,-9.32270783535361e-08,-4.0707909999965e-07,-2.45905132537503e-07,-2.14572076980997e-07,-4.82431677701588e-07,-9.32270783535361e-08,2.23104668154792e-07,9.39666091484445e-08,3.39493530593056e-08,1.33037811492503e-07,1.70116068240256e-07,-4.0707909999965e-07,9.39666091484445e-08,2.24843085467934e-07,1.33026086795139e-07,9.93311746589193e-08,2.79436179765299e-07,-2.45905132537503e-07,3.39493530593056e-08,1.33026086795139e-07,8.59311170520527e-08,5.01651110133848e-08,1.36473574490317e-07,-2.14572076980997e-07,1.33037811492503e-07,9.93311746589193e-08,5.01651110133848e-08,2.3464620149424e-08,1.44929801026984e-07,-4.82431677701588e-07,1.70116068240256e-07,2.79436179765299e-07,1.36473574490317e-07,1.44929801026984e-07,3.32980533388997e-07
1.3818490841246e-06,-4.0707909999965e-07,-8.78913378810597e-07,-5.29453311796547e-07,-3.35242473070426e-07,-9.00042186148294e-07,-4.0707909999965e-07,9.39666091484445e-08,2.24843085467934e-07,1.33026086795139e-07,9.93311746589193e-08,2.79436179765299e-07,-8.78913378810597e-07,2.24843085467934e-07,6.58192758898449e-07,4.58103354048376e-07,2.04089569517073e-07,5.04711171978928e-07,-5.29453311796547e-07,1.33026086795139e-07,4.58103354048376e-07,2.78290216334524e-07,1.58973993087204e-07,3.46948427613462e-07,-3.35242473070426e-07,9.93311746589193e-08,2.04089569517073e-07,1.58973993087204e-07,-2.38453652559469e-07,-6.41266305045809e-08,-9.00042186148294e-07,2.79436179765299e-07,5.04711171978928e-07,3.46948427613462e-07,-6.41266305045809e-08,3.80541747493107e-07
7.37590129713876e-07,-2.45905132537503e-07,-5.29453311796547e-07,-1.84745821695376e-07,-1.50847205392737e-07,-4.58688829343437e-07,-2.45905132537503e-07,3.39493530593056e-08,1.33026086795139e-07,8.59311170520527e-08,5.01651110133848e-08,1.36473574490317e-07,-5.29453311796547e-07,1.33026086795139e-07,4.58103354048376e-07,2.78290216334524e-07,1.58973993087204e-07,3.46948427613462e-07,-1.84745821695376e-07,8.59311170520527e-08,2.78290216334524e-07,1.79885460071368e-07,1.07380172298009e-07,1.88044094518033e-07,-1.50847205392737e-07,5.01651110133848e-08,1.58973993087204e-07,1.07380172298009e-07,-1.04766413286773e-07,2.18134566285725e-08,-4.58688829343437e-07,1.36473574490317e-07,3.46948427613462e-07,1.88044094518033e-07,2.18134566285725e-08,3.97077015491479e-07
5.90456060529836e-07,-2.14572076980997e-07,-3.35242473070426e-07,-1.50847205392737e-07,1.8477609536747e-07,-2.48289944541657e-07,-2.14572076980997e-07,1.33037811492503e-07,9.93311746589193e-08,5.01651110133848e-08,2.3464620149424e-08,1.44929801026984e-07,-3.35242473070426e-07,9.93311746589193e-08,2.04089569517073e-07,1.58973993087204e-07,-2.38453652559469e-07,-6.41266305045809e-08,-1.50847205392737e-07,5.01651110133848e-08,1.58973993087204e-07,1.07380172298009e-07,-1.04766413286773e-07,2.18134566285725e-08,1.8477609536747e-07,2.3464620149424e-08,-2.38453652559469e-07,-1.04766413286773e-07,-7.32135392330733e-07,-7.20813690265997e-07,-2.48289944541657e-07,1.44929801026984e-07,-6.41266305045809e-08,2.18134566285725e-08,-7.20813690265997e-07,-6.56834314100411e-07
1.3975741943855e-06,-4.82431677701588e-07,-9.00042186148294e-07,-4.58688829343437e-07,-2.48289944541657e-07,-1.05075645771981e-06,-4.82431677701588e-07,1.70116068240256e-07,2.79436179765299e-07,1.36473574490317e-07,1.44929801026984e-07,3.32980533388997e-07,-9.00042186148294e-07,2.79436179765299e-07,5.04711171978928e-07,3.46948427613462e-07,-6.41266305045809e-08,3.80541747493107e-07,-4.58688829343437e-07,1.36473574490317e-07,3.46948427613462e-07,1.88044094518033e-07,2.18134566285725e-08,3.97077015491479e-07,-2.48289944541657e-07,1.44929801026984e-07,-6.41266305045809e-08,2.18134566285725e-08,-7.20813690265997e-07,-6.56834314100411e-07,-1.05075645771981e-06,3.32980533388997e-07,3.80541747493107e-07,3.97077015491479e-07,-6.56834314100411e-07,-4.75276678394292e-07
