"Mkt.RF","SMB","HML","RMW","CMA","MOM"
0.000119975551494447,-1.45667943337529e-05,-1.57824179973107e-05,-3.47345690619258e-05,5.33511042675606e-06,-4.68692991598149e-05
-1.45667943337529e-05,2.34414759476527e-05,-2.22205247060487e-06,-5.19961572601321e-06,1.3355119656003e-06,8.58859774952981e-07
-1.57824179973107e-05,-2.22205247060487e-06,1.45884896543448e-05,5.98232092496209e-06,-2.58615906029712e-07,4.6266964077937e-06
-3.47345690619258e-05,-5.19961572601321e-06,5.98232092496209e-06,2.80550575222985e-05,-7.26780085511249e-06,2.27240222565395e-05
5.33511042675606e-06,1.3355119656003e-06,-2.58615906029712e-07,-7.26780085511249e-06,5.67053847600095e-06,-7.12801146778028e-06
-4.68692991598149e-05,8.58859774952981e-07,4.6266964077937e-06,2.27240222565395e-05,-7.12801146778028e-06,4.15350505686887e-05
