"V1","V2","V3","V4","V5","V6","V7","V8","V9","V10","V11","V12","V13","V14","V15","V16","V17","V18","V19","V20","V21","V22","V23","V24","V25","V26","V27","V28","V29","V30","V31","V32","V33","V34","V35","V36"
-1.52822701336453e-07,-1.10779042606139e-08,9.04522177661093e-09,2.06631653271455e-08,1.0337743698188e-08,-4.4383487578111e-08,-1.10779042606139e-08,9.05210802511767e-10,1.91575525145788e-08,-3.29890734102902e-09,9.30113178858842e-09,-8.90305364486196e-11,9.04522177661093e-09,1.91575525145788e-08,-6.29496759273069e-09,-7.00625277445436e-09,-1.66153402676003e-09,7.8884500145433e-09,2.06631653271455e-08,-3.29890734102902e-09,-7.00625277445436e-09,1.41696261035004e-09,-3.28802879506042e-09,6.38002689353992e-09,1.0337743698188e-08,9.30113178858842e-09,-1.66153402676003e-09,-3.28802879506042e-09,-5.27861200596798e-09,5.13475767487126e-09,-4.4383487578111e-08,-8.90305364486196e-11,7.8884500145433e-09,6.38002689353992e-09,5.13475767487126e-09,-9.09554650625761e-09
-1.10779042606139e-08,9.05210802511767e-10,1.91575525145788e-08,-3.29890734102902e-09,9.30113178858842e-09,-8.90305364486196e-11,9.05210802511767e-10,-1.34358750679821e-08,1.49783976471131e-08,9.89022165363475e-10,-3.3920190912752e-09,-1.53756682148238e-08,1.91575525145788e-08,1.49783976471131e-08,-2.80289665969908e-08,2.94162218871875e-09,6.84744534742243e-10,2.35337291246318e-08,-3.29890734102902e-09,9.89022165363475e-10,2.94162218871875e-09,-1.9465532868324e-09,2.8467334242501e-10,-2.9431463323106e-09,9.30113178858842e-09,-3.3920190912752e-09,6.84744534742243e-10,2.8467334242501e-10,1.41680363345864e-09,1.24054678656116e-09,-8.90305364486196e-11,-1.53756682148238e-08,2.35337291246318e-08,-2.9431463323106e-09,1.24054678656116e-09,-1.64119158167489e-08
9.04522177661093e-09,1.91575525145788e-08,-6.29496759273069e-09,-7.00625277445436e-09,-1.66153402676003e-09,7.8884500145433e-09,1.91575525145788e-08,1.49783976471131e-08,-2.80289665969908e-08,2.94162218871875e-09,6.84744534742243e-10,2.35337291246318e-08,-6.29496759273069e-09,-2.80289665969908e-08,1.94459044049677e-08,4.44801483625813e-09,-3.70160123833202e-09,-2.08342225781071e-08,-7.00625277445436e-09,2.94162218871875e-09,4.44801483625813e-09,-3.28175332952106e-09,3.15916681936183e-09,-1.44859368695705e-09,-1.66153402676003e-09,6.84744534742243e-10,-3.70160123833202e-09,3.15916681936183e-09,-1.34928728520505e-09,4.60008933750799e-10,7.8884500145433e-09,2.35337291246318e-08,-2.08342225781071e-08,-1.44859368695705e-09,4.60008933750799e-10,1.5684974185325e-08
2.06631653271455e-08,-3.29890734102902e-09,-7.00625277445436e-09,1.41696261035004e-09,-3.28802879506042e-09,6.38002689353992e-09,-3.29890734102902e-09,9.89022165363475e-10,2.94162218871875e-09,-1.9465532868324e-09,2.8467334242501e-10,-2.9431463323106e-09,-7.00625277445436e-09,2.94162218871875e-09,4.44801483625813e-09,-3.28175332952106e-09,3.15916681936183e-09,-1.44859368695705e-09,1.41696261035004e-09,-1.9465532868324e-09,-3.28175332952106e-09,2.3191660872694e-09,-1.84389596264356e-09,1.53338771144753e-09,-3.28802879506042e-09,2.8467334242501e-10,3.15916681936183e-09,-1.84389596264356e-09,2.13625245017547e-09,-2.08413098295176e-09,6.38002689353992e-09,-2.9431463323106e-09,-1.44859368695705e-09,1.53338771144753e-09,-2.08413098295176e-09,1.73558665448608e-09
1.0337743698188e-08,9.30113178858842e-09,-1.66153402676003e-09,-3.28802879506042e-09,-5.27861200596798e-09,5.13475767487126e-09,9.30113178858842e-09,-3.3920190912752e-09,6.84744534742243e-10,2.8467334242501e-10,1.41680363345864e-09,1.24054678656116e-09,-1.66153402676003e-09,6.84744534742243e-10,-3.70160123833202e-09,3.15916681936183e-09,-1.34928728520505e-09,4.60008933750799e-10,-3.28802879506042e-09,2.8467334242501e-10,3.15916681936183e-09,-1.84389596264356e-09,2.13625245017547e-09,-2.08413098295176e-09,-5.27861200596798e-09,1.41680363345864e-09,-1.34928728520505e-09,2.13625245017547e-09,1.59683333322398e-10,-8.40300780612153e-10,5.13475767487126e-09,1.24054678656116e-09,4.60008933750799e-10,-2.08413098295176e-09,-8.40300780612153e-10,-1.09285576321856e-09
-4.4383487578111e-08,-8.90305364486196e-11,7.8884500145433e-09,6.38002689353992e-09,5.13475767487126e-09,-9.09554650625761e-09,-8.90305364486196e-11,-1.53756682148238e-08,2.35337291246318e-08,-2.9431463323106e-09,1.24054678656116e-09,-1.64119158167489e-08,7.8884500145433e-09,2.35337291246318e-08,-2.08342225781071e-08,-1.44859368695705e-09,4.60008933750799e-10,1.5684974185325e-08,6.38002689353992e-09,-2.9431463323106e-09,-1.44859368695705e-09,1.53338771144753e-09,-2.08413098295176e-09,1.73558665448608e-09,5.13475767487126e-09,1.24054678656116e-09,4.60008933750799e-10,-2.08413098295176e-09,-8.40300780612153e-10,-1.09285576321856e-09,-9.09554650625761e-09,-1.64119158167489e-08,1.5684974185325e-08,1.73558665448608e-09,-1.09285576321856e-09,-1.07320612497887e-08
