"V1","V2","V3","V4","V5","V6","V7","V8","V9","V10","V11","V12","V13","V14","V15","V16","V17","V18","V19","V20","V21","V22","V23","V24","V25","V26","V27","V28","V29","V30","V31","V32","V33","V34","V35","V36"
5.00164905380347e-07,-1.3086637772413e-08,-1.20321898699018e-07,-1.23835141459705e-07,4.2741823985872e-08,-2.11270371636264e-07,-1.3086637772413e-08,-4.11738494853928e-08,2.84610671024872e-09,2.68637513821559e-08,-2.22016898245675e-09,1.89170077194618e-08,-1.20321898699018e-07,2.84610671024872e-09,6.24021140969089e-08,5.14753874290198e-08,-1.84141933699048e-08,6.57573833912879e-08,-1.23835141459705e-07,2.68637513821559e-08,5.14753874290198e-08,5.59730132377015e-08,-2.86524637956692e-08,7.29842258158152e-08,4.2741823985872e-08,-2.22016898245675e-09,-1.84141933699048e-08,-2.86524637956692e-08,1.85331425203298e-08,-1.95046274295511e-08,-2.11270371636264e-07,1.89170077194618e-08,6.57573833912879e-08,7.29842258158152e-08,-1.95046274295511e-08,1.23517679276867e-07
-1.3086637772413e-08,-4.11738494853928e-08,2.84610671024872e-09,2.68637513821559e-08,-2.22016898245675e-09,1.89170077194618e-08,-4.11738494853928e-08,6.26506600875163e-08,9.46343375596323e-09,-3.95614017212257e-08,8.35208192178502e-09,1.39292465514468e-10,2.84610671024872e-09,9.46343375596323e-09,2.55371646356428e-09,1.8346365863338e-08,-4.54060860307124e-09,-1.05891162130628e-08,2.68637513821559e-08,-3.95614017212257e-08,1.8346365863338e-08,-1.01923146138989e-09,7.78165076013907e-10,-1.90337397393801e-09,-2.22016898245675e-09,8.35208192178502e-09,-4.54060860307124e-09,7.78165076013907e-10,2.14892709368031e-09,-3.51070784971224e-09,1.89170077194618e-08,1.39292465514468e-10,-1.05891162130628e-08,-1.90337397393801e-09,-3.51070784971224e-09,1.9312610543012e-08
-1.20321898699018e-07,2.84610671024872e-09,6.24021140969089e-08,5.14753874290198e-08,-1.84141933699048e-08,6.57573833912879e-08,2.84610671024872e-09,9.46343375596323e-09,2.55371646356428e-09,1.8346365863338e-08,-4.54060860307124e-09,-1.05891162130628e-08,6.24021140969089e-08,2.55371646356428e-09,-1.64319767084816e-08,-4.26565351634189e-08,1.56390199561806e-08,-4.33118695816328e-08,5.14753874290198e-08,1.8346365863338e-08,-4.26565351634189e-08,-2.50333978491315e-08,4.03823175176929e-09,-2.93125615513994e-08,-1.84141933699048e-08,-4.54060860307124e-09,1.56390199561806e-08,4.03823175176929e-09,-2.1295363255365e-10,1.82939582681214e-09,6.57573833912879e-08,-1.05891162130628e-08,-4.33118695816328e-08,-2.93125615513994e-08,1.82939582681214e-09,-2.12640846070486e-08
-1.23835141459705e-07,2.68637513821559e-08,5.14753874290198e-08,5.59730132377015e-08,-2.86524637956692e-08,7.29842258158152e-08,2.68637513821559e-08,-3.95614017212257e-08,1.8346365863338e-08,-1.01923146138989e-09,7.78165076013907e-10,-1.90337397393801e-09,5.14753874290198e-08,1.8346365863338e-08,-4.26565351634189e-08,-2.50333978491315e-08,4.03823175176929e-09,-2.93125615513994e-08,5.59730132377015e-08,-1.01923146138989e-09,-2.50333978491315e-08,-3.93274455409692e-08,2.04155521629765e-08,-4.69178918865793e-08,-2.86524637956692e-08,7.78165076013907e-10,4.03823175176929e-09,2.04155521629765e-08,-1.12576240225598e-08,1.57047727175061e-08,7.29842258158152e-08,-1.90337397393801e-09,-2.93125615513994e-08,-4.69178918865793e-08,1.57047727175061e-08,-7.33552866152071e-08
4.2741823985872e-08,-2.22016898245675e-09,-1.84141933699048e-08,-2.86524637956692e-08,1.85331425203298e-08,-1.95046274295511e-08,-2.22016898245675e-09,8.35208192178502e-09,-4.54060860307124e-09,7.78165076013907e-10,2.14892709368031e-09,-3.51070784971224e-09,-1.84141933699048e-08,-4.54060860307124e-09,1.56390199561806e-08,4.03823175176929e-09,-2.1295363255365e-10,1.82939582681214e-09,-2.86524637956692e-08,7.78165076013907e-10,4.03823175176929e-09,2.04155521629765e-08,-1.12576240225598e-08,1.57047727175061e-08,1.85331425203298e-08,2.14892709368031e-09,-2.1295363255365e-10,-1.12576240225598e-08,6.69240495397639e-09,-1.19085461593095e-08,-1.95046274295511e-08,-3.51070784971224e-09,1.82939582681214e-09,1.57047727175061e-08,-1.19085461593095e-08,2.52509333798333e-08
-2.11270371636264e-07,1.89170077194618e-08,6.57573833912879e-08,7.29842258158152e-08,-1.95046274295511e-08,1.23517679276867e-07,1.89170077194618e-08,1.39292465514468e-10,-1.05891162130628e-08,-1.90337397393801e-09,-3.51070784971224e-09,1.9312610543012e-08,6.57573833912879e-08,-1.05891162130628e-08,-4.33118695816328e-08,-2.93125615513994e-08,1.82939582681214e-09,-2.12640846070486e-08,7.29842258158152e-08,-1.90337397393801e-09,-2.93125615513994e-08,-4.69178918865793e-08,1.57047727175061e-08,-7.33552866152071e-08,-1.95046274295511e-08,-3.51070784971224e-09,1.82939582681214e-09,1.57047727175061e-08,-1.19085461593095e-08,2.52509333798333e-08,1.23517679276867e-07,1.9312610543012e-08,-2.12640846070486e-08,-7.33552866152071e-08,2.52509333798333e-08,-1.50105592782837e-07
