"Mkt.RF","SMB","HML","RMW","CMA","MOM"
4.24069864328322e-05,-2.94507967107248e-06,-7.03446042561939e-06,-2.47508946494981e-06,-9.30409136715842e-06,1.45802019568955e-05
-2.94507967107248e-06,1.68787218002376e-05,-5.89265728465025e-06,-3.62797150957961e-06,-1.64493683065533e-06,9.51361556398565e-06
-7.03446042561939e-06,-5.89265728465025e-06,8.68534333739169e-06,1.17138670087594e-06,4.40647521469271e-06,-8.47834532386357e-06
-2.47508946494981e-06,-3.62797150957961e-06,1.17138670087594e-06,4.57906283245212e-06,-2.44875910219929e-07,-4.2806203431865e-06
-9.30409136715842e-06,-1.64493683065533e-06,4.40647521469271e-06,-2.44875910219929e-07,6.92894213295302e-06,-5.387919098227e-06
1.45802019568955e-05,9.51361556398565e-06,-8.47834532386357e-06,-4.2806203431865e-06,-5.387919098227e-06,1.89289082145106e-05
