"V1","V2","V3","V4","V5","V6","V7","V8","V9","V10","V11","V12","V13","V14","V15","V16","V17","V18","V19","V20","V21","V22","V23","V24","V25","V26","V27","V28","V29","V30","V31","V32","V33","V34","V35","V36"
3.16370570268696e-08,-7.42166569982136e-09,5.96588345508324e-08,-4.26951579157727e-08,2.69634172242309e-08,-6.07257819715565e-08,-7.42166569982136e-09,-2.55814513804667e-08,2.47441265588564e-08,-2.61166288597975e-10,4.93433880954699e-09,-1.28461876929883e-09,5.96588345508324e-08,2.47441265588564e-08,9.96693977653051e-09,-8.65564541928561e-09,4.48131232408544e-09,-2.05175556477098e-08,-4.26951579157727e-08,-2.61166288597975e-10,-8.65564541928561e-09,4.19058822403789e-09,-8.32457558162059e-10,9.36826082059871e-09,2.69634172242309e-08,4.93433880954699e-09,4.48131232408544e-09,-8.32457558162059e-10,6.27528038909983e-09,4.25102080220246e-09,-6.07257819715565e-08,-1.28461876929883e-09,-2.05175556477098e-08,9.36826082059871e-09,4.25102080220246e-09,2.88114177779141e-08
-7.42166569982136e-09,-2.55814513804667e-08,2.47441265588564e-08,-2.61166288597975e-10,4.93433880954699e-09,-1.28461876929883e-09,-2.55814513804667e-08,9.52345861980752e-09,3.11191637129074e-09,-9.72684838975059e-09,1.03542939886617e-08,-2.43666843119201e-10,2.47441265588564e-08,3.11191637129074e-09,2.9274139577421e-09,2.60637526805253e-09,-6.68159675394968e-09,-6.774950867521e-09,-2.61166288597975e-10,-9.72684838975059e-09,2.60637526805253e-09,-1.7434283955403e-09,3.74665903238548e-09,7.76164594602449e-09,4.93433880954699e-09,1.03542939886617e-08,-6.68159675394968e-09,3.74665903238548e-09,-7.90028372252673e-09,5.34569331898364e-10,-1.28461876929883e-09,-2.43666843119201e-10,-6.774950867521e-09,7.76164594602449e-09,5.34569331898364e-10,1.03596596496795e-08
5.96588345508324e-08,2.47441265588564e-08,9.96693977653051e-09,-8.65564541928561e-09,4.48131232408544e-09,-2.05175556477098e-08,2.47441265588564e-08,3.11191637129074e-09,2.9274139577421e-09,2.60637526805253e-09,-6.68159675394968e-09,-6.774950867521e-09,9.96693977653051e-09,2.9274139577421e-09,2.59370753589856e-08,-1.07978182747526e-08,7.80098374987503e-09,-9.67403911439948e-09,-8.65564541928561e-09,2.60637526805253e-09,-1.07978182747526e-08,6.15041323073238e-09,-3.20768846919807e-09,-6.1075108458176e-09,4.48131232408544e-09,-6.68159675394968e-09,7.80098374987503e-09,-3.20768846919807e-09,3.82924779386667e-09,2.83450183430385e-09,-2.05175556477098e-08,-6.774950867521e-09,-9.67403911439948e-09,-6.1075108458176e-09,2.83450183430385e-09,3.95155339743861e-08
-4.26951579157727e-08,-2.61166288597975e-10,-8.65564541928561e-09,4.19058822403789e-09,-8.32457558162059e-10,9.36826082059871e-09,-2.61166288597975e-10,-9.72684838975059e-09,2.60637526805253e-09,-1.7434283955403e-09,3.74665903238548e-09,7.76164594602449e-09,-8.65564541928561e-09,2.60637526805253e-09,-1.07978182747526e-08,6.15041323073238e-09,-3.20768846919807e-09,-6.1075108458176e-09,4.19058822403789e-09,-1.7434283955403e-09,6.15041323073238e-09,-7.15909822709185e-09,3.95195731702979e-09,1.16598371013671e-08,-8.32457558162059e-10,3.74665903238548e-09,-3.20768846919807e-09,3.95195731702979e-09,-2.05642151512924e-09,-6.98243283960337e-09,9.36826082059871e-09,7.76164594602449e-09,-6.1075108458176e-09,1.16598371013671e-08,-6.98243283960337e-09,-2.89134152138665e-08
2.69634172242309e-08,4.93433880954699e-09,4.48131232408544e-09,-8.32457558162059e-10,6.27528038909983e-09,4.25102080220246e-09,4.93433880954699e-09,1.03542939886617e-08,-6.68159675394968e-09,3.74665903238548e-09,-7.90028372252673e-09,5.34569331898364e-10,4.48131232408544e-09,-6.68159675394968e-09,7.80098374987503e-09,-3.20768846919807e-09,3.82924779386667e-09,2.83450183430385e-09,-8.32457558162059e-10,3.74665903238548e-09,-3.20768846919807e-09,3.95195731702979e-09,-2.05642151512924e-09,-6.98243283960337e-09,6.27528038909983e-09,-7.90028372252673e-09,3.82924779386667e-09,-2.05642151512924e-09,3.15761912545648e-09,5.15003347563866e-10,4.25102080220246e-09,5.34569331898364e-10,2.83450183430385e-09,-6.98243283960337e-09,5.15003347563866e-10,7.0785515946956e-09
-6.07257819715565e-08,-1.28461876929883e-09,-2.05175556477098e-08,9.36826082059871e-09,4.25102080220246e-09,2.88114177779141e-08,-1.28461876929883e-09,-2.43666843119201e-10,-6.774950867521e-09,7.76164594602449e-09,5.34569331898364e-10,1.03596596496795e-08,-2.05175556477098e-08,-6.774950867521e-09,-9.67403911439948e-09,-6.1075108458176e-09,2.83450183430385e-09,3.95155339743861e-08,9.36826082059871e-09,7.76164594602449e-09,-6.1075108458176e-09,1.16598371013671e-08,-6.98243283960337e-09,-2.89134152138665e-08,4.25102080220246e-09,5.34569331898364e-10,2.83450183430385e-09,-6.98243283960337e-09,5.15003347563866e-10,7.0785515946956e-09,2.88114177779141e-08,1.03596596496795e-08,3.95155339743861e-08,-2.89134152138665e-08,7.0785515946956e-09,-4.27737876110346e-09
