"V1","V2","V3","V4","V5","V6","V7","V8","V9","V10","V11","V12","V13","V14","V15","V16","V17","V18","V19","V20","V21","V22","V23","V24","V25","V26","V27","V28","V29","V30","V31","V32","V33","V34","V35","V36"
1.87713804809536e-08,-4.61010578715385e-08,1.51559158555127e-08,9.48461142523104e-09,1.39690313095317e-08,4.35335497316085e-09,-4.61010578715385e-08,1.53383238375397e-08,1.71911676687705e-08,1.89201252446556e-10,1.62477147802414e-08,-2.08865873503765e-08,1.51559158555127e-08,1.71911676687705e-08,-1.72413886975777e-08,-1.00603912391102e-08,-2.04934063415576e-08,6.16124890918805e-09,9.48461142523104e-09,1.89201252446556e-10,-1.00603912391102e-08,3.15325800805164e-09,-5.09947946821824e-09,4.84080392940501e-09,1.39690313095317e-08,1.62477147802414e-08,-2.04934063415576e-08,-5.09947946821824e-09,-1.08839372744086e-08,3.54675753844649e-09,4.35335497316085e-09,-2.08865873503765e-08,6.16124890918805e-09,4.84080392940501e-09,3.54675753844649e-09,1.28327635604017e-08
-4.61010578715385e-08,1.53383238375397e-08,1.71911676687705e-08,1.89201252446556e-10,1.62477147802414e-08,-2.08865873503765e-08,1.53383238375397e-08,-1.31747867876291e-09,7.43934959506328e-10,4.75478852859642e-09,1.1378851633982e-09,-1.65193630933088e-10,1.71911676687705e-08,7.43934959506328e-10,-7.16844076791678e-09,-2.0730759300774e-09,-8.06431023394634e-09,7.81314845842011e-09,1.89201252446556e-10,4.75478852859642e-09,-2.0730759300774e-09,-1.38238729791766e-09,-2.06839663633292e-09,2.4054680641681e-09,1.62477147802414e-08,1.1378851633982e-09,-8.06431023394634e-09,-2.06839663633292e-09,-5.98679122406697e-09,9.01751712950747e-09,-2.08865873503765e-08,-1.65193630933088e-10,7.81314845842011e-09,2.4054680641681e-09,9.01751712950747e-09,-8.03996460549184e-09
1.51559158555127e-08,1.71911676687705e-08,-1.72413886975777e-08,-1.00603912391102e-08,-2.04934063415576e-08,6.16124890918805e-09,1.71911676687705e-08,7.43934959506328e-10,-7.16844076791678e-09,-2.0730759300774e-09,-8.06431023394634e-09,7.81314845842011e-09,-1.72413886975777e-08,-7.16844076791678e-09,5.14375393148407e-08,9.17804435815383e-09,3.4552099368537e-08,-2.23670746007998e-08,-1.00603912391102e-08,-2.0730759300774e-09,9.17804435815383e-09,8.3043977424168e-09,4.54878363935031e-09,-3.55418780576745e-09,-2.04934063415576e-08,-8.06431023394634e-09,3.4552099368537e-08,4.54878363935031e-09,2.83104864046933e-08,-1.81775517966861e-08,6.16124890918805e-09,7.81314845842011e-09,-2.23670746007998e-08,-3.55418780576745e-09,-1.81775517966861e-08,1.00665102867208e-08
9.48461142523104e-09,1.89201252446556e-10,-1.00603912391102e-08,3.15325800805164e-09,-5.09947946821824e-09,4.84080392940501e-09,1.89201252446556e-10,4.75478852859642e-09,-2.0730759300774e-09,-1.38238729791766e-09,-2.06839663633292e-09,2.4054680641681e-09,-1.00603912391102e-08,-2.0730759300774e-09,9.17804435815383e-09,8.3043977424168e-09,4.54878363935031e-09,-3.55418780576745e-09,3.15325800805164e-09,-1.38238729791766e-09,8.3043977424168e-09,-1.83853680458149e-09,2.66107091121695e-09,-3.32351943383232e-09,-5.09947946821824e-09,-2.06839663633292e-09,4.54878363935031e-09,2.66107091121695e-09,-4.21999456141255e-10,-7.59803323355774e-10,4.84080392940501e-09,2.4054680641681e-09,-3.55418780576745e-09,-3.32351943383232e-09,-7.59803323355774e-10,-6.05715927575931e-10
1.39690313095317e-08,1.62477147802414e-08,-2.04934063415576e-08,-5.09947946821824e-09,-1.08839372744086e-08,3.54675753844649e-09,1.62477147802414e-08,1.1378851633982e-09,-8.06431023394634e-09,-2.06839663633292e-09,-5.98679122406697e-09,9.01751712950747e-09,-2.04934063415576e-08,-8.06431023394634e-09,3.4552099368537e-08,4.54878363935031e-09,2.83104864046933e-08,-1.81775517966861e-08,-5.09947946821824e-09,-2.06839663633292e-09,4.54878363935031e-09,2.66107091121695e-09,-4.21999456141255e-10,-7.59803323355774e-10,-1.08839372744086e-08,-5.98679122406697e-09,2.83104864046933e-08,-4.21999456141255e-10,1.60241329899738e-08,-1.13168886186237e-08,3.54675753844649e-09,9.01751712950747e-09,-1.81775517966861e-08,-7.59803323355774e-10,-1.13168886186237e-08,3.97874726385603e-09
4.35335497316085e-09,-2.08865873503765e-08,6.16124890918805e-09,4.84080392940501e-09,3.54675753844649e-09,1.28327635604017e-08,-2.08865873503765e-08,-1.65193630933088e-10,7.81314845842011e-09,2.4054680641681e-09,9.01751712950747e-09,-8.03996460549184e-09,6.16124890918805e-09,7.81314845842011e-09,-2.23670746007998e-08,-3.55418780576745e-09,-1.81775517966861e-08,1.00665102867208e-08,4.84080392940501e-09,2.4054680641681e-09,-3.55418780576745e-09,-3.32351943383232e-09,-7.59803323355774e-10,-6.05715927575931e-10,3.54675753844649e-09,9.01751712950747e-09,-1.81775517966861e-08,-7.59803323355774e-10,-1.13168886186237e-08,3.97874726385603e-09,1.28327635604017e-08,-8.03996460549184e-09,1.00665102867208e-08,-6.05715927575931e-10,3.97874726385603e-09,8.21737982150659e-09
