"V1","V2","V3","V4","V5","V6","V7","V8","V9","V10","V11","V12","V13","V14","V15","V16","V17","V18","V19","V20","V21","V22","V23","V24","V25","V26","V27","V28","V29","V30","V31","V32","V33","V34","V35","V36"
9.31501508822405e-08,9.23642600695125e-09,5.47621831562224e-08,1.18611984733099e-08,-7.41931344019544e-09,-3.76312379896419e-08,9.23642600695125e-09,1.04207795103555e-07,7.22020593423338e-08,-2.58599671527692e-08,2.04204029021553e-08,-7.99854408601779e-08,5.47621831562224e-08,7.22020593423338e-08,-3.13321292926967e-09,3.77456498691206e-09,-7.9250777389485e-09,-3.11523435765622e-08,1.18611984733099e-08,-2.58599671527692e-08,3.77456498691206e-09,9.32065651420339e-09,5.3802246128388e-09,1.94637178279152e-08,-7.41931344019544e-09,2.04204029021553e-08,-7.9250777389485e-09,5.3802246128388e-09,-1.16635535061274e-08,-1.54063760854053e-08,-3.76312379896419e-08,-7.99854408601779e-08,-3.11523435765622e-08,1.94637178279152e-08,-1.54063760854053e-08,8.03678212979631e-08
9.23642600695125e-09,1.04207795103555e-07,7.22020593423338e-08,-2.58599671527692e-08,2.04204029021553e-08,-7.99854408601779e-08,1.04207795103555e-07,3.1578254698495e-07,1.42990058683059e-07,-3.6202913343696e-08,1.82444471090836e-08,-1.67584383435231e-07,7.22020593423338e-08,1.42990058683059e-07,6.19614696238868e-08,-2.73570160575441e-08,1.03708957831302e-08,-1.12494040000841e-07,-2.58599671527692e-08,-3.6202913343696e-08,-2.73570160575441e-08,-6.8299637836647e-10,-1.02136053185017e-09,4.89916650702031e-08,2.04204029021553e-08,1.82444471090836e-08,1.03708957831302e-08,-1.02136053185017e-09,-4.20390166649492e-10,-3.95788839443537e-08,-7.99854408601779e-08,-1.67584383435231e-07,-1.12494040000841e-07,4.89916650702031e-08,-3.95788839443537e-08,1.65712282733669e-07
5.47621831562224e-08,7.22020593423338e-08,-3.13321292926967e-09,3.77456498691206e-09,-7.9250777389485e-09,-3.11523435765622e-08,7.22020593423338e-08,1.42990058683059e-07,6.19614696238868e-08,-2.73570160575441e-08,1.03708957831302e-08,-1.12494040000841e-07,-3.13321292926967e-09,6.19614696238868e-08,4.47933393238158e-07,-1.12442541094646e-07,2.39605624207507e-07,-2.09153741887817e-07,3.77456498691206e-09,-2.73570160575441e-08,-1.12442541094646e-07,1.03087138593364e-07,-1.02775770597844e-07,6.79945949291636e-08,-7.9250777389485e-09,1.03708957831302e-08,2.39605624207507e-07,-1.02775770597844e-07,1.71023314364707e-07,-9.45294539617575e-08,-3.11523435765622e-08,-1.12494040000841e-07,-2.09153741887817e-07,6.79945949291636e-08,-9.45294539617575e-08,1.98226606221508e-07
1.18611984733099e-08,-2.58599671527692e-08,3.77456498691206e-09,9.32065651420339e-09,5.3802246128388e-09,1.94637178279152e-08,-2.58599671527692e-08,-3.6202913343696e-08,-2.73570160575441e-08,-6.8299637836647e-10,-1.02136053185017e-09,4.89916650702031e-08,3.77456498691206e-09,-2.73570160575441e-08,-1.12442541094646e-07,1.03087138593364e-07,-1.02775770597844e-07,6.79945949291636e-08,9.32065651420339e-09,-6.8299637836647e-10,1.03087138593364e-07,-2.39194592436001e-08,7.248414890774e-08,-1.8568709504729e-08,5.3802246128388e-09,-1.02136053185017e-09,-1.02775770597844e-07,7.248414890774e-08,-8.82004203498225e-08,4.29910760734384e-08,1.94637178279152e-08,4.89916650702031e-08,6.79945949291636e-08,-1.8568709504729e-08,4.29910760734384e-08,-5.24767024400163e-08
-7.41931344019544e-09,2.04204029021553e-08,-7.9250777389485e-09,5.3802246128388e-09,-1.16635535061274e-08,-1.54063760854053e-08,2.04204029021553e-08,1.82444471090836e-08,1.03708957831302e-08,-1.02136053185017e-09,-4.20390166649492e-10,-3.95788839443537e-08,-7.9250777389485e-09,1.03708957831302e-08,2.39605624207507e-07,-1.02775770597844e-07,1.71023314364707e-07,-9.45294539617575e-08,5.3802246128388e-09,-1.02136053185017e-09,-1.02775770597844e-07,7.248414890774e-08,-8.82004203498225e-08,4.29910760734384e-08,-1.16635535061274e-08,-4.20390166649492e-10,1.71023314364707e-07,-8.82004203498225e-08,1.31402015578603e-07,-5.66222106875611e-08,-1.54063760854053e-08,-3.95788839443537e-08,-9.45294539617575e-08,4.29910760734384e-08,-5.66222106875611e-08,8.79367609411951e-08
-3.76312379896419e-08,-7.99854408601779e-08,-3.11523435765622e-08,1.94637178279152e-08,-1.54063760854053e-08,8.03678212979631e-08,-7.99854408601779e-08,-1.67584383435231e-07,-1.12494040000841e-07,4.89916650702031e-08,-3.95788839443537e-08,1.65712282733669e-07,-3.11523435765622e-08,-1.12494040000841e-07,-2.09153741887817e-07,6.79945949291636e-08,-9.45294539617575e-08,1.98226606221508e-07,1.94637178279152e-08,4.89916650702031e-08,6.79945949291636e-08,-1.8568709504729e-08,4.29910760734384e-08,-5.24767024400163e-08,-1.54063760854053e-08,-3.95788839443537e-08,-9.45294539617575e-08,4.29910760734384e-08,-5.66222106875611e-08,8.79367609411951e-08,8.03678212979631e-08,1.65712282733669e-07,1.98226606221508e-07,-5.24767024400163e-08,8.79367609411951e-08,-2.1035943320556e-07
