"Mkt.RF","SMB","HML","RMW","CMA","MOM"
9.73510025664947e-05,3.66092045347105e-05,1.77321344261474e-05,-1.804872604011e-05,1.66845855888248e-05,1.24262585494261e-05
3.66092045347105e-05,3.2672476801871e-05,5.56639825389023e-06,-9.95901589148196e-06,8.36622568476253e-06,5.94348176481117e-06
1.77321344261474e-05,5.56639825389023e-06,2.05445231007162e-05,-7.88460990049088e-06,7.44097280509798e-06,-2.28898555895397e-06
-1.804872604011e-05,-9.95901589148196e-06,-7.88460990049088e-06,9.93864151997202e-06,-4.96233795513192e-06,-1.64751826241384e-06
1.66845855888248e-05,8.36622568476253e-06,7.44097280509798e-06,-4.96233795513192e-06,7.01032952781051e-06,8.9014773053911e-07
1.24262585494261e-05,5.94348176481117e-06,-2.28898555895397e-06,-1.64751826241384e-06,8.9014773053911e-07,1.57796934261616e-05
