"Mkt.RF","SMB","HML","RMW","CMA","MOM"
0.000175944829457375,4.04227027936454e-05,9.63717966938904e-05,-1.73794768877505e-05,2.05966524436806e-06,-0.000153084066507965
4.04227027936454e-05,4.00076913537219e-05,1.77147294782403e-05,-8.86342581566291e-07,2.4443764141177e-06,-3.19602656930324e-05
9.63717966938904e-05,1.77147294782403e-05,0.00010395696964907,-2.72097428735322e-05,4.78106301427502e-06,-0.000124460455346861
-1.73794768877505e-05,-8.86342581566291e-07,-2.72097428735322e-05,1.92786814250706e-05,-1.16788594273431e-06,2.81186992957092e-05
2.05966524436806e-06,2.4443764141177e-06,4.78106301427502e-06,-1.16788594273431e-06,8.79624728850165e-06,8.54266514017198e-07
-0.000153084066507965,-3.19602656930324e-05,-0.000124460455346861,2.81186992957092e-05,8.54266514017198e-07,0.000226908526486788
