"V1","V2","V3","V4","V5","V6","V7","V8","V9","V10","V11","V12","V13","V14","V15","V16","V17","V18","V19","V20","V21","V22","V23","V24","V25","V26","V27","V28","V29","V30","V31","V32","V33","V34","V35","V36"
9.20041206258975e-08,-7.68261715104181e-08,-9.33797052678736e-09,2.38377715850375e-08,-9.25176698347909e-09,1.65282225080715e-08,-7.68261715104181e-08,5.87189566751559e-08,1.53365531203027e-08,-1.94939067281627e-08,7.50562831922136e-09,-1.4937352093608e-08,-9.33797052678736e-09,1.53365531203027e-08,6.09648585339729e-09,-8.71340857841112e-09,-2.56265068787872e-09,5.93050484639644e-09,2.38377715850375e-08,-1.94939067281627e-08,-8.71340857841112e-09,9.76872223784275e-09,-1.67957181116831e-10,1.40845389333437e-09,-9.25176698347909e-09,7.50562831922136e-09,-2.56265068787872e-09,-1.67957181116831e-10,3.56929413807174e-09,-2.05066591258229e-09,1.65282225080715e-08,-1.4937352093608e-08,5.93050484639644e-09,1.40845389333437e-09,-2.05066591258229e-09,9.96059585102322e-09
-7.68261715104181e-08,5.87189566751559e-08,1.53365531203027e-08,-1.94939067281627e-08,7.50562831922136e-09,-1.4937352093608e-08,5.87189566751559e-08,-4.93250157527357e-08,-3.62376014210902e-09,1.63017065194105e-08,4.93448966075513e-09,5.44013847261674e-09,1.53365531203027e-08,-3.62376014210902e-09,-1.61960660752283e-08,6.21255816355761e-09,-4.74373492530593e-09,2.85029978487994e-09,-1.94939067281627e-08,1.63017065194105e-08,6.21255816355761e-09,-7.94782297863392e-09,-3.91043988296707e-10,-1.03914738844662e-09,7.50562831922136e-09,4.93448966075513e-09,-4.74373492530593e-09,-3.91043988296707e-10,-9.70698267890792e-09,7.12128166243059e-09,-1.4937352093608e-08,5.44013847261674e-09,2.85029978487994e-09,-1.03914738844662e-09,7.12128166243059e-09,-1.32613104760864e-08
-9.33797052678736e-09,1.53365531203027e-08,6.09648585339729e-09,-8.71340857841112e-09,-2.56265068787872e-09,5.93050484639644e-09,1.53365531203027e-08,-3.62376014210902e-09,-1.61960660752283e-08,6.21255816355761e-09,-4.74373492530593e-09,2.85029978487994e-09,6.09648585339729e-09,-1.61960660752283e-08,1.64060027329374e-08,3.02450499809154e-09,9.53079671716939e-09,-9.46097837899313e-09,-8.71340857841112e-09,6.21255816355761e-09,3.02450499809154e-09,-5.21747329826524e-10,-3.36282808460685e-10,2.13840807040802e-09,-2.56265068787872e-09,-4.74373492530593e-09,9.53079671716939e-09,-3.36282808460685e-10,1.13188951743795e-08,-7.43727040777167e-09,5.93050484639644e-09,2.85029978487994e-09,-9.46097837899313e-09,2.13840807040802e-09,-7.43727040777167e-09,2.19413348688282e-08
2.38377715850375e-08,-1.94939067281627e-08,-8.71340857841112e-09,9.76872223784275e-09,-1.67957181116831e-10,1.40845389333437e-09,-1.94939067281627e-08,1.63017065194105e-08,6.21255816355761e-09,-7.94782297863392e-09,-3.91043988296707e-10,-1.03914738844662e-09,-8.71340857841112e-09,6.21255816355761e-09,3.02450499809154e-09,-5.21747329826524e-10,-3.36282808460685e-10,2.13840807040802e-09,9.76872223784275e-09,-7.94782297863392e-09,-5.21747329826524e-10,4.78338389084219e-09,1.17547054435655e-09,-3.48857077822631e-09,-1.67957181116831e-10,-3.91043988296707e-10,-3.36282808460685e-10,1.17547054435655e-09,-2.75273954246777e-10,-4.4833703456261e-10,1.40845389333437e-09,-1.03914738844662e-09,2.13840807040802e-09,-3.48857077822631e-09,-4.4833703456261e-10,-4.68353465889763e-09
-9.25176698347909e-09,7.50562831922136e-09,-2.56265068787872e-09,-1.67957181116831e-10,3.56929413807174e-09,-2.05066591258229e-09,7.50562831922136e-09,4.93448966075513e-09,-4.74373492530593e-09,-3.91043988296707e-10,-9.70698267890792e-09,7.12128166243059e-09,-2.56265068787872e-09,-4.74373492530593e-09,9.53079671716939e-09,-3.36282808460685e-10,1.13188951743795e-08,-7.43727040777167e-09,-1.67957181116831e-10,-3.91043988296707e-10,-3.36282808460685e-10,1.17547054435655e-09,-2.75273954246777e-10,-4.4833703456261e-10,3.56929413807174e-09,-9.70698267890792e-09,1.13188951743795e-08,-2.75273954246777e-10,1.29862319806505e-08,-7.74133649802422e-09,-2.05066591258229e-09,7.12128166243059e-09,-7.43727040777167e-09,-4.4833703456261e-10,-7.74133649802422e-09,1.57522809387602e-08
1.65282225080715e-08,-1.4937352093608e-08,5.93050484639644e-09,1.40845389333437e-09,-2.05066591258229e-09,9.96059585102322e-09,-1.4937352093608e-08,5.44013847261674e-09,2.85029978487994e-09,-1.03914738844662e-09,7.12128166243059e-09,-1.32613104760864e-08,5.93050484639644e-09,2.85029978487994e-09,-9.46097837899313e-09,2.13840807040802e-09,-7.43727040777167e-09,2.19413348688282e-08,1.40845389333437e-09,-1.03914738844662e-09,2.13840807040802e-09,-3.48857077822631e-09,-4.4833703456261e-10,-4.68353465889763e-09,-2.05066591258229e-09,7.12128166243059e-09,-7.43727040777167e-09,-4.4833703456261e-10,-7.74133649802422e-09,1.57522809387602e-08,9.96059585102322e-09,-1.32613104760864e-08,2.19413348688282e-08,-4.68353465889763e-09,1.57522809387602e-08,-3.25531584198244e-08
