"Mkt.RF","SMB","HML","RMW","CMA","MOM"
0.000392506683994285,-8.21264953113418e-05,-3.30936446680206e-05,-6.97365563149319e-05,2.68547352050443e-05,-0.000149675784526671
-8.21264953113418e-05,6.2691385664371e-05,8.3995320943785e-06,-5.2785878025807e-07,-2.73034079769445e-06,2.13652000796939e-05
-3.30936446680206e-05,8.3995320943785e-06,3.04897090394826e-05,-5.28622151726164e-06,3.60163215451755e-06,1.35553312396706e-05
-6.97365563149319e-05,-5.2785878025807e-07,-5.28622151726164e-06,6.27560198758179e-05,-1.61360115208448e-05,7.15758736657836e-05
2.68547352050443e-05,-2.73034079769445e-06,3.60163215451755e-06,-1.61360115208448e-05,1.96056892653637e-05,-2.34662457361507e-05
-0.000149675784526671,2.13652000796939e-05,1.35553312396706e-05,7.15758736657836e-05,-2.34662457361507e-05,0.000128445808020949
