"V1","V2","V3","V4","V5","V6","V7","V8","V9","V10","V11","V12","V13","V14","V15","V16","V17","V18","V19","V20","V21","V22","V23","V24","V25","V26","V27","V28","V29","V30","V31","V32","V33","V34","V35","V36"
-4.82426934324375e-09,-4.9838281387295e-08,-1.76115859528769e-07,6.90362427871551e-08,-5.38589820073005e-08,1.97678411454762e-07,-4.9838281387295e-08,1.31041141197163e-08,1.30695213802014e-07,1.16566374159555e-08,5.23534617939268e-08,-1.55300512046715e-07,-1.76115859528769e-07,1.30695213802014e-07,1.37422351818479e-07,-6.45038144278085e-08,4.44005865640052e-08,-6.66387459001321e-08,6.90362427871551e-08,1.16566374159555e-08,-6.45038144278085e-08,-2.51344427703289e-08,-5.33135382495245e-08,5.99799534743766e-08,-5.38589820073005e-08,5.23534617939268e-08,4.44005865640052e-08,-5.33135382495245e-08,3.28403646897908e-08,-6.7713323483575e-08,1.97678411454762e-07,-1.55300512046715e-07,-6.66387459001321e-08,5.99799534743766e-08,-6.7713323483575e-08,6.60790045952197e-08
-4.9838281387295e-08,1.31041141197163e-08,1.30695213802014e-07,1.16566374159555e-08,5.23534617939268e-08,-1.55300512046715e-07,1.31041141197163e-08,3.64729204322656e-08,-7.15414060763196e-08,-1.6322472430758e-09,-6.02709161728361e-09,8.98798569834728e-08,1.30695213802014e-07,-7.15414060763196e-08,-1.01108622493011e-07,-1.2202180837299e-08,-4.42037577242108e-08,6.84507222825176e-08,1.16566374159555e-08,-1.6322472430758e-09,-1.2202180837299e-08,-4.78107583654362e-09,-9.74903071967425e-09,8.46141351636679e-09,5.23534617939268e-08,-6.02709161728361e-09,-4.42037577242108e-08,-9.74903071967425e-09,-3.20730312697788e-08,5.59391671149704e-08,-1.55300512046715e-07,8.98798569834728e-08,6.84507222825176e-08,8.46141351636679e-09,5.59391671149704e-08,-5.63052930024845e-08
-1.76115859528769e-07,1.30695213802014e-07,1.37422351818479e-07,-6.45038144278085e-08,4.44005865640052e-08,-6.66387459001321e-08,1.30695213802014e-07,-7.15414060763196e-08,-1.01108622493011e-07,-1.2202180837299e-08,-4.42037577242108e-08,6.84507222825176e-08,1.37422351818479e-07,-1.01108622493011e-07,-1.26919324047896e-07,7.81020098374859e-08,-6.96411463716336e-09,-1.93265108443781e-08,-6.45038144278085e-08,-1.2202180837299e-08,7.81020098374859e-08,3.15171034564786e-08,5.67485704821136e-08,-8.03967376924884e-08,4.44005865640052e-08,-4.42037577242108e-08,-6.96411463716336e-09,5.67485704821136e-08,-6.21012904160303e-09,-6.0910713409087e-09,-6.66387459001321e-08,6.84507222825176e-08,-1.93265108443781e-08,-8.03967376924884e-08,-6.0910713409087e-09,6.07050011044723e-08
6.90362427871551e-08,1.16566374159555e-08,-6.45038144278085e-08,-2.51344427703289e-08,-5.33135382495245e-08,5.99799534743766e-08,1.16566374159555e-08,-1.6322472430758e-09,-1.2202180837299e-08,-4.78107583654362e-09,-9.74903071967425e-09,8.46141351636679e-09,-6.45038144278085e-08,-1.2202180837299e-08,7.81020098374859e-08,3.15171034564786e-08,5.67485704821136e-08,-8.03967376924884e-08,-2.51344427703289e-08,-4.78107583654362e-09,3.15171034564786e-08,2.01004044234047e-08,3.03450213336443e-08,-3.44754731562357e-08,-5.33135382495245e-08,-9.74903071967425e-09,5.67485704821136e-08,3.03450213336443e-08,4.29386565604814e-08,-5.15317339998454e-08,5.99799534743766e-08,8.46141351636679e-09,-8.03967376924884e-08,-3.44754731562357e-08,-5.15317339998454e-08,8.76677135213874e-08
-5.38589820073005e-08,5.23534617939268e-08,4.44005865640052e-08,-5.33135382495245e-08,3.28403646897908e-08,-6.7713323483575e-08,5.23534617939268e-08,-6.02709161728361e-09,-4.42037577242108e-08,-9.74903071967425e-09,-3.20730312697788e-08,5.59391671149704e-08,4.44005865640052e-08,-4.42037577242108e-08,-6.96411463716336e-09,5.67485704821136e-08,-6.21012904160303e-09,-6.0910713409087e-09,-5.33135382495245e-08,-9.74903071967425e-09,5.67485704821136e-08,3.03450213336443e-08,4.29386565604814e-08,-5.15317339998454e-08,3.28403646897908e-08,-3.20730312697788e-08,-6.21012904160303e-09,4.29386565604814e-08,-8.44682780226726e-09,1.92966636109752e-08,-6.7713323483575e-08,5.59391671149704e-08,-6.0910713409087e-09,-5.15317339998454e-08,1.92966636109752e-08,1.31937248300271e-08
1.97678411454762e-07,-1.55300512046715e-07,-6.66387459001321e-08,5.99799534743766e-08,-6.7713323483575e-08,6.60790045952197e-08,-1.55300512046715e-07,8.98798569834728e-08,6.84507222825176e-08,8.46141351636679e-09,5.59391671149704e-08,-5.63052930024845e-08,-6.66387459001321e-08,6.84507222825176e-08,-1.93265108443781e-08,-8.03967376924884e-08,-6.0910713409087e-09,6.07050011044723e-08,5.99799534743766e-08,8.46141351636679e-09,-8.03967376924884e-08,-3.44754731562357e-08,-5.15317339998454e-08,8.76677135213874e-08,-6.7713323483575e-08,5.59391671149704e-08,-6.0910713409087e-09,-5.15317339998454e-08,1.92966636109752e-08,1.31937248300271e-08,6.60790045952197e-08,-5.63052930024845e-08,6.07050011044723e-08,8.76677135213874e-08,1.31937248300271e-08,-1.19696184824489e-07
