"Mkt.RF","SMB","HML","RMW","CMA","MOM"
5.2746708834369e-05,7.00606507430586e-06,7.00943722745927e-06,-9.49409323026894e-06,2.47831315324294e-06,1.56924220020311e-05
7.00606507430586e-06,1.29318416305437e-05,3.60467404186973e-06,-3.670958269452e-06,-8.22023488963268e-08,3.17907765789741e-07
7.00943722745927e-06,3.60467404186973e-06,1.27794537807771e-05,-4.48525206446938e-06,3.02819626016476e-06,2.32237757204383e-06
-9.49409323026894e-06,-3.670958269452e-06,-4.48525206446938e-06,7.77902015010559e-06,-1.23468789545148e-06,-4.98918179847052e-06
2.47831315324294e-06,-8.22023488963268e-08,3.02819626016476e-06,-1.23468789545148e-06,3.86960985600829e-06,2.45674418903584e-06
1.56924220020311e-05,3.17907765789741e-07,2.32237757204383e-06,-4.98918179847052e-06,2.45674418903584e-06,1.51502751152147e-05
