"Mkt.RF","SMB","HML","RMW","CMA","MOM"
5.11451892427203e-05,7.91909589779347e-06,-1.24936256791765e-06,-1.11615446109024e-05,-4.03194801893792e-06,2.05009037661816e-05
7.91909589779347e-06,1.27215894603521e-05,-2.07714229735179e-06,-3.5633058514999e-06,-2.57433691236509e-06,6.45896680692359e-06
-1.24936256791765e-06,-2.07714229735179e-06,9.51660674088867e-06,-1.00496808288912e-06,2.77117658903597e-06,-1.50455236321404e-06
-1.11615446109024e-05,-3.5633058514999e-06,-1.00496808288912e-06,8.80931258456511e-06,2.07302799434501e-06,-8.59491749928725e-06
-4.03194801893792e-06,-2.57433691236509e-06,2.77117658903597e-06,2.07302799434501e-06,4.38336109218978e-06,-3.52119331557645e-06
2.05009037661816e-05,6.45896680692359e-06,-1.50455236321404e-06,-8.59491749928725e-06,-3.52119331557645e-06,2.0082059324055e-05
