"Mkt.RF","SMB","HML","RMW","CMA","MOM"
4.475274381483e-05,9.24686393187209e-06,-8.97513712819174e-06,-8.89292754917424e-06,2.79999279444786e-06,-4.23179545453164e-06
9.24686393187209e-06,1.75432230388059e-05,-3.46087124548681e-06,-6.57250736535143e-06,1.23092484159136e-06,4.34278189308026e-06
-8.97513712819174e-06,-3.46087124548681e-06,1.32799212947065e-05,6.62967783985188e-06,-2.06905449032649e-06,1.16172513955713e-05
-8.89292754917424e-06,-6.57250736535143e-06,6.62967783985188e-06,1.44628119486807e-05,-4.53064494721344e-06,8.66186156815303e-06
2.79999279444786e-06,1.23092484159136e-06,-2.06905449032649e-06,-4.53064494721344e-06,4.81032845280329e-06,-3.50638204055727e-06
-4.23179545453164e-06,4.34278189308026e-06,1.16172513955713e-05,8.66186156815303e-06,-3.50638204055727e-06,2.87916369353619e-05
