"V1","V2","V3","V4","V5","V6","V7","V8","V9","V10","V11","V12","V13","V14","V15","V16","V17","V18","V19","V20","V21","V22","V23","V24","V25","V26","V27","V28","V29","V30","V31","V32","V33","V34","V35","V36"
9.76027714017623e-08,1.91347637853146e-09,-3.25989019977414e-08,1.45620694024539e-08,-1.77400963791154e-08,4.90397166474325e-08,1.91347637853146e-09,5.91256634911186e-08,2.27682837070247e-08,8.59370255912481e-09,9.39562802827916e-09,-1.15836072865976e-08,-3.25989019977414e-08,2.27682837070247e-08,2.79385112694144e-08,1.50138528908819e-09,8.50821965247678e-09,-2.15687581950509e-08,1.45620694024539e-08,8.59370255912481e-09,1.50138528908819e-09,1.64461849437102e-08,-2.31160907647606e-09,1.1685461319206e-08,-1.77400963791154e-08,9.39562802827916e-09,8.50821965247678e-09,-2.31160907647606e-09,1.32797190444245e-08,-1.65878972772785e-08,4.90397166474325e-08,-1.15836072865976e-08,-2.15687581950509e-08,1.1685461319206e-08,-1.65878972772785e-08,5.71406424900398e-08
1.91347637853146e-09,5.91256634911186e-08,2.27682837070247e-08,8.59370255912481e-09,9.39562802827916e-09,-1.15836072865976e-08,5.91256634911186e-08,-1.03167229053824e-08,-2.54646457898127e-09,1.52570054366254e-08,2.03508017883238e-09,1.59247946788418e-08,2.27682837070247e-08,-2.54646457898127e-09,3.35688388088721e-09,-4.64862228392174e-10,-3.36033691931045e-11,-5.68098620465374e-09,8.59370255912481e-09,1.52570054366254e-08,-4.64862228392174e-10,-8.60443984801676e-09,2.3713182769766e-09,2.21484279585279e-09,9.39562802827916e-09,2.03508017883238e-09,-3.36033691931045e-11,2.3713182769766e-09,3.72334758103982e-09,-2.93416536375902e-09,-1.15836072865976e-08,1.59247946788418e-08,-5.68098620465374e-09,2.21484279585279e-09,-2.93416536375902e-09,8.68093684274981e-09
-3.25989019977414e-08,2.27682837070247e-08,2.79385112694144e-08,1.50138528908819e-09,8.50821965247678e-09,-2.15687581950509e-08,2.27682837070247e-08,-2.54646457898127e-09,3.35688388088721e-09,-4.64862228392174e-10,-3.36033691931045e-11,-5.68098620465374e-09,2.79385112694144e-08,3.35688388088721e-09,3.25171065080078e-08,3.08270821484117e-08,1.42312275509315e-08,-5.5681783485657e-08,1.50138528908819e-09,-4.64862228392174e-10,3.08270821484117e-08,1.37811775044999e-08,1.2867038421945e-08,-4.99242369747491e-08,8.50821965247678e-09,-3.36033691931045e-11,1.42312275509315e-08,1.2867038421945e-08,-1.85805372798554e-09,-2.05821533045234e-08,-2.15687581950509e-08,-5.68098620465374e-09,-5.5681783485657e-08,-4.99242369747491e-08,-2.05821533045234e-08,8.84599531937373e-08
1.45620694024539e-08,8.59370255912481e-09,1.50138528908819e-09,1.64461849437102e-08,-2.31160907647606e-09,1.1685461319206e-08,8.59370255912481e-09,1.52570054366254e-08,-4.64862228392174e-10,-8.60443984801676e-09,2.3713182769766e-09,2.21484279585279e-09,1.50138528908819e-09,-4.64862228392174e-10,3.08270821484117e-08,1.37811775044999e-08,1.2867038421945e-08,-4.99242369747491e-08,1.64461849437102e-08,-8.60443984801676e-09,1.37811775044999e-08,9.62095155725564e-09,3.59185375431087e-09,-2.85972457833645e-08,-2.31160907647606e-09,2.3713182769766e-09,1.2867038421945e-08,3.59185375431087e-09,9.16420305595982e-09,-2.27455141162353e-08,1.1685461319206e-08,2.21484279585279e-09,-4.99242369747491e-08,-2.85972457833645e-08,-2.27455141162353e-08,7.04659123481686e-08
-1.77400963791154e-08,9.39562802827916e-09,8.50821965247678e-09,-2.31160907647606e-09,1.32797190444245e-08,-1.65878972772785e-08,9.39562802827916e-09,2.03508017883238e-09,-3.36033691931045e-11,2.3713182769766e-09,3.72334758103982e-09,-2.93416536375902e-09,8.50821965247678e-09,-3.36033691931045e-11,1.42312275509315e-08,1.2867038421945e-08,-1.85805372798554e-09,-2.05821533045234e-08,-2.31160907647606e-09,2.3713182769766e-09,1.2867038421945e-08,3.59185375431087e-09,9.16420305595982e-09,-2.27455141162353e-08,1.32797190444245e-08,3.72334758103982e-09,-1.85805372798554e-09,9.16420305595982e-09,-1.06495998365675e-08,7.4783944631273e-10,-1.65878972772785e-08,-2.93416536375902e-09,-2.05821533045234e-08,-2.27455141162353e-08,7.4783944631273e-10,3.41487444971974e-08
4.90397166474325e-08,-1.15836072865976e-08,-2.15687581950509e-08,1.1685461319206e-08,-1.65878972772785e-08,5.71406424900398e-08,-1.15836072865976e-08,1.59247946788418e-08,-5.68098620465374e-09,2.21484279585279e-09,-2.93416536375902e-09,8.68093684274981e-09,-2.15687581950509e-08,-5.68098620465374e-09,-5.5681783485657e-08,-4.99242369747491e-08,-2.05821533045234e-08,8.84599531937373e-08,1.1685461319206e-08,2.21484279585279e-09,-4.99242369747491e-08,-2.85972457833645e-08,-2.27455141162353e-08,7.04659123481686e-08,-1.65878972772785e-08,-2.93416536375902e-09,-2.05821533045234e-08,-2.27455141162353e-08,7.4783944631273e-10,3.41487444971974e-08,5.71406424900398e-08,8.68093684274981e-09,8.84599531937373e-08,7.04659123481686e-08,3.41487444971974e-08,-1.17405508555678e-07
