"V1","V2","V3","V4","V5","V6","V7","V8","V9","V10","V11","V12","V13","V14","V15","V16","V17","V18","V19","V20","V21","V22","V23","V24","V25","V26","V27","V28","V29","V30","V31","V32","V33","V34","V35","V36"
-2.51773057090676e-08,-3.37920819237117e-08,-1.39067683453401e-08,1.91179439200568e-08,-2.05568683866172e-08,2.83469202257251e-08,-3.37920819237117e-08,7.53516160067736e-09,4.16793898842627e-09,-6.0895990412141e-09,1.27714033086442e-08,-9.36836029770476e-09,-1.39067683453401e-08,4.16793898842627e-09,9.15139019853244e-09,-2.0120502477177e-09,7.52754500153024e-09,-5.93253496450103e-09,1.91179439200568e-08,-6.0895990412141e-09,-2.0120502477177e-09,-2.34581444874467e-09,-1.34305562894035e-09,5.4020696770085e-09,-2.05568683866172e-08,1.27714033086442e-08,7.52754500153024e-09,-1.34305562894035e-09,1.08308324320954e-08,-1.21410131570431e-08,2.83469202257251e-08,-9.36836029770476e-09,-5.93253496450103e-09,5.4020696770085e-09,-1.21410131570431e-08,9.2472279279786e-09
-3.37920819237117e-08,7.53516160067736e-09,4.16793898842627e-09,-6.0895990412141e-09,1.27714033086442e-08,-9.36836029770476e-09,7.53516160067736e-09,-6.59361232636151e-08,3.02794101799429e-08,2.36131230485262e-08,3.13140350345647e-09,-5.33027822555305e-08,4.16793898842627e-09,3.02794101799429e-08,-2.29630009076841e-08,-7.2672141247981e-09,-7.88147467318703e-09,3.34761603293246e-08,-6.0895990412141e-09,2.36131230485262e-08,-7.2672141247981e-09,-8.04830436165115e-09,-2.30477929690348e-09,1.73013195459622e-08,1.27714033086442e-08,3.13140350345647e-09,-7.88147467318703e-09,-2.30477929690348e-09,-9.30258224527194e-09,1.65847720482958e-08,-9.36836029770476e-09,-5.33027822555305e-08,3.34761603293246e-08,1.73013195459622e-08,1.65847720482958e-08,-6.24847483803354e-08
-1.39067683453401e-08,4.16793898842627e-09,9.15139019853244e-09,-2.0120502477177e-09,7.52754500153024e-09,-5.93253496450103e-09,4.16793898842627e-09,3.02794101799429e-08,-2.29630009076841e-08,-7.2672141247981e-09,-7.88147467318703e-09,3.34761603293246e-08,9.15139019853244e-09,-2.29630009076841e-08,1.15985061830402e-08,8.36311445219915e-09,2.98850637010035e-09,-1.81885363847358e-08,-2.0120502477177e-09,-7.2672141247981e-09,8.36311445219915e-09,2.38932871275587e-09,1.90853708711361e-09,-7.98800676632186e-09,7.52754500153024e-09,-7.88147467318703e-09,2.98850637010035e-09,1.90853708711361e-09,1.49796880888413e-09,-4.5785093090038e-09,-5.93253496450103e-09,3.34761603293246e-08,-1.81885363847358e-08,-7.98800676632186e-09,-4.5785093090038e-09,3.10372649096367e-08
1.91179439200568e-08,-6.0895990412141e-09,-2.0120502477177e-09,-2.34581444874467e-09,-1.34305562894035e-09,5.4020696770085e-09,-6.0895990412141e-09,2.36131230485262e-08,-7.2672141247981e-09,-8.04830436165115e-09,-2.30477929690348e-09,1.73013195459622e-08,-2.0120502477177e-09,-7.2672141247981e-09,8.36311445219915e-09,2.38932871275587e-09,1.90853708711361e-09,-7.98800676632186e-09,-2.34581444874467e-09,-8.04830436165115e-09,2.38932871275587e-09,6.06761186488345e-09,3.50699478349375e-09,-1.03853518991042e-08,-1.34305562894035e-09,-2.30477929690348e-09,1.90853708711361e-09,3.50699478349375e-09,-1.02518026685742e-09,-3.84797068131296e-09,5.4020696770085e-09,1.73013195459622e-08,-7.98800676632186e-09,-1.03853518991042e-08,-3.84797068131296e-09,2.25720428265033e-08
-2.05568683866172e-08,1.27714033086442e-08,7.52754500153024e-09,-1.34305562894035e-09,1.08308324320954e-08,-1.21410131570431e-08,1.27714033086442e-08,3.13140350345647e-09,-7.88147467318703e-09,-2.30477929690348e-09,-9.30258224527194e-09,1.65847720482958e-08,7.52754500153024e-09,-7.88147467318703e-09,2.98850637010035e-09,1.90853708711361e-09,1.49796880888413e-09,-4.5785093090038e-09,-1.34305562894035e-09,-2.30477929690348e-09,1.90853708711361e-09,3.50699478349375e-09,-1.02518026685742e-09,-3.84797068131296e-09,1.08308324320954e-08,-9.30258224527194e-09,1.49796880888413e-09,-1.02518026685742e-09,2.61445437079379e-09,1.048418449893e-09,-1.21410131570431e-08,1.65847720482958e-08,-4.5785093090038e-09,-3.84797068131296e-09,1.048418449893e-09,1.10656065515296e-08
2.83469202257251e-08,-9.36836029770476e-09,-5.93253496450103e-09,5.4020696770085e-09,-1.21410131570431e-08,9.2472279279786e-09,-9.36836029770476e-09,-5.33027822555305e-08,3.34761603293246e-08,1.73013195459622e-08,1.65847720482958e-08,-6.24847483803354e-08,-5.93253496450103e-09,3.34761603293246e-08,-1.81885363847358e-08,-7.98800676632186e-09,-4.5785093090038e-09,3.10372649096367e-08,5.4020696770085e-09,1.73013195459622e-08,-7.98800676632186e-09,-1.03853518991042e-08,-3.84797068131296e-09,2.25720428265033e-08,-1.21410131570431e-08,1.65847720482958e-08,-4.5785093090038e-09,-3.84797068131296e-09,1.048418449893e-09,1.10656065515296e-08,9.2472279279786e-09,-6.24847483803354e-08,3.10372649096367e-08,2.25720428265033e-08,1.10656065515296e-08,-7.15582151621736e-08
