"Mkt.RF","SMB","HML","RMW","CMA","MOM"
4.65002842700516e-05,-8.72171565316957e-07,-1.51772623036735e-05,-4.49719199534077e-06,-8.77335366357774e-06,2.13809306982415e-05
-8.72171565316957e-07,3.06581925873446e-05,-1.09739295744274e-05,-3.06487974248456e-06,4.67358112868565e-07,1.5126425974075e-06
-1.51772623036735e-05,-1.09739295744274e-05,3.92528853055536e-05,-1.41827658564671e-08,1.27469386195139e-05,-1.96264933769167e-05
-4.49719199534077e-06,-3.06487974248456e-06,-1.41827658564671e-08,1.1869468137077e-05,1.16812300571904e-06,-7.52555293445373e-06
-8.77335366357774e-06,4.67358112868565e-07,1.27469386195139e-05,1.16812300571904e-06,1.34139066730029e-05,-1.46702341552472e-05
2.13809306982415e-05,1.5126425974075e-06,-1.96264933769167e-05,-7.52555293445373e-06,-1.46702341552472e-05,3.64980612577694e-05
