"Mkt.RF","SMB","HML","RMW","CMA","MOM"
0.000239866749842319,4.52472905177289e-05,0.000121021084231332,-1.77084044141643e-05,-2.39581934078576e-06,-0.000217904968293818
4.52472905177289e-05,5.08325264526111e-05,2.02908921499243e-05,-3.38408728992899e-06,1.6274059281892e-06,-4.56938848693053e-05
0.000121021084231332,2.02908921499243e-05,0.000128001494383819,-2.59217178609148e-05,-2.09495812213466e-08,-0.000160405997012488
-1.77084044141643e-05,-3.38408728992899e-06,-2.59217178609148e-05,1.86347088124064e-05,7.05150738645978e-07,2.74013589312232e-05
-2.39581934078576e-06,1.6274059281892e-06,-2.09495812213466e-08,7.05150738645978e-07,1.07983104134295e-05,9.84912303296464e-06
-0.000217904968293818,-4.56938848693053e-05,-0.000160405997012488,2.74013589312232e-05,9.84912303296464e-06,0.00033485874792944
