"V1","V2","V3","V4","V5","V6","V7","V8","V9","V10","V11","V12","V13","V14","V15","V16","V17","V18","V19","V20","V21","V22","V23","V24","V25","V26","V27","V28","V29","V30","V31","V32","V33","V34","V35","V36"
-3.29708903411595e-07,-5.65908639830635e-08,-3.02809818167807e-07,3.18689884994725e-08,1.55187638934381e-07,-5.3037645622482e-08,-5.65908639830635e-08,1.54298535174644e-07,-6.77917734458425e-08,-5.07180085112206e-08,8.49269573488409e-08,-1.41779529576908e-08,-3.02809818167807e-07,-6.77917734458425e-08,-1.4779152245589e-07,4.47644749760331e-08,-3.6652370572161e-09,-9.19778552330525e-08,3.18689884994725e-08,-5.07180085112206e-08,4.47644749760331e-08,1.7607463734451e-09,-3.867284005117e-08,-1.93895790799957e-09,1.55187638934381e-07,8.49269573488409e-08,-3.6652370572161e-09,-3.867284005117e-08,8.8677806073648e-08,6.32579786659143e-08,-5.3037645622482e-08,-1.41779529576908e-08,-9.19778552330525e-08,-1.93895790799957e-09,6.32579786659143e-08,8.82842598754398e-09
-5.65908639830635e-08,1.54298535174644e-07,-6.77917734458425e-08,-5.07180085112206e-08,8.49269573488409e-08,-1.41779529576908e-08,1.54298535174644e-07,1.2116745616061e-09,2.11931583401114e-08,-7.44255296964185e-08,5.48116135889156e-08,4.96913046857048e-09,-6.77917734458425e-08,2.11931583401114e-08,-1.39785322670159e-08,-3.08647294137185e-08,5.2553913633858e-09,-1.72611313448269e-08,-5.07180085112206e-08,-7.44255296964185e-08,-3.08647294137185e-08,4.46953963585732e-08,-2.32823313272738e-08,-8.85222839442645e-09,8.49269573488409e-08,5.48116135889156e-08,5.2553913633858e-09,-2.32823313272738e-08,4.08047049039338e-08,1.53693287347651e-08,-1.41779529576908e-08,4.96913046857048e-09,-1.72611313448269e-08,-8.85222839442645e-09,1.53693287347651e-08,-2.36199514938408e-08
-3.02809818167807e-07,-6.77917734458425e-08,-1.4779152245589e-07,4.47644749760331e-08,-3.6652370572161e-09,-9.19778552330525e-08,-6.77917734458425e-08,2.11931583401114e-08,-1.39785322670159e-08,-3.08647294137185e-08,5.2553913633858e-09,-1.72611313448269e-08,-1.4779152245589e-07,-1.39785322670159e-08,-6.49253498935918e-08,7.49889785494148e-09,-1.86287556115887e-08,-2.86507879561419e-08,4.47644749760331e-08,-3.08647294137185e-08,7.49889785494148e-09,8.61927477209992e-09,1.09772758015503e-09,-1.91727187694363e-09,-3.6652370572161e-09,5.2553913633858e-09,-1.86287556115887e-08,1.09772758015503e-09,1.20515553375651e-08,-1.67610916181503e-09,-9.19778552330525e-08,-1.72611313448269e-08,-2.86507879561419e-08,-1.91727187694363e-09,-1.67610916181503e-09,-2.46683749251902e-08
3.18689884994725e-08,-5.07180085112206e-08,4.47644749760331e-08,1.7607463734451e-09,-3.867284005117e-08,-1.93895790799957e-09,-5.07180085112206e-08,-7.44255296964185e-08,-3.08647294137185e-08,4.46953963585732e-08,-2.32823313272738e-08,-8.85222839442645e-09,4.47644749760331e-08,-3.08647294137185e-08,7.49889785494148e-09,8.61927477209992e-09,1.09772758015503e-09,-1.91727187694363e-09,1.7607463734451e-09,4.46953963585732e-08,8.61927477209992e-09,-1.95449010985612e-08,8.04522729619887e-09,1.4849946948693e-08,-3.867284005117e-08,-2.32823313272738e-08,1.09772758015503e-09,8.04522729619887e-09,-2.17811366310258e-08,-8.15831307600847e-09,-1.93895790799957e-09,-8.85222839442645e-09,-1.91727187694363e-09,1.4849946948693e-08,-8.15831307600847e-09,6.85552613321174e-10
1.55187638934381e-07,8.49269573488409e-08,-3.6652370572161e-09,-3.867284005117e-08,8.8677806073648e-08,6.32579786659143e-08,8.49269573488409e-08,5.48116135889156e-08,5.2553913633858e-09,-2.32823313272738e-08,4.08047049039338e-08,1.53693287347651e-08,-3.6652370572161e-09,5.2553913633858e-09,-1.86287556115887e-08,1.09772758015503e-09,1.20515553375651e-08,-1.67610916181503e-09,-3.867284005117e-08,-2.32823313272738e-08,1.09772758015503e-09,8.04522729619887e-09,-2.17811366310258e-08,-8.15831307600847e-09,8.8677806073648e-08,4.08047049039338e-08,1.20515553375651e-08,-2.17811366310258e-08,3.45960047847259e-08,2.9195243754601e-08,6.32579786659143e-08,1.53693287347651e-08,-1.67610916181503e-09,-8.15831307600847e-09,2.9195243754601e-08,2.56002758507777e-08
-5.3037645622482e-08,-1.41779529576908e-08,-9.19778552330525e-08,-1.93895790799957e-09,6.32579786659143e-08,8.82842598754398e-09,-1.41779529576908e-08,4.96913046857048e-09,-1.72611313448269e-08,-8.85222839442645e-09,1.53693287347651e-08,-2.36199514938408e-08,-9.19778552330525e-08,-1.72611313448269e-08,-2.86507879561419e-08,-1.91727187694363e-09,-1.67610916181503e-09,-2.46683749251902e-08,-1.93895790799957e-09,-8.85222839442645e-09,-1.91727187694363e-09,1.4849946948693e-08,-8.15831307600847e-09,6.85552613321174e-10,6.32579786659143e-08,1.53693287347651e-08,-1.67610916181503e-09,-8.15831307600847e-09,2.9195243754601e-08,2.56002758507777e-08,8.82842598754398e-09,-2.36199514938408e-08,-2.46683749251902e-08,6.85552613321174e-10,2.56002758507777e-08,1.50783351573985e-08
