"V1","V2","V3","V4","V5","V6","V7","V8","V9","V10","V11","V12","V13","V14","V15","V16","V17","V18","V19","V20","V21","V22","V23","V24","V25","V26","V27","V28","V29","V30","V31","V32","V33","V34","V35","V36"
4.10870119680899e-08,5.87019488527269e-09,2.17934899148904e-09,1.9880974499634e-08,7.62971820595608e-09,1.18587105811794e-08,5.87019488527269e-09,4.49440289838333e-10,4.40184162842528e-09,8.67492677554828e-09,6.41178299213884e-09,-2.75338563050369e-09,2.17934899148904e-09,4.40184162842528e-09,2.95551653452808e-09,-5.15847279688623e-09,-1.81627849112784e-09,1.446938976848e-09,1.9880974499634e-08,8.67492677554828e-09,-5.15847279688623e-09,2.9645482658096e-09,-3.16598067116732e-09,5.67463548769153e-09,7.62971820595608e-09,6.41178299213884e-09,-1.81627849112784e-09,-3.16598067116732e-09,7.19425665700494e-10,1.82288116893391e-09,1.18587105811794e-08,-2.75338563050369e-09,1.446938976848e-09,5.67463548769153e-09,1.82288116893391e-09,1.68037217010384e-08
5.87019488527269e-09,4.49440289838333e-10,4.40184162842528e-09,8.67492677554828e-09,6.41178299213884e-09,-2.75338563050369e-09,4.49440289838333e-10,-6.19939565017947e-09,1.01288459675533e-08,-1.9679106262374e-09,1.69401334846428e-08,-1.25341297654608e-08,4.40184162842528e-09,1.01288459675533e-08,-5.25731348001154e-09,-2.41367064042159e-10,-3.81209441269362e-09,3.44948108370691e-09,8.67492677554828e-09,-1.9679106262374e-09,-2.41367064042159e-10,-2.75305018440297e-09,1.09572968034284e-09,3.09967352822569e-09,6.41178299213884e-09,1.69401334846428e-08,-3.81209441269362e-09,1.09572968034284e-09,-7.34479987888794e-09,4.72050765174238e-09,-2.75338563050369e-09,-1.25341297654608e-08,3.44948108370691e-09,3.09967352822569e-09,4.72050765174238e-09,7.84450755824328e-09
2.17934899148904e-09,4.40184162842528e-09,2.95551653452808e-09,-5.15847279688623e-09,-1.81627849112784e-09,1.446938976848e-09,4.40184162842528e-09,1.01288459675533e-08,-5.25731348001154e-09,-2.41367064042159e-10,-3.81209441269362e-09,3.44948108370691e-09,2.95551653452808e-09,-5.25731348001154e-09,1.18345356778675e-08,-2.49018099788858e-09,4.89039027490502e-09,-1.51835272901524e-10,-5.15847279688623e-09,-2.41367064042159e-10,-2.49018099788858e-09,2.94237402776273e-09,-1.4885157120034e-09,-9.65800247793834e-10,-1.81627849112784e-09,-3.81209441269362e-09,4.89039027490502e-09,-1.4885157120034e-09,4.5175592102785e-09,-3.74333194623354e-10,1.446938976848e-09,3.44948108370691e-09,-1.51835272901524e-10,-9.65800247793834e-10,-3.74333194623354e-10,-1.0509291478448e-09
1.9880974499634e-08,8.67492677554828e-09,-5.15847279688623e-09,2.9645482658096e-09,-3.16598067116732e-09,5.67463548769153e-09,8.67492677554828e-09,-1.9679106262374e-09,-2.41367064042159e-10,-2.75305018440297e-09,1.09572968034284e-09,3.09967352822569e-09,-5.15847279688623e-09,-2.41367064042159e-10,-2.49018099788858e-09,2.94237402776273e-09,-1.4885157120034e-09,-9.65800247793834e-10,2.9645482658096e-09,-2.75305018440297e-09,2.94237402776273e-09,-1.02845925986954e-09,1.91560129120871e-09,-1.51284509162047e-09,-3.16598067116732e-09,1.09572968034284e-09,-1.4885157120034e-09,1.91560129120871e-09,-1.0466582876096e-09,-1.45798028165216e-10,5.67463548769153e-09,3.09967352822569e-09,-9.65800247793834e-10,-1.51284509162047e-09,-1.45798028165216e-10,6.58426700991783e-10
7.62971820595608e-09,6.41178299213884e-09,-1.81627849112784e-09,-3.16598067116732e-09,7.19425665700494e-10,1.82288116893391e-09,6.41178299213884e-09,1.69401334846428e-08,-3.81209441269362e-09,1.09572968034284e-09,-7.34479987888794e-09,4.72050765174238e-09,-1.81627849112784e-09,-3.81209441269362e-09,4.89039027490502e-09,-1.4885157120034e-09,4.5175592102785e-09,-3.74333194623354e-10,-3.16598067116732e-09,1.09572968034284e-09,-1.4885157120034e-09,1.91560129120871e-09,-1.0466582876096e-09,-1.45798028165216e-10,7.19425665700494e-10,-7.34479987888794e-09,4.5175592102785e-09,-1.0466582876096e-09,6.05269538511809e-09,-2.02954120639885e-09,1.82288116893391e-09,4.72050765174238e-09,-3.74333194623354e-10,-1.45798028165216e-10,-2.02954120639885e-09,1.22180487232565e-09
1.18587105811794e-08,-2.75338563050369e-09,1.446938976848e-09,5.67463548769153e-09,1.82288116893391e-09,1.68037217010384e-08,-2.75338563050369e-09,-1.25341297654608e-08,3.44948108370691e-09,3.09967352822569e-09,4.72050765174238e-09,7.84450755824328e-09,1.446938976848e-09,3.44948108370691e-09,-1.51835272901524e-10,-9.65800247793834e-10,-3.74333194623354e-10,-1.0509291478448e-09,5.67463548769153e-09,3.09967352822569e-09,-9.65800247793834e-10,-1.51284509162047e-09,-1.45798028165216e-10,6.58426700991783e-10,1.82288116893391e-09,4.72050765174238e-09,-3.74333194623354e-10,-1.45798028165216e-10,-2.02954120639885e-09,1.22180487232565e-09,1.68037217010384e-08,7.84450755824328e-09,-1.0509291478448e-09,6.58426700991783e-10,1.22180487232565e-09,-8.16082510148536e-09
