"Mkt.RF","SMB","HML","RMW","CMA","MOM"
0.000104687500850139,2.02615066875187e-05,-2.67903990773432e-05,-2.53105146800735e-05,-2.55358895901424e-05,2.96154799394189e-05
2.02615066875187e-05,0.000107276852693639,5.6751650726948e-05,-2.13062286546419e-05,3.38471623308385e-05,-3.56164415803973e-05
-2.67903990773432e-05,5.6751650726948e-05,0.000157577995719646,3.45145443148272e-05,4.82933568168285e-05,-0.000170143294735934
-2.53105146800735e-05,-2.13062286546419e-05,3.45145443148272e-05,4.73606315189672e-05,1.80911640794981e-05,-5.14186498974876e-05
-2.55358895901424e-05,3.38471623308385e-05,4.82933568168285e-05,1.80911640794981e-05,4.85380805714073e-05,-3.76183297679629e-05
2.96154799394189e-05,-3.56164415803973e-05,-0.000170143294735934,-5.14186498974876e-05,-3.76183297679629e-05,0.000253763721938886
