"Mkt.RF","SMB","HML","RMW","CMA","MOM"
0.000166568507768139,1.05495870517545e-05,5.00669139972459e-06,-1.46708489569373e-05,-1.55430117204318e-05,-4.16981095319732e-05
1.05495870517545e-05,3.45771079979164e-05,-5.67257640119755e-06,-5.67695287364081e-06,-3.76712562780992e-06,-2.17568790222798e-05
5.00669139972459e-06,-5.67257640119755e-06,4.23020906651029e-05,1.82337079473484e-06,1.68321517288256e-05,-3.25737616349194e-05
-1.46708489569373e-05,-5.67695287364081e-06,1.82337079473484e-06,1.18083266588243e-05,7.3755982457539e-06,-1.7203580380997e-06
-1.55430117204318e-05,-3.76712562780992e-06,1.68321517288256e-05,7.3755982457539e-06,1.80111323689434e-05,-1.7524193358541e-05
-4.16981095319732e-05,-2.17568790222798e-05,-3.25737616349194e-05,-1.7203580380997e-06,-1.7524193358541e-05,0.000126999072215429
