"V1","V2","V3","V4","V5","V6","V7","V8","V9","V10","V11","V12","V13","V14","V15","V16","V17","V18","V19","V20","V21","V22","V23","V24","V25","V26","V27","V28","V29","V30","V31","V32","V33","V34","V35","V36"
-1.30783248592726e-07,-8.77717281935289e-08,-1.66733645320041e-08,3.94302657649083e-08,1.78735943095339e-09,1.05364076255855e-07,-8.77717281935289e-08,-1.58162350141566e-08,1.66537246846806e-08,-3.89982350590747e-09,5.15569583242367e-09,1.53914537877466e-08,-1.66733645320041e-08,1.66537246846806e-08,1.62784749041061e-08,1.1816741944476e-08,1.31450192654616e-08,-2.83287770943555e-08,3.94302657649083e-08,-3.89982350590747e-09,1.1816741944476e-08,1.81733572732058e-08,7.45181260762441e-09,-3.08824365826766e-08,1.78735943095339e-09,5.15569583242367e-09,1.31450192654616e-08,7.45181260762441e-09,1.32955055279986e-08,-2.63900713835273e-08,1.05364076255855e-07,1.53914537877466e-08,-2.83287770943555e-08,-3.08824365826766e-08,-2.63900713835273e-08,5.27329115885459e-08
-8.77717281935289e-08,-1.58162350141566e-08,1.66537246846806e-08,-3.89982350590747e-09,5.15569583242367e-09,1.53914537877466e-08,-1.58162350141566e-08,-3.21652539776645e-08,-3.49520359628967e-08,2.25485311771843e-09,-2.18605917381775e-08,7.72270462956313e-08,1.66537246846806e-08,-3.49520359628967e-08,4.39336332641753e-09,-8.61884289297409e-09,-1.44416487324766e-08,-7.60700349922833e-09,-3.89982350590747e-09,2.25485311771843e-09,-8.61884289297409e-09,-1.00366080599743e-08,-4.16276252092403e-09,3.85706446052798e-09,5.15569583242367e-09,-2.18605917381775e-08,-1.44416487324766e-08,-4.16276252092403e-09,-1.83147006464861e-08,1.39916714286145e-08,1.53914537877466e-08,7.72270462956313e-08,-7.60700349922833e-09,3.85706446052798e-09,1.39916714286145e-08,-8.95984879390559e-08
-1.66733645320041e-08,1.66537246846806e-08,1.62784749041061e-08,1.1816741944476e-08,1.31450192654616e-08,-2.83287770943555e-08,1.66537246846806e-08,-3.49520359628967e-08,4.39336332641753e-09,-8.61884289297409e-09,-1.44416487324766e-08,-7.60700349922833e-09,1.62784749041061e-08,4.39336332641753e-09,-5.7308056464968e-08,1.18640718333323e-08,-2.34721135804111e-08,6.79675442353078e-08,1.1816741944476e-08,-8.61884289297409e-09,1.18640718333323e-08,7.77813808992336e-09,6.90197745576169e-10,-2.21055439643805e-08,1.31450192654616e-08,-1.44416487324766e-08,-2.34721135804111e-08,6.90197745576169e-10,-2.36032080523133e-08,2.16475348771207e-08,-2.83287770943555e-08,-7.60700349922833e-09,6.79675442353078e-08,-2.21055439643805e-08,2.16475348771207e-08,-1.08149377830689e-07
3.94302657649083e-08,-3.89982350590747e-09,1.1816741944476e-08,1.81733572732058e-08,7.45181260762441e-09,-3.08824365826766e-08,-3.89982350590747e-09,2.25485311771843e-09,-8.61884289297409e-09,-1.00366080599743e-08,-4.16276252092403e-09,3.85706446052798e-09,1.1816741944476e-08,-8.61884289297409e-09,1.18640718333323e-08,7.77813808992336e-09,6.90197745576169e-10,-2.21055439643805e-08,1.81733572732058e-08,-1.00366080599743e-08,7.77813808992336e-09,1.9576952597469e-08,-6.97608159443987e-10,-1.23595937179253e-08,7.45181260762441e-09,-4.16276252092403e-09,6.90197745576169e-10,-6.97608159443987e-10,-6.59802995405878e-09,-7.91159522552534e-09,-3.08824365826766e-08,3.85706446052798e-09,-2.21055439643805e-08,-1.23595937179253e-08,-7.91159522552534e-09,2.43540848989559e-08
1.78735943095339e-09,5.15569583242367e-09,1.31450192654616e-08,7.45181260762441e-09,1.32955055279986e-08,-2.63900713835273e-08,5.15569583242367e-09,-2.18605917381775e-08,-1.44416487324766e-08,-4.16276252092403e-09,-1.83147006464861e-08,1.39916714286145e-08,1.31450192654616e-08,-1.44416487324766e-08,-2.34721135804111e-08,6.90197745576169e-10,-2.36032080523133e-08,2.16475348771207e-08,7.45181260762441e-09,-4.16276252092403e-09,6.90197745576169e-10,-6.97608159443987e-10,-6.59802995405878e-09,-7.91159522552534e-09,1.32955055279986e-08,-1.83147006464861e-08,-2.36032080523133e-08,-6.59802995405878e-09,-3.07959303215204e-08,1.58304620922873e-08,-2.63900713835273e-08,1.39916714286145e-08,2.16475348771207e-08,-7.91159522552534e-09,1.58304620922873e-08,-3.96174830966291e-08
1.05364076255855e-07,1.53914537877466e-08,-2.83287770943555e-08,-3.08824365826766e-08,-2.63900713835273e-08,5.27329115885459e-08,1.53914537877466e-08,7.72270462956313e-08,-7.60700349922833e-09,3.85706446052798e-09,1.39916714286145e-08,-8.95984879390559e-08,-2.83287770943555e-08,-7.60700349922833e-09,6.79675442353078e-08,-2.21055439643805e-08,2.16475348771207e-08,-1.08149377830689e-07,-3.08824365826766e-08,3.85706446052798e-09,-2.21055439643805e-08,-1.23595937179253e-08,-7.91159522552534e-09,2.43540848989559e-08,-2.63900713835273e-08,1.39916714286145e-08,2.16475348771207e-08,-7.91159522552534e-09,1.58304620922873e-08,-3.96174830966291e-08,5.27329115885459e-08,-8.95984879390559e-08,-1.08149377830689e-07,2.43540848989559e-08,-3.96174830966291e-08,3.27228627860527e-07
