"Mkt.RF","SMB","HML","RMW","CMA","MOM"
0.00123205132039894,1.86146475017999e-05,0.000307839485942056,-8.13111198096835e-05,-8.20296232677354e-05,-0.000599598771453378
1.86146475017999e-05,0.00016119055037365,4.48355048353963e-05,-2.29147098632806e-05,-6.82137983132458e-06,-5.83668662457367e-05
0.000307839485942056,4.48355048353963e-05,0.00026663849652357,-8.59594938381682e-05,-2.89035070293891e-05,-0.000263158559002872
-8.13111198096835e-05,-2.29147098632806e-05,-8.59594938381682e-05,4.74151753813861e-05,1.23561575896184e-05,9.39010299521072e-05
-8.20296232677354e-05,-6.82137983132458e-06,-2.89035070293891e-05,1.23561575896184e-05,2.8817467483911e-05,7.19729457582663e-05
-0.000599598771453378,-5.83668662457367e-05,-0.000263158559002872,9.39010299521072e-05,7.19729457582663e-05,0.000518314660378846
