"Mkt.RF","SMB","HML","RMW","CMA","MOM"
4.82918453473968e-05,1.9898630847345e-05,-9.13684921387178e-06,-1.49115473016202e-05,-8.60434023550284e-06,3.01446787305418e-05
1.9898630847345e-05,3.36760154116831e-05,-1.0922917726153e-05,-1.33105838289708e-05,-6.41752386430582e-06,2.01427245973066e-05
-9.13684921387178e-06,-1.0922917726153e-05,1.62273105828226e-05,5.30802783887592e-06,7.5042182525469e-06,-1.06554644518948e-05
-1.49115473016202e-05,-1.33105838289708e-05,5.30802783887592e-06,1.42323771567855e-05,5.32914956276869e-06,-1.64546099660873e-05
-8.60434023550284e-06,-6.41752386430582e-06,7.5042182525469e-06,5.32914956276869e-06,5.83475793740731e-06,-9.25344814240458e-06
3.01446787305418e-05,2.01427245973066e-05,-1.06554644518948e-05,-1.64546099660873e-05,-9.25344814240458e-06,3.37524796975896e-05
