"Mkt.RF","SMB","HML","RMW","CMA","MOM"
0.000153746004293256,-1.06390256529493e-05,-2.62519411627481e-05,-4.89958063710341e-05,-5.86548231398291e-05,-0.000103294575802757
-1.06390256529493e-05,2.92057713136669e-05,-2.65132736691523e-06,-5.05705494190163e-06,1.7601877311551e-06,-3.84118439229055e-07
-2.62519411627481e-05,-2.65132736691523e-06,2.8947860072418e-05,1.23853578923478e-05,1.93514469804917e-05,2.87534607518207e-05
-4.89958063710341e-05,-5.05705494190163e-06,1.23853578923478e-05,4.62231765333177e-05,3.73715274721582e-05,6.08835338762991e-05
-5.86548231398291e-05,1.7601877311551e-06,1.93514469804917e-05,3.73715274721582e-05,4.3285006606724e-05,6.57561350222779e-05
-0.000103294575802757,-3.84118439229055e-07,2.87534607518207e-05,6.08835338762991e-05,6.57561350222779e-05,0.000121970056037932
