"Mkt.RF","SMB","HML","RMW","CMA","MOM"
6.67813358359913e-05,1.59071247640513e-05,2.73679809983743e-05,-4.29298568446898e-06,7.80519290926314e-06,3.24959650320843e-05
1.59071247640513e-05,1.86071459808486e-05,4.04040841987677e-06,-1.12924033075372e-09,3.14635782963587e-06,1.14238000686338e-05
2.73679809983743e-05,4.04040841987677e-06,2.65260870564826e-05,-8.33346238838507e-06,5.27768380858976e-06,1.70287193605767e-05
-4.29298568446898e-06,-1.12924033075372e-09,-8.33346238838507e-06,9.03901522715276e-06,-6.9975862320622e-07,-1.30836354721691e-06
7.80519290926314e-06,3.14635782963587e-06,5.27768380858976e-06,-6.9975862320622e-07,4.89184102908544e-06,5.88461845244897e-06
3.24959650320843e-05,1.14238000686338e-05,1.70287193605767e-05,-1.30836354721691e-06,5.88461845244897e-06,3.91382754429794e-05
