"Mkt.RF","SMB","HML","RMW","CMA","MOM"
8.47304899327337e-05,4.6708908652584e-05,-1.28525255351596e-05,6.22374419880554e-07,-4.97449492594486e-06,4.39063097443343e-05
4.6708908652584e-05,4.01723198029023e-05,-9.97938011340152e-06,-3.50596517580092e-07,-4.34332651905774e-06,3.11475796749066e-05
-1.28525255351596e-05,-9.97938011340152e-06,7.62420984540043e-06,6.15993945319787e-07,2.17455587542084e-06,-5.28273360505461e-06
6.22374419880554e-07,-3.50596517580092e-07,6.15993945319787e-07,6.27635530861853e-06,-8.66366746491466e-07,-3.0963038874932e-09
-4.97449492594486e-06,-4.34332651905774e-06,2.17455587542084e-06,-8.66366746491466e-07,3.76529475466354e-06,-4.75328254267826e-06
4.39063097443343e-05,3.11475796749066e-05,-5.28273360505461e-06,-3.0963038874932e-09,-4.75328254267826e-06,4.33123087458522e-05
