"V1","V2","V3","V4","V5","V6","V7","V8","V9","V10","V11","V12","V13","V14","V15","V16","V17","V18","V19","V20","V21","V22","V23","V24","V25","V26","V27","V28","V29","V30","V31","V32","V33","V34","V35","V36"
3.84514723907307e-07,-1.66534251941365e-07,-3.53975323276261e-07,5.34165521738561e-08,-4.22497181321847e-07,-7.21289460174352e-07,-1.66534251941365e-07,1.66768196704301e-07,1.10359457943313e-07,-3.97913631596415e-08,1.51666255471501e-07,2.61687737654809e-07,-3.53975323276261e-07,1.10359457943313e-07,2.77226720233596e-07,-2.01850946178109e-08,3.25134834200551e-07,5.59976188701865e-07,5.34165521738561e-08,-3.97913631596415e-08,-2.01850946178109e-08,-3.5558558249868e-08,3.62311316271712e-08,5.19971708322044e-08,-4.22497181321847e-07,1.51666255471501e-07,3.25134834200551e-07,3.62311316271712e-08,3.92654469511762e-07,6.39445765562431e-07,-7.21289460174352e-07,2.61687737654809e-07,5.59976188701865e-07,5.19971708322044e-08,6.39445765562431e-07,1.13509517894502e-06
-1.66534251941365e-07,1.66768196704301e-07,1.10359457943313e-07,-3.97913631596415e-08,1.51666255471501e-07,2.61687737654809e-07,1.66768196704301e-07,6.10799053735334e-07,-2.37517103574744e-07,-3.42015337176083e-07,-1.49318434421521e-07,-3.16190972295507e-07,1.10359457943313e-07,-2.37517103574744e-07,-3.83207350035983e-08,8.88075597355789e-08,-8.61127358303601e-08,-1.40455383267842e-07,-3.97913631596415e-08,-3.42015337176083e-07,8.88075597355789e-08,1.90062208051493e-07,2.8125799229e-08,6.04294592217915e-08,1.51666255471501e-07,-1.49318434421521e-07,-8.61127358303601e-08,2.8125799229e-08,-1.15267363989586e-07,-1.95223533412649e-07,2.61687737654809e-07,-3.16190972295507e-07,-1.40455383267842e-07,6.04294592217915e-08,-1.95223533412649e-07,-3.4085934645147e-07
-3.53975323276261e-07,1.10359457943313e-07,2.77226720233596e-07,-2.01850946178109e-08,3.25134834200551e-07,5.59976188701865e-07,1.10359457943313e-07,-2.37517103574744e-07,-3.83207350035983e-08,8.88075597355789e-08,-8.61127358303601e-08,-1.40455383267842e-07,2.77226720233596e-07,-3.83207350035983e-08,-2.11413455328595e-07,9.35805271456929e-09,-2.63146139784042e-07,-4.58680956116783e-07,-2.01850946178109e-08,8.88075597355789e-08,9.35805271456929e-09,1.10584627049457e-08,-3.80949802781054e-08,-5.5485834017456e-08,3.25134834200551e-07,-8.61127358303601e-08,-2.63146139784042e-07,-3.80949802781054e-08,-3.26967535798067e-07,-5.50986458396537e-07,5.59976188701865e-07,-1.40455383267842e-07,-4.58680956116783e-07,-5.5485834017456e-08,-5.50986458396537e-07,-9.68739380685206e-07
5.34165521738561e-08,-3.97913631596415e-08,-2.01850946178109e-08,-3.5558558249868e-08,3.62311316271712e-08,5.19971708322044e-08,-3.97913631596415e-08,-3.42015337176083e-07,8.88075597355789e-08,1.90062208051493e-07,2.8125799229e-08,6.04294592217915e-08,-2.01850946178109e-08,8.88075597355789e-08,9.35805271456929e-09,1.10584627049457e-08,-3.80949802781054e-08,-5.5485834017456e-08,-3.5558558249868e-08,1.90062208051493e-07,1.10584627049457e-08,-4.56609956867081e-08,-1.51353824925895e-08,-9.28845267785103e-09,3.62311316271712e-08,2.8125799229e-08,-3.80949802781054e-08,-1.51353824925895e-08,-8.08315404777852e-08,-1.30076856431087e-07,5.19971708322044e-08,6.04294592217915e-08,-5.5485834017456e-08,-9.28845267785103e-09,-1.30076856431087e-07,-1.97014989999697e-07
-4.22497181321847e-07,1.51666255471501e-07,3.25134834200551e-07,3.62311316271712e-08,3.92654469511762e-07,6.39445765562431e-07,1.51666255471501e-07,-1.49318434421521e-07,-8.61127358303601e-08,2.8125799229e-08,-1.15267363989586e-07,-1.95223533412649e-07,3.25134834200551e-07,-8.61127358303601e-08,-2.63146139784042e-07,-3.80949802781054e-08,-3.26967535798067e-07,-5.50986458396537e-07,3.62311316271712e-08,2.8125799229e-08,-3.80949802781054e-08,-1.51353824925895e-08,-8.08315404777852e-08,-1.30076856431087e-07,3.92654469511762e-07,-1.15267363989586e-07,-3.26967535798067e-07,-8.08315404777852e-08,-4.20793980357732e-07,-6.81489229743665e-07,6.39445765562431e-07,-1.95223533412649e-07,-5.50986458396537e-07,-1.30076856431087e-07,-6.81489229743665e-07,-1.19509223629604e-06
-7.21289460174352e-07,2.61687737654809e-07,5.59976188701865e-07,5.19971708322044e-08,6.39445765562431e-07,1.13509517894502e-06,2.61687737654809e-07,-3.16190972295507e-07,-1.40455383267842e-07,6.04294592217915e-08,-1.95223533412649e-07,-3.4085934645147e-07,5.59976188701865e-07,-1.40455383267842e-07,-4.58680956116783e-07,-5.5485834017456e-08,-5.50986458396537e-07,-9.68739380685206e-07,5.19971708322044e-08,6.04294592217915e-08,-5.5485834017456e-08,-9.28845267785103e-09,-1.30076856431087e-07,-1.97014989999697e-07,6.39445765562431e-07,-1.95223533412649e-07,-5.50986458396537e-07,-1.30076856431087e-07,-6.81489229743665e-07,-1.19509223629604e-06,1.13509517894502e-06,-3.4085934645147e-07,-9.68739380685206e-07,-1.97014989999697e-07,-1.19509223629604e-06,-2.23080796686147e-06
