"V1","V2","V3","V4","V5","V6","V7","V8","V9","V10","V11","V12","V13","V14","V15","V16","V17","V18","V19","V20","V21","V22","V23","V24","V25","V26","V27","V28","V29","V30","V31","V32","V33","V34","V35","V36"
-1.33205861430303e-07,-1.65134354557115e-07,-2.13600059448862e-07,-4.13056668113526e-08,-1.57193442261907e-07,-1.7862508891627e-07,-1.65134354557115e-07,-1.48779566488286e-08,-4.77094204068415e-08,-6.76879153552919e-09,1.79088357023567e-08,9.75886118434684e-08,-2.13600059448862e-07,-4.77094204068415e-08,-3.76196636750431e-08,-1.06248924352925e-09,-1.12867073585559e-08,7.17760976529812e-08,-4.13056668113526e-08,-6.76879153552919e-09,-1.06248924352925e-09,-6.74256342416947e-09,-2.43222996010802e-08,2.36165788069805e-08,-1.57193442261907e-07,1.79088357023567e-08,-1.12867073585559e-08,-2.43222996010802e-08,9.58993189065909e-09,6.04797973576714e-08,-1.7862508891627e-07,9.75886118434684e-08,7.17760976529812e-08,2.36165788069805e-08,6.04797973576714e-08,-7.62131178008648e-08
-1.65134354557115e-07,-1.48779566488286e-08,-4.77094204068415e-08,-6.76879153552919e-09,1.79088357023567e-08,9.75886118434684e-08,-1.48779566488286e-08,-2.19608723303515e-08,-1.0310457048581e-09,-4.69463195988011e-09,-1.01810504873045e-09,-2.07631941188193e-08,-4.77094204068415e-08,-1.0310457048581e-09,2.12149155205253e-09,8.11321581989437e-09,7.70398827571392e-09,1.57919012056961e-08,-6.76879153552919e-09,-4.69463195988011e-09,8.11321581989437e-09,-1.32798356961578e-08,7.93158293357983e-09,-1.76240909963652e-08,1.79088357023567e-08,-1.01810504873045e-09,7.70398827571392e-09,7.93158293357983e-09,-1.76967577492058e-09,-4.66264597470059e-09,9.75886118434684e-08,-2.07631941188193e-08,1.57919012056961e-08,-1.76240909963652e-08,-4.66264597470059e-09,-3.07411889418407e-08
-2.13600059448862e-07,-4.77094204068415e-08,-3.76196636750431e-08,-1.06248924352925e-09,-1.12867073585559e-08,7.17760976529812e-08,-4.77094204068415e-08,-1.0310457048581e-09,2.12149155205253e-09,8.11321581989437e-09,7.70398827571392e-09,1.57919012056961e-08,-3.76196636750431e-08,2.12149155205253e-09,3.27546692837163e-08,1.05483586407408e-08,1.05561399098279e-08,-2.75072728327674e-08,-1.06248924352925e-09,8.11321581989437e-09,1.05483586407408e-08,-9.11921743461734e-09,2.06970054211263e-09,-1.65400586521021e-08,-1.12867073585559e-08,7.70398827571392e-09,1.05561399098279e-08,2.06970054211263e-09,1.97483711359884e-09,-6.18717758775482e-09,7.17760976529812e-08,1.57919012056961e-08,-2.75072728327674e-08,-1.65400586521021e-08,-6.18717758775482e-09,4.46540313997894e-08
-4.13056668113526e-08,-6.76879153552919e-09,-1.06248924352925e-09,-6.74256342416947e-09,-2.43222996010802e-08,2.36165788069805e-08,-6.76879153552919e-09,-4.69463195988011e-09,8.11321581989437e-09,-1.32798356961578e-08,7.93158293357983e-09,-1.76240909963652e-08,-1.06248924352925e-09,8.11321581989437e-09,1.05483586407408e-08,-9.11921743461734e-09,2.06970054211263e-09,-1.65400586521021e-08,-6.74256342416947e-09,-1.32798356961578e-08,-9.11921743461734e-09,1.99958952683545e-08,3.157226566295e-09,3.46482646197675e-08,-2.43222996010802e-08,7.93158293357983e-09,2.06970054211263e-09,3.157226566295e-09,8.87964428089678e-09,-1.37486445254462e-08,2.36165788069805e-08,-1.76240909963652e-08,-1.65400586521021e-08,3.46482646197675e-08,-1.37486445254462e-08,8.39785816946197e-08
-1.57193442261907e-07,1.79088357023567e-08,-1.12867073585559e-08,-2.43222996010802e-08,9.58993189065909e-09,6.04797973576714e-08,1.79088357023567e-08,-1.01810504873045e-09,7.70398827571392e-09,7.93158293357983e-09,-1.76967577492058e-09,-4.66264597470059e-09,-1.12867073585559e-08,7.70398827571392e-09,1.05561399098279e-08,2.06970054211263e-09,1.97483711359884e-09,-6.18717758775482e-09,-2.43222996010802e-08,7.93158293357983e-09,2.06970054211263e-09,3.157226566295e-09,8.87964428089678e-09,-1.37486445254462e-08,9.58993189065909e-09,-1.76967577492058e-09,1.97483711359884e-09,8.87964428089678e-09,-1.82751888832121e-09,-1.91235148813911e-08,6.04797973576714e-08,-4.66264597470059e-09,-6.18717758775482e-09,-1.37486445254462e-08,-1.91235148813911e-08,3.59448797393738e-08
-1.7862508891627e-07,9.75886118434684e-08,7.17760976529812e-08,2.36165788069805e-08,6.04797973576714e-08,-7.62131178008648e-08,9.75886118434684e-08,-2.07631941188193e-08,1.57919012056961e-08,-1.76240909963652e-08,-4.66264597470059e-09,-3.07411889418407e-08,7.17760976529812e-08,1.57919012056961e-08,-2.75072728327674e-08,-1.65400586521021e-08,-6.18717758775482e-09,4.46540313997894e-08,2.36165788069805e-08,-1.76240909963652e-08,-1.65400586521021e-08,3.46482646197675e-08,-1.37486445254462e-08,8.39785816946197e-08,6.04797973576714e-08,-4.66264597470059e-09,-6.18717758775482e-09,-1.37486445254462e-08,-1.91235148813911e-08,3.59448797393738e-08,-7.62131178008648e-08,-3.07411889418407e-08,4.46540313997894e-08,8.39785816946197e-08,3.59448797393738e-08,-1.36026011980527e-07
