"Mkt.RF","SMB","HML","RMW","CMA","MOM"
0.000139178636225568,-3.56121280887244e-05,-4.97619295898204e-05,1.93233203209325e-06,-3.34007593210976e-05,3.56507187723072e-05
-3.56121280887244e-05,3.59816486398068e-05,8.34363623853864e-06,-9.59123238692962e-06,5.72762200080671e-07,-1.38625855277274e-05
-4.97619295898204e-05,8.34363623853864e-06,3.11578156361711e-05,-5.24340196370885e-08,1.86140907670848e-05,-1.16039318187441e-05
1.93233203209325e-06,-9.59123238692962e-06,-5.24340196370885e-08,6.78360019602547e-06,2.66545184235316e-06,3.04518110786266e-06
-3.34007593210976e-05,5.72762200080671e-07,1.86140907670848e-05,2.66545184235316e-06,1.65831371530823e-05,-8.02406513428669e-06
3.56507187723072e-05,-1.38625855277274e-05,-1.16039318187441e-05,3.04518110786266e-06,-8.02406513428669e-06,1.66088900741873e-05
