"V1","V2","V3","V4","V5","V6","V7","V8","V9","V10","V11","V12","V13","V14","V15","V16","V17","V18","V19","V20","V21","V22","V23","V24","V25","V26","V27","V28","V29","V30","V31","V32","V33","V34","V35","V36"
-1.05187544336803e-06,3.30625120987354e-08,-6.5078042251167e-08,4.39461002611106e-07,-3.56286268551373e-07,1.27599421612121e-06,3.30625120987354e-08,-1.35282739407056e-07,3.21833283257796e-08,-2.95177584257571e-08,1.35157068408454e-07,-1.61084430580686e-07,-6.5078042251167e-08,3.21833283257796e-08,3.62123640865775e-08,7.38059883813448e-08,4.14841073633914e-08,-9.70479994770997e-08,4.39461002611106e-07,-2.95177584257571e-08,7.38059883813448e-08,-1.84595572436651e-07,2.12137221271708e-08,-1.61033533641989e-07,-3.56286268551373e-07,1.35157068408454e-07,4.14841073633914e-08,2.12137221271708e-08,-1.42034476916257e-09,8.5463337850725e-08,1.27599421612121e-06,-1.61084430580686e-07,-9.70479994770997e-08,-1.61033533641989e-07,8.5463337850725e-08,-6.39836974181452e-07
3.30625120987354e-08,-1.35282739407056e-07,3.21833283257796e-08,-2.95177584257571e-08,1.35157068408454e-07,-1.61084430580686e-07,-1.35282739407056e-07,-4.05735872120836e-08,-2.89742077385292e-08,1.57233725397995e-07,-5.51947311420886e-08,1.2064194386842e-07,3.21833283257796e-08,-2.89742077385292e-08,-3.61672568396092e-08,1.01738002369842e-09,-2.66563759018799e-09,5.50306476236754e-08,-2.95177584257571e-08,1.57233725397995e-07,1.01738002369842e-09,-6.75668043510755e-08,-5.86232640764346e-09,-1.13058859787171e-07,1.35157068408454e-07,-5.51947311420886e-08,-2.66563759018799e-09,-5.86232640764346e-09,-9.36605556470546e-09,-1.59318190281526e-08,-1.61084430580686e-07,1.2064194386842e-07,5.50306476236754e-08,-1.13058859787171e-07,-1.59318190281526e-08,-5.07033243547862e-08
-6.5078042251167e-08,3.21833283257796e-08,3.62123640865775e-08,7.38059883813448e-08,4.14841073633914e-08,-9.70479994770997e-08,3.21833283257796e-08,-2.89742077385292e-08,-3.61672568396092e-08,1.01738002369842e-09,-2.66563759018799e-09,5.50306476236754e-08,3.62123640865775e-08,-3.61672568396092e-08,-7.25853601480675e-08,9.53082045940191e-08,-4.31376263475062e-08,1.52753844347095e-07,7.38059883813448e-08,1.01738002369842e-09,9.53082045940191e-08,-8.26215669493565e-08,1.1644630537073e-08,-1.00494360268086e-07,4.14841073633914e-08,-2.66563759018799e-09,-4.31376263475062e-08,1.1644630537073e-08,-1.4022731770981e-08,-2.42748683954365e-08,-9.70479994770997e-08,5.50306476236754e-08,1.52753844347095e-07,-1.00494360268086e-07,-2.42748683954365e-08,-7.1540345405071e-09
4.39461002611106e-07,-2.95177584257571e-08,7.38059883813448e-08,-1.84595572436651e-07,2.12137221271708e-08,-1.61033533641989e-07,-2.95177584257571e-08,1.57233725397995e-07,1.01738002369842e-09,-6.75668043510755e-08,-5.86232640764346e-09,-1.13058859787171e-07,7.38059883813448e-08,1.01738002369842e-09,9.53082045940191e-08,-8.26215669493565e-08,1.1644630537073e-08,-1.00494360268086e-07,-1.84595572436651e-07,-6.75668043510755e-08,-8.26215669493565e-08,4.64745422375602e-07,-1.10501550160172e-07,4.36667728376877e-07,2.12137221271708e-08,-5.86232640764346e-09,1.1644630537073e-08,-1.10501550160172e-07,1.5272748851378e-08,-8.58061442430247e-08,-1.61033533641989e-07,-1.13058859787171e-07,-1.00494360268086e-07,4.36667728376877e-07,-8.58061442430247e-08,3.78189041117813e-07
-3.56286268551373e-07,1.35157068408454e-07,4.14841073633914e-08,2.12137221271708e-08,-1.42034476916257e-09,8.5463337850725e-08,1.35157068408454e-07,-5.51947311420886e-08,-2.66563759018799e-09,-5.86232640764346e-09,-9.36605556470546e-09,-1.59318190281526e-08,4.14841073633914e-08,-2.66563759018799e-09,-4.31376263475062e-08,1.1644630537073e-08,-1.4022731770981e-08,-2.42748683954365e-08,2.12137221271708e-08,-5.86232640764346e-09,1.1644630537073e-08,-1.10501550160172e-07,1.5272748851378e-08,-8.58061442430247e-08,-1.42034476916257e-09,-9.36605556470546e-09,-1.4022731770981e-08,1.5272748851378e-08,-3.57745761119419e-08,-1.4479434453967e-08,8.5463337850725e-08,-1.59318190281526e-08,-2.42748683954365e-08,-8.58061442430247e-08,-1.4479434453967e-08,-1.13990547033594e-07
1.27599421612121e-06,-1.61084430580686e-07,-9.70479994770997e-08,-1.61033533641989e-07,8.5463337850725e-08,-6.39836974181452e-07,-1.61084430580686e-07,1.2064194386842e-07,5.50306476236754e-08,-1.13058859787171e-07,-1.59318190281526e-08,-5.07033243547862e-08,-9.70479994770997e-08,5.50306476236754e-08,1.52753844347095e-07,-1.00494360268086e-07,-2.42748683954365e-08,-7.1540345405071e-09,-1.61033533641989e-07,-1.13058859787171e-07,-1.00494360268086e-07,4.36667728376877e-07,-8.58061442430247e-08,3.78189041117813e-07,8.5463337850725e-08,-1.59318190281526e-08,-2.42748683954365e-08,-8.58061442430247e-08,-1.4479434453967e-08,-1.13990547033594e-07,-6.39836974181452e-07,-5.07033243547862e-08,-7.1540345405071e-09,3.78189041117813e-07,-1.13990547033594e-07,5.08122477351555e-07
