"V1","V2","V3","V4","V5","V6","V7","V8","V9","V10","V11","V12","V13","V14","V15","V16","V17","V18","V19","V20","V21","V22","V23","V24","V25","V26","V27","V28","V29","V30","V31","V32","V33","V34","V35","V36"
2.82834629784568e-08,-2.15976283493748e-08,-1.22854986262668e-08,1.84912147804674e-10,1.19646769196541e-09,4.26615084431322e-10,-2.15976283493748e-08,-4.70464300708213e-09,1.41657690699595e-08,7.66234132352031e-09,1.87414386573001e-09,-9.61947762996311e-09,-1.22854986262668e-08,1.41657690699595e-08,6.13660473638528e-09,-2.30058173437156e-09,1.92161852848274e-10,3.36218815943358e-09,1.84912147804674e-10,7.66234132352031e-09,-2.30058173437156e-09,-1.05042776718965e-09,-1.11974015060048e-09,-4.32226633887698e-10,1.19646769196541e-09,1.87414386573001e-09,1.92161852848274e-10,-1.11974015060048e-09,7.02429779534349e-10,2.72706587107107e-09,4.26615084431322e-10,-9.61947762996311e-09,3.36218815943358e-09,-4.32226633887698e-10,2.72706587107107e-09,1.5171974492891e-08
-2.15976283493748e-08,-4.70464300708213e-09,1.41657690699595e-08,7.66234132352031e-09,1.87414386573001e-09,-9.61947762996311e-09,-4.70464300708213e-09,2.92929511631197e-08,6.7562860550822e-09,-3.09971270766095e-09,7.87181358405752e-09,1.06487073598643e-09,1.41657690699595e-08,6.7562860550822e-09,-8.49703740969394e-09,-2.34568716988306e-09,-2.70376645177065e-09,4.39328799852114e-09,7.66234132352031e-09,-3.09971270766095e-09,-2.34568716988306e-09,4.16848666486387e-09,-1.54614523044744e-09,-2.1830628918713e-10,1.87414386573001e-09,7.87181358405752e-09,-2.70376645177065e-09,-1.54614523044744e-09,2.41730067246016e-09,-9.10261815197327e-10,-9.61947762996311e-09,1.06487073598643e-09,4.39328799852114e-09,-2.1830628918713e-10,-9.10261815197327e-10,1.28279623687141e-08
-1.22854986262668e-08,1.41657690699595e-08,6.13660473638528e-09,-2.30058173437156e-09,1.92161852848274e-10,3.36218815943358e-09,1.41657690699595e-08,6.7562860550822e-09,-8.49703740969394e-09,-2.34568716988306e-09,-2.70376645177065e-09,4.39328799852114e-09,6.13660473638528e-09,-8.49703740969394e-09,-7.14241629917331e-09,-1.78819483895397e-10,3.49313126670517e-09,-8.17005541699584e-09,-2.30058173437156e-09,-2.34568716988306e-09,-1.78819483895397e-10,-8.45886503472719e-10,-9.55653068456727e-10,-1.67442390453109e-09,1.92161852848274e-10,-2.70376645177065e-09,3.49313126670517e-09,-9.55653068456727e-10,4.29713203889499e-09,3.64182632495242e-10,3.36218815943358e-09,4.39328799852114e-09,-8.17005541699584e-09,-1.67442390453109e-09,3.64182632495242e-10,-1.93853071134963e-08
1.84912147804674e-10,7.66234132352031e-09,-2.30058173437156e-09,-1.05042776718965e-09,-1.11974015060048e-09,-4.32226633887698e-10,7.66234132352031e-09,-3.09971270766095e-09,-2.34568716988306e-09,4.16848666486387e-09,-1.54614523044744e-09,-2.1830628918713e-10,-2.30058173437156e-09,-2.34568716988306e-09,-1.78819483895397e-10,-8.45886503472719e-10,-9.55653068456727e-10,-1.67442390453109e-09,-1.05042776718965e-09,4.16848666486387e-09,-8.45886503472719e-10,-4.48937253914013e-10,2.35996920971878e-09,-1.527617035036e-09,-1.11974015060048e-09,-1.54614523044744e-09,-9.55653068456727e-10,2.35996920971878e-09,-1.62442392621941e-09,-6.8344630478757e-10,-4.32226633887698e-10,-2.1830628918713e-10,-1.67442390453109e-09,-1.527617035036e-09,-6.8344630478757e-10,4.41588803118882e-09
1.19646769196541e-09,1.87414386573001e-09,1.92161852848274e-10,-1.11974015060048e-09,7.02429779534349e-10,2.72706587107107e-09,1.87414386573001e-09,7.87181358405752e-09,-2.70376645177065e-09,-1.54614523044744e-09,2.41730067246016e-09,-9.10261815197327e-10,1.92161852848274e-10,-2.70376645177065e-09,3.49313126670517e-09,-9.55653068456727e-10,4.29713203889499e-09,3.64182632495242e-10,-1.11974015060048e-09,-1.54614523044744e-09,-9.55653068456727e-10,2.35996920971878e-09,-1.62442392621941e-09,-6.8344630478757e-10,7.02429779534349e-10,2.41730067246016e-09,4.29713203889499e-09,-1.62442392621941e-09,8.72039370746085e-09,2.54959175286189e-09,2.72706587107107e-09,-9.10261815197327e-10,3.64182632495242e-10,-6.8344630478757e-10,2.54959175286189e-09,-5.13573332270752e-09
4.26615084431322e-10,-9.61947762996311e-09,3.36218815943358e-09,-4.32226633887698e-10,2.72706587107107e-09,1.5171974492891e-08,-9.61947762996311e-09,1.06487073598643e-09,4.39328799852114e-09,-2.1830628918713e-10,-9.10261815197327e-10,1.28279623687141e-08,3.36218815943358e-09,4.39328799852114e-09,-8.17005541699584e-09,-1.67442390453109e-09,3.64182632495242e-10,-1.93853071134963e-08,-4.32226633887698e-10,-2.1830628918713e-10,-1.67442390453109e-09,-1.527617035036e-09,-6.8344630478757e-10,4.41588803118882e-09,2.72706587107107e-09,-9.10261815197327e-10,3.64182632495242e-10,-6.8344630478757e-10,2.54959175286189e-09,-5.13573332270752e-09,1.5171974492891e-08,1.28279623687141e-08,-1.93853071134963e-08,4.41588803118882e-09,-5.13573332270752e-09,-1.39811339799804e-08
