"V1","V2","V3","V4","V5","V6","V7","V8","V9","V10","V11","V12","V13","V14","V15","V16","V17","V18","V19","V20","V21","V22","V23","V24","V25","V26","V27","V28","V29","V30","V31","V32","V33","V34","V35","V36"
-8.08384765753337e-07,-2.8731890768803e-08,-3.16385413563145e-07,-1.62286243227878e-07,-2.10353818191284e-07,-3.16345069970863e-07,-2.8731890768803e-08,-6.02734504142546e-08,-1.27854355333307e-09,1.46255243890754e-08,3.8407935372438e-08,7.67857851561628e-08,-3.16385413563145e-07,-1.27854355333307e-09,-7.75638503998372e-09,-4.50038986347497e-08,1.08845569018144e-09,-3.75743186788577e-08,-1.62286243227878e-07,1.46255243890754e-08,-4.50038986347497e-08,-2.73488774295017e-08,-2.69621394747033e-08,-4.25025436233365e-08,-2.10353818191284e-07,3.8407935372438e-08,1.08845569018144e-09,-2.69621394747033e-08,-9.51536286817072e-09,-3.31112923656535e-09,-3.16345069970863e-07,7.67857851561628e-08,-3.75743186788577e-08,-4.25025436233365e-08,-3.31112923656535e-09,8.72021849227901e-08
-2.8731890768803e-08,-6.02734504142546e-08,-1.27854355333307e-09,1.46255243890754e-08,3.8407935372438e-08,7.67857851561628e-08,-6.02734504142546e-08,4.14748253982126e-08,2.94040850133835e-09,-5.37794112962152e-08,-3.01452577578164e-08,-1.35981314551078e-07,-1.27854355333307e-09,2.94040850133835e-09,6.16980467818892e-08,1.14925352576049e-08,3.8186964696179e-08,-6.92345850320455e-08,1.46255243890754e-08,-5.37794112962152e-08,1.14925352576049e-08,2.11111872300064e-08,2.47739720790107e-08,7.30260102187881e-08,3.8407935372438e-08,-3.01452577578164e-08,3.8186964696179e-08,2.47739720790107e-08,3.00924656148074e-08,1.1759007248722e-08,7.67857851561628e-08,-1.35981314551078e-07,-6.92345850320455e-08,7.30260102187881e-08,1.1759007248722e-08,1.39074418273518e-07
-3.16385413563145e-07,-1.27854355333307e-09,-7.75638503998372e-09,-4.50038986347497e-08,1.08845569018144e-09,-3.75743186788577e-08,-1.27854355333307e-09,2.94040850133835e-09,6.16980467818892e-08,1.14925352576049e-08,3.8186964696179e-08,-6.92345850320455e-08,-7.75638503998372e-09,6.16980467818892e-08,6.39516855437927e-08,-3.98685148098099e-09,2.60711812843252e-08,-5.61269167029265e-08,-4.50038986347497e-08,1.14925352576049e-08,-3.98685148098099e-09,-8.19387290839064e-09,1.37932706450631e-09,2.1449009589001e-08,1.08845569018144e-09,3.8186964696179e-08,2.60711812843252e-08,1.37932706450631e-09,4.87248834963345e-09,-7.43860945351545e-09,-3.75743186788577e-08,-6.92345850320455e-08,-5.61269167029265e-08,2.1449009589001e-08,-7.43860945351545e-09,1.32315351198012e-07
-1.62286243227878e-07,1.46255243890754e-08,-4.50038986347497e-08,-2.73488774295017e-08,-2.69621394747033e-08,-4.25025436233365e-08,1.46255243890754e-08,-5.37794112962152e-08,1.14925352576049e-08,2.11111872300064e-08,2.47739720790107e-08,7.30260102187881e-08,-4.50038986347497e-08,1.14925352576049e-08,-3.98685148098099e-09,-8.19387290839064e-09,1.37932706450631e-09,2.1449009589001e-08,-2.73488774295017e-08,2.11111872300064e-08,-8.19387290839064e-09,-1.15169913241271e-08,-8.83829716779157e-09,-1.85744222169067e-08,-2.69621394747033e-08,2.47739720790107e-08,1.37932706450631e-09,-8.83829716779157e-09,-3.46067987491341e-09,-4.20562567717278e-09,-4.25025436233365e-08,7.30260102187881e-08,2.1449009589001e-08,-1.85744222169067e-08,-4.20562567717278e-09,-4.3877238839646e-08
-2.10353818191284e-07,3.8407935372438e-08,1.08845569018144e-09,-2.69621394747033e-08,-9.51536286817072e-09,-3.31112923656535e-09,3.8407935372438e-08,-3.01452577578164e-08,3.8186964696179e-08,2.47739720790107e-08,3.00924656148074e-08,1.1759007248722e-08,1.08845569018144e-09,3.8186964696179e-08,2.60711812843252e-08,1.37932706450631e-09,4.87248834963345e-09,-7.43860945351545e-09,-2.69621394747033e-08,2.47739720790107e-08,1.37932706450631e-09,-8.83829716779157e-09,-3.46067987491341e-09,-4.20562567717278e-09,-9.51536286817072e-09,3.00924656148074e-08,4.87248834963345e-09,-3.46067987491341e-09,-5.88398642970355e-09,-5.00601787287821e-09,-3.31112923656535e-09,1.1759007248722e-08,-7.43860945351545e-09,-4.20562567717278e-09,-5.00601787287821e-09,3.50760175835275e-08
-3.16345069970863e-07,7.67857851561628e-08,-3.75743186788577e-08,-4.25025436233365e-08,-3.31112923656535e-09,8.72021849227901e-08,7.67857851561628e-08,-1.35981314551078e-07,-6.92345850320455e-08,7.30260102187881e-08,1.1759007248722e-08,1.39074418273518e-07,-3.75743186788577e-08,-6.92345850320455e-08,-5.61269167029265e-08,2.1449009589001e-08,-7.43860945351545e-09,1.32315351198012e-07,-4.25025436233365e-08,7.30260102187881e-08,2.1449009589001e-08,-1.85744222169067e-08,-4.20562567717278e-09,-4.3877238839646e-08,-3.31112923656535e-09,1.1759007248722e-08,-7.43860945351545e-09,-4.20562567717278e-09,-5.00601787287821e-09,3.50760175835275e-08,8.72021849227901e-08,1.39074418273518e-07,1.32315351198012e-07,-4.3877238839646e-08,3.50760175835275e-08,-2.00545546433785e-07
