"Mkt.RF","SMB","HML","RMW","CMA","MOM"
5.15780726728039e-05,5.42533241071243e-06,-5.75412211512836e-06,-3.25425643945441e-06,-3.93102581769043e-06,4.93489223840231e-06
5.42533241071243e-06,2.19694648325316e-05,-7.46772860716867e-06,-3.23524961163133e-06,-2.88244947056308e-06,1.27321120047524e-05
-5.75412211512836e-06,-7.46772860716867e-06,2.27971441852445e-05,-4.10785298497067e-07,8.84195317354277e-06,-2.46408329462476e-05
-3.25425643945441e-06,-3.23524961163133e-06,-4.10785298497067e-07,9.67299085062431e-06,-2.4413798037611e-07,2.93930432000571e-06
-3.93102581769043e-06,-2.88244947056308e-06,8.84195317354277e-06,-2.4413798037611e-07,6.60776674262719e-06,-7.05624961163324e-06
4.93489223840231e-06,1.27321120047524e-05,-2.46408329462476e-05,2.93930432000571e-06,-7.05624961163324e-06,6.3332102183804e-05
