"V1","V2","V3","V4","V5","V6","V7","V8","V9","V10","V11","V12","V13","V14","V15","V16","V17","V18","V19","V20","V21","V22","V23","V24","V25","V26","V27","V28","V29","V30","V31","V32","V33","V34","V35","V36"
3.65996541288998e-08,1.4447711784713e-08,-1.09011235401627e-07,-3.45090235193244e-08,-5.58446958932211e-08,-1.04971310252427e-07,1.4447711784713e-08,2.71438925390682e-09,-1.10021441115655e-08,-1.26345718397122e-08,-1.9017254377712e-08,-4.12288146855703e-08,-1.09011235401627e-07,-1.10021441115655e-08,7.12821118538519e-08,4.28044203451869e-09,5.23824450120186e-08,4.7693273143431e-08,-3.45090235193244e-08,-1.26345718397122e-08,4.28044203451869e-09,1.08476731697994e-08,6.81556571752421e-09,2.58845345037718e-08,-5.58446958932211e-08,-1.9017254377712e-08,5.23824450120186e-08,6.81556571752421e-09,2.473187050597e-08,1.73709544161839e-08,-1.04971310252427e-07,-4.12288146855703e-08,4.7693273143431e-08,2.58845345037718e-08,1.73709544161839e-08,3.3935494154644e-08
1.4447711784713e-08,2.71438925390682e-09,-1.10021441115655e-08,-1.26345718397122e-08,-1.9017254377712e-08,-4.12288146855703e-08,2.71438925390682e-09,-4.07271626415628e-09,5.12728328418361e-09,-7.29329891484993e-10,3.18669909947066e-09,6.01011627196509e-09,-1.10021441115655e-08,5.12728328418361e-09,2.54533557682266e-08,-6.49122591602033e-09,1.27248883629916e-08,-8.58393295226956e-09,-1.26345718397122e-08,-7.29329891484993e-10,-6.49122591602033e-09,9.35599671479175e-09,2.00923590289281e-09,1.85770192546525e-08,-1.9017254377712e-08,3.18669909947066e-09,1.27248883629916e-08,2.00923590289281e-09,1.27892215588427e-08,7.56860794612788e-09,-4.12288146855703e-08,6.01011627196509e-09,-8.58393295226956e-09,1.85770192546525e-08,7.56860794612788e-09,4.60622031327438e-08
-1.09011235401627e-07,-1.10021441115655e-08,7.12821118538519e-08,4.28044203451869e-09,5.23824450120186e-08,4.7693273143431e-08,-1.10021441115655e-08,5.12728328418361e-09,2.54533557682266e-08,-6.49122591602033e-09,1.27248883629916e-08,-8.58393295226956e-09,7.12821118538519e-08,2.54533557682266e-08,-4.18632323160516e-08,-4.17079348625879e-09,-1.3935708802278e-08,2.68038562177177e-09,4.28044203451869e-09,-6.49122591602033e-09,-4.17079348625879e-09,-2.60762965840001e-10,-6.01561930380185e-09,-1.30474552167048e-08,5.23824450120186e-08,1.27248883629916e-08,-1.3935708802278e-08,-6.01561930380185e-09,-7.3432310436691e-09,-1.23908355661334e-08,4.7693273143431e-08,-8.58393295226956e-09,2.68038562177177e-09,-1.30474552167048e-08,-1.23908355661334e-08,-3.60412827592369e-08
-3.45090235193244e-08,-1.26345718397122e-08,4.28044203451869e-09,1.08476731697994e-08,6.81556571752421e-09,2.58845345037718e-08,-1.26345718397122e-08,-7.29329891484993e-10,-6.49122591602033e-09,9.35599671479175e-09,2.00923590289281e-09,1.85770192546525e-08,4.28044203451869e-09,-6.49122591602033e-09,-4.17079348625879e-09,-2.60762965840001e-10,-6.01561930380185e-09,-1.30474552167048e-08,1.08476731697994e-08,9.35599671479175e-09,-2.60762965840001e-10,-1.84154350477542e-09,3.63793202588801e-09,5.31039288456756e-10,6.81556571752421e-09,2.00923590289281e-09,-6.01561930380185e-09,3.63793202588801e-09,2.68126290174411e-11,-1.55863292592256e-09,2.58845345037718e-08,1.85770192546525e-08,-1.30474552167048e-08,5.31039288456756e-10,-1.55863292592256e-09,6.13542280972514e-09
-5.58446958932211e-08,-1.9017254377712e-08,5.23824450120186e-08,6.81556571752421e-09,2.473187050597e-08,1.73709544161839e-08,-1.9017254377712e-08,3.18669909947066e-09,1.27248883629916e-08,2.00923590289281e-09,1.27892215588427e-08,7.56860794612788e-09,5.23824450120186e-08,1.27248883629916e-08,-1.3935708802278e-08,-6.01561930380185e-09,-7.3432310436691e-09,-1.23908355661334e-08,6.81556571752421e-09,2.00923590289281e-09,-6.01561930380185e-09,3.63793202588801e-09,2.68126290174411e-11,-1.55863292592256e-09,2.473187050597e-08,1.27892215588427e-08,-7.3432310436691e-09,2.68126290174411e-11,6.60321842268714e-09,4.55303765706455e-09,1.73709544161839e-08,7.56860794612788e-09,-1.23908355661334e-08,-1.55863292592256e-09,4.55303765706455e-09,1.64834940040223e-08
-1.04971310252427e-07,-4.12288146855703e-08,4.7693273143431e-08,2.58845345037718e-08,1.73709544161839e-08,3.3935494154644e-08,-4.12288146855703e-08,6.01011627196509e-09,-8.58393295226956e-09,1.85770192546525e-08,7.56860794612788e-09,4.60622031327438e-08,4.7693273143431e-08,-8.58393295226956e-09,2.68038562177177e-09,-1.30474552167048e-08,-1.23908355661334e-08,-3.60412827592369e-08,2.58845345037718e-08,1.85770192546525e-08,-1.30474552167048e-08,5.31039288456756e-10,-1.55863292592256e-09,6.13542280972514e-09,1.73709544161839e-08,7.56860794612788e-09,-1.23908355661334e-08,-1.55863292592256e-09,4.55303765706455e-09,1.64834940040223e-08,3.3935494154644e-08,4.60622031327438e-08,-3.60412827592369e-08,6.13542280972514e-09,1.64834940040223e-08,4.36495079489148e-08
