"Mkt.RF","SMB","HML","RMW","CMA","MOM"
0.000163737870414408,-4.20701864045813e-05,-5.64473113554587e-05,-1.61185890902036e-05,-6.26292157299126e-05,8.26771378035308e-06
-4.20701864045813e-05,6.62181067978918e-05,1.00368772927072e-05,-7.74364617152035e-06,5.48631999705769e-06,-3.78365816126173e-05
-5.64473113554587e-05,1.00368772927072e-05,3.28146157204238e-05,5.14076542857105e-06,2.66586585824564e-05,-1.13939577749449e-05
-1.61185890902036e-05,-7.74364617152035e-06,5.14076542857105e-06,1.54154569056654e-05,1.0539850165262e-05,9.38648073334487e-06
-6.26292157299126e-05,5.48631999705769e-06,2.66586585824564e-05,1.0539850165262e-05,4.62746733601914e-05,1.00093846629142e-06
8.26771378035308e-06,-3.78365816126173e-05,-1.13939577749449e-05,9.38648073334487e-06,1.00093846629142e-06,6.77222808018508e-05
