"V1","V2","V3","V4","V5","V6","V7","V8","V9","V10","V11","V12","V13","V14","V15","V16","V17","V18","V19","V20","V21","V22","V23","V24","V25","V26","V27","V28","V29","V30","V31","V32","V33","V34","V35","V36"
2.8782435810224e-06,-1.53785058443084e-06,-2.71870835219284e-07,-7.53541787131834e-07,1.3219537367807e-07,-1.15299164463214e-06,-1.53785058443084e-06,6.45579097358193e-07,4.03012284222723e-08,2.51596445861859e-07,-5.91265497290799e-08,3.54513672611481e-07,-2.71870835219284e-07,4.03012284222723e-08,6.16761421844897e-08,4.2178932979082e-09,6.58183170096993e-08,-5.82429337626245e-08,-7.53541787131834e-07,2.51596445861859e-07,4.2178932979082e-09,2.67989644968717e-07,-1.19620564166209e-07,4.43655422267369e-07,1.3219537367807e-07,-5.91265497290799e-08,6.58183170096993e-08,-1.19620564166209e-07,7.52004651496164e-08,-9.34514759300248e-08,-1.15299164463214e-06,3.54513672611481e-07,-5.82429337626245e-08,4.43655422267369e-07,-9.34514759300248e-08,4.47447441756577e-07
-1.53785058443084e-06,6.45579097358193e-07,4.03012284222723e-08,2.51596445861859e-07,-5.91265497290799e-08,3.54513672611481e-07,6.45579097358193e-07,-3.28039773811878e-07,-6.6386321078123e-08,-4.1971366377189e-08,6.4977614214702e-08,-1.88224503175391e-07,4.03012284222723e-08,-6.6386321078123e-08,-5.78975576036333e-08,3.44389986854638e-08,-2.37898729505147e-08,5.41524960040436e-08,2.51596445861859e-07,-4.1971366377189e-08,3.44389986854638e-08,-1.12821091044198e-07,2.18325905361745e-08,-1.45077643799306e-07,-5.91265497290799e-08,6.4977614214702e-08,-2.37898729505147e-08,2.18325905361745e-08,-3.50777173935119e-08,1.49420736621531e-08,3.54513672611481e-07,-1.88224503175391e-07,5.41524960040436e-08,-1.45077643799306e-07,1.49420736621531e-08,-1.25204715904732e-07
-2.71870835219284e-07,4.03012284222723e-08,6.16761421844897e-08,4.2178932979082e-09,6.58183170096993e-08,-5.82429337626245e-08,4.03012284222723e-08,-6.6386321078123e-08,-5.78975576036333e-08,3.44389986854638e-08,-2.37898729505147e-08,5.41524960040436e-08,6.16761421844897e-08,-5.78975576036333e-08,-1.1480373301754e-07,9.08869708360205e-08,-7.44554335310564e-08,8.56156084449379e-08,4.2178932979082e-09,3.44389986854638e-08,9.08869708360205e-08,-8.03773412529508e-08,5.04631650552202e-08,-8.11712921694535e-08,6.58183170096993e-08,-2.37898729505147e-08,-7.44554335310564e-08,5.04631650552202e-08,-5.24496239884691e-08,3.32150333645792e-08,-5.82429337626245e-08,5.41524960040436e-08,8.56156084449379e-08,-8.11712921694535e-08,3.32150333645792e-08,-6.57577731336307e-08
-7.53541787131834e-07,2.51596445861859e-07,4.2178932979082e-09,2.67989644968717e-07,-1.19620564166209e-07,4.43655422267369e-07,2.51596445861859e-07,-4.1971366377189e-08,3.44389986854638e-08,-1.12821091044198e-07,2.18325905361745e-08,-1.45077643799306e-07,4.2178932979082e-09,3.44389986854638e-08,9.08869708360205e-08,-8.03773412529508e-08,5.04631650552202e-08,-8.11712921694535e-08,2.67989644968717e-07,-1.12821091044198e-07,-8.03773412529508e-08,1.09816832952822e-07,-4.57478305171392e-08,3.46543218115208e-08,-1.19620564166209e-07,2.18325905361745e-08,5.04631650552202e-08,-4.57478305171392e-08,3.70019626838124e-08,-3.65984278793286e-08,4.43655422267369e-07,-1.45077643799306e-07,-8.11712921694535e-08,3.46543218115208e-08,-3.65984278793286e-08,-7.49544687178036e-08
1.3219537367807e-07,-5.91265497290799e-08,6.58183170096993e-08,-1.19620564166209e-07,7.52004651496164e-08,-9.34514759300248e-08,-5.91265497290799e-08,6.4977614214702e-08,-2.37898729505147e-08,2.18325905361745e-08,-3.50777173935119e-08,1.49420736621531e-08,6.58183170096993e-08,-2.37898729505147e-08,-7.44554335310564e-08,5.04631650552202e-08,-5.24496239884691e-08,3.32150333645792e-08,-1.19620564166209e-07,2.18325905361745e-08,5.04631650552202e-08,-4.57478305171392e-08,3.70019626838124e-08,-3.65984278793286e-08,7.52004651496164e-08,-3.50777173935119e-08,-5.24496239884691e-08,3.70019626838124e-08,-5.22605352693335e-08,2.12626025795071e-08,-9.34514759300248e-08,1.49420736621531e-08,3.32150333645792e-08,-3.65984278793286e-08,2.12626025795071e-08,-3.9273538042391e-08
-1.15299164463214e-06,3.54513672611481e-07,-5.82429337626245e-08,4.43655422267369e-07,-9.34514759300248e-08,4.47447441756577e-07,3.54513672611481e-07,-1.88224503175391e-07,5.41524960040436e-08,-1.45077643799306e-07,1.49420736621531e-08,-1.25204715904732e-07,-5.82429337626245e-08,5.41524960040436e-08,8.56156084449379e-08,-8.11712921694535e-08,3.32150333645792e-08,-6.57577731336307e-08,4.43655422267369e-07,-1.45077643799306e-07,-8.11712921694535e-08,3.46543218115208e-08,-3.65984278793286e-08,-7.49544687178036e-08,-9.34514759300248e-08,1.49420736621531e-08,3.32150333645792e-08,-3.65984278793286e-08,2.12626025795071e-08,-3.9273538042391e-08,4.47447441756577e-07,-1.25204715904732e-07,-6.57577731336307e-08,-7.49544687178036e-08,-3.9273538042391e-08,-2.20669884613718e-07
