"V1","V2","V3","V4","V5","V6","V7","V8","V9","V10","V11","V12","V13","V14","V15","V16","V17","V18","V19","V20","V21","V22","V23","V24","V25","V26","V27","V28","V29","V30","V31","V32","V33","V34","V35","V36"
-8.48777014513698e-08,-1.55633559428272e-07,9.96592563378802e-09,1.01045727934973e-07,-2.8307050604706e-09,4.32857958430147e-08,-1.55633559428272e-07,9.31794047523191e-08,5.09594575482974e-08,-3.28741949614226e-08,3.22171602275378e-08,-3.76492383449696e-08,9.96592563378802e-09,5.09594575482974e-08,1.80988769324714e-08,-2.91867996093743e-08,9.43487446213198e-09,-1.36899792946925e-08,1.01045727934973e-07,-3.28741949614226e-08,-2.91867996093743e-08,8.53317472404093e-09,-1.86956251314638e-08,2.2144073511837e-08,-2.8307050604706e-09,3.22171602275378e-08,9.43487446213198e-09,-1.86956251314638e-08,8.20982272115373e-09,-1.83888046210181e-08,4.32857958430147e-08,-3.76492383449696e-08,-1.36899792946925e-08,2.2144073511837e-08,-1.83888046210181e-08,4.31678753117208e-08
-1.55633559428272e-07,9.31794047523191e-08,5.09594575482974e-08,-3.28741949614226e-08,3.22171602275378e-08,-3.76492383449696e-08,9.31794047523191e-08,-6.10005121039994e-08,-1.57807273427926e-08,2.43987797013872e-08,-1.07745995700085e-08,1.72028480905528e-08,5.09594575482974e-08,-1.57807273427926e-08,-3.2547785498868e-08,4.16607158751660e-09,-2.00284776663525e-08,1.02182678592728e-08,-3.28741949614226e-08,2.43987797013872e-08,4.16607158751660e-09,-8.7552411432652e-09,3.90920930659867e-09,-4.11616536870546e-09,3.22171602275378e-08,-1.07745995700085e-08,-2.00284776663525e-08,3.90920930659867e-09,-9.78787892556337e-09,9.73142900873246e-09,-3.76492383449696e-08,1.72028480905528e-08,1.02182678592728e-08,-4.11616536870546e-09,9.73142900873246e-09,-1.52462639850224e-08
9.96592563378802e-09,5.09594575482974e-08,1.80988769324714e-08,-2.91867996093743e-08,9.43487446213198e-09,-1.36899792946925e-08,5.09594575482974e-08,-1.57807273427926e-08,-3.2547785498868e-08,4.16607158751660e-09,-2.00284776663525e-08,1.02182678592728e-08,1.80988769324714e-08,-3.2547785498868e-08,9.35907301067791e-09,1.1071745137409e-08,6.49844370961133e-09,1.43496533070163e-08,-2.91867996093743e-08,4.16607158751660e-09,1.1071745137409e-08,7.30123733518045e-10,7.59179216970476e-09,-4.94234324460489e-09,9.43487446213198e-09,-2.00284776663525e-08,6.49844370961133e-09,7.59179216970476e-09,5.69734665650959e-09,9.16362157866524e-09,-1.36899792946925e-08,1.02182678592728e-08,1.43496533070163e-08,-4.94234324460489e-09,9.16362157866524e-09,-1.3368097736453e-08
1.01045727934973e-07,-3.28741949614226e-08,-2.91867996093743e-08,8.53317472404093e-09,-1.86956251314638e-08,2.2144073511837e-08,-3.28741949614226e-08,2.43987797013872e-08,4.16607158751660e-09,-8.7552411432652e-09,3.90920930659867e-09,-4.11616536870546e-09,-2.91867996093743e-08,4.16607158751660e-09,1.1071745137409e-08,7.30123733518045e-10,7.59179216970476e-09,-4.94234324460489e-09,8.53317472404093e-09,-8.7552411432652e-09,7.30123733518045e-10,4.0596273037964e-09,-1.51582673972893e-09,8.39111597072235e-10,-1.86956251314638e-08,3.90920930659867e-09,7.59179216970476e-09,-1.51582673972893e-09,2.68140272816146e-09,-5.98021290017747e-09,2.2144073511837e-08,-4.11616536870546e-09,-4.94234324460489e-09,8.39111597072235e-10,-5.98021290017747e-09,8.93926943997714e-09
-2.8307050604706e-09,3.22171602275378e-08,9.43487446213198e-09,-1.86956251314638e-08,8.20982272115373e-09,-1.83888046210181e-08,3.22171602275378e-08,-1.07745995700085e-08,-2.00284776663525e-08,3.90920930659867e-09,-9.78787892556337e-09,9.73142900873246e-09,9.43487446213198e-09,-2.00284776663525e-08,6.49844370961133e-09,7.59179216970476e-09,5.69734665650959e-09,9.16362157866524e-09,-1.86956251314638e-08,3.90920930659867e-09,7.59179216970476e-09,-1.51582673972893e-09,2.68140272816146e-09,-5.98021290017747e-09,8.20982272115373e-09,-9.78787892556337e-09,5.69734665650959e-09,2.68140272816146e-09,-2.41576714817927e-11,6.75764770371805e-09,-1.83888046210181e-08,9.73142900873246e-09,9.16362157866524e-09,-5.98021290017747e-09,6.75764770371805e-09,-1.74241788973021e-08
4.32857958430147e-08,-3.76492383449696e-08,-1.36899792946925e-08,2.2144073511837e-08,-1.83888046210181e-08,4.31678753117208e-08,-3.76492383449696e-08,1.72028480905528e-08,1.02182678592728e-08,-4.11616536870546e-09,9.73142900873246e-09,-1.52462639850224e-08,-1.36899792946925e-08,1.02182678592728e-08,1.43496533070163e-08,-4.94234324460489e-09,9.16362157866524e-09,-1.3368097736453e-08,2.2144073511837e-08,-4.11616536870546e-09,-4.94234324460489e-09,8.39111597072235e-10,-5.98021290017747e-09,8.93926943997714e-09,-1.83888046210181e-08,9.73142900873246e-09,9.16362157866524e-09,-5.98021290017747e-09,6.75764770371805e-09,-1.74241788973021e-08,4.31678753117208e-08,-1.52462639850224e-08,-1.3368097736453e-08,8.93926943997714e-09,-1.74241788973021e-08,1.50951529711186e-08
