"Mkt.RF","SMB","HML","RMW","CMA","MOM"
8.15062214913283e-05,2.66397165143802e-05,1.51159561438191e-05,-2.42443884758333e-05,-4.73853528644256e-06,-4.3127251226074e-05
2.66397165143802e-05,2.85823879836974e-05,4.79297915617598e-06,-1.16484770742943e-05,-2.17639289229885e-06,-1.61826553549256e-05
1.51159561438191e-05,4.79297915617598e-06,1.76642638702369e-05,-1.13739010462607e-05,3.1370743599291e-06,-1.84071946928307e-05
-2.42443884758333e-05,-1.16484770742943e-05,-1.13739010462607e-05,1.50926235802308e-05,3.06524567725751e-07,2.37664344534674e-05
-4.73853528644256e-06,-2.17639289229885e-06,3.1370743599291e-06,3.06524567725751e-07,4.78296843582572e-06,2.8334483008956e-06
-4.3127251226074e-05,-1.61826553549256e-05,-1.84071946928307e-05,2.37664344534674e-05,2.8334483008956e-06,5.33590596925229e-05
