"Mkt.RF","SMB","HML","RMW","CMA","MOM"
2.03722373796124e-05,-2.91921877934237e-06,-8.83177058317591e-06,1.31459208825726e-06,-4.86604571704041e-06,4.94833945735901e-06
-2.91921877934237e-06,1.26027918377999e-05,-4.61458588917968e-08,-2.24953345880347e-06,-2.57638280763512e-07,2.78735840139993e-06
-8.83177058317591e-06,-4.61458588917968e-08,1.20954661574656e-05,-2.64528847552471e-06,7.15871244233726e-06,1.49154341340527e-07
1.31459208825726e-06,-2.24953345880347e-06,-2.64528847552471e-06,3.73450469268834e-06,-1.60360331938344e-06,-2.38899562581273e-06
-4.86604571704041e-06,-2.57638280763512e-07,7.15871244233726e-06,-1.60360331938344e-06,7.52350248090658e-06,-7.51612417855354e-07
4.94833945735901e-06,2.78735840139993e-06,1.49154341340527e-07,-2.38899562581273e-06,-7.51612417855354e-07,1.50838842313962e-05
