"V1","V2","V3","V4","V5","V6","V7","V8","V9","V10","V11","V12","V13","V14","V15","V16","V17","V18","V19","V20","V21","V22","V23","V24","V25","V26","V27","V28","V29","V30","V31","V32","V33","V34","V35","V36"
9.97184843357026e-07,-7.50140405351415e-08,-3.26255562867411e-07,-1.76194918114375e-07,-2.76405912043304e-07,-2.77236445644682e-07,-7.50140405351415e-08,-4.78732975339635e-08,2.21291962039072e-08,2.17883371529333e-08,6.66674979368314e-08,-1.39493691940421e-08,-3.26255562867411e-07,2.21291962039072e-08,-1.46904017121406e-08,4.27971240448625e-08,4.01395067147397e-08,8.54925255962525e-08,-1.76194918114375e-07,2.17883371529333e-08,4.27971240448625e-08,-9.91233757446052e-09,5.3393361482456e-08,2.04145169468861e-09,-2.76405912043304e-07,6.66674979368314e-08,4.01395067147397e-08,5.3393361482456e-08,4.15080395759501e-08,3.85151073249947e-08,-2.77236445644682e-07,-1.39493691940421e-08,8.54925255962525e-08,2.04145169468861e-09,3.85151073249947e-08,1.08624760686602e-07
-7.50140405351415e-08,-4.78732975339635e-08,2.21291962039072e-08,2.17883371529333e-08,6.66674979368314e-08,-1.39493691940421e-08,-4.78732975339635e-08,-4.86793741598552e-08,-2.33202567818904e-09,-1.21210689013314e-08,1.09221685797583e-08,-2.66511436672047e-08,2.21291962039072e-08,-2.33202567818904e-09,-2.37311056912644e-08,-6.87892890098118e-09,-1.24706527029602e-08,2.24687656553132e-08,2.17883371529333e-08,-1.21210689013314e-08,-6.87892890098118e-09,2.80658312385175e-09,-1.1476029869229e-09,2.49840346747675e-08,6.66674979368314e-08,1.09221685797583e-08,-1.24706527029602e-08,-1.1476029869229e-09,-2.4084819592053e-08,7.30038373476195e-09,-1.39493691940421e-08,-2.66511436672047e-08,2.24687656553132e-08,2.49840346747675e-08,7.30038373476195e-09,5.89228441166084e-08
-3.26255562867411e-07,2.21291962039072e-08,-1.46904017121406e-08,4.27971240448625e-08,4.01395067147397e-08,8.54925255962525e-08,2.21291962039072e-08,-2.33202567818904e-09,-2.37311056912644e-08,-6.87892890098118e-09,-1.24706527029602e-08,2.24687656553132e-08,-1.46904017121406e-08,-2.37311056912644e-08,5.27943801992397e-08,-1.26872433542985e-08,1.82417613037139e-08,-9.62307903463333e-08,4.27971240448625e-08,-6.87892890098118e-09,-1.26872433542985e-08,-1.58678182592095e-08,-1.80503532047907e-08,-1.45360775206682e-08,4.01395067147397e-08,-1.24706527029602e-08,1.82417613037139e-08,-1.80503532047907e-08,-5.13734038623961e-10,-3.86061044406345e-08,8.54925255962525e-08,2.24687656553132e-08,-9.62307903463333e-08,-1.45360775206682e-08,-3.86061044406345e-08,5.03137880484798e-08
-1.76194918114375e-07,2.17883371529333e-08,4.27971240448625e-08,-9.91233757446052e-09,5.3393361482456e-08,2.04145169468861e-09,2.17883371529333e-08,-1.21210689013314e-08,-6.87892890098118e-09,2.80658312385175e-09,-1.1476029869229e-09,2.49840346747675e-08,4.27971240448625e-08,-6.87892890098118e-09,-1.26872433542985e-08,-1.58678182592095e-08,-1.80503532047907e-08,-1.45360775206682e-08,-9.91233757446052e-09,2.80658312385175e-09,-1.58678182592095e-08,4.42948841393721e-09,-8.01986926239464e-09,2.56127589436665e-09,5.3393361482456e-08,-1.1476029869229e-09,-1.80503532047907e-08,-8.01986926239464e-09,-1.83279218710903e-08,-3.42117921258657e-09,2.04145169468861e-09,2.49840346747675e-08,-1.45360775206682e-08,2.56127589436665e-09,-3.42117921258657e-09,-2.03699542773613e-08
-2.76405912043304e-07,6.66674979368314e-08,4.01395067147397e-08,5.3393361482456e-08,4.15080395759501e-08,3.85151073249947e-08,6.66674979368314e-08,1.09221685797583e-08,-1.24706527029602e-08,-1.1476029869229e-09,-2.4084819592053e-08,7.30038373476195e-09,4.01395067147397e-08,-1.24706527029602e-08,1.82417613037139e-08,-1.80503532047907e-08,-5.13734038623961e-10,-3.86061044406345e-08,5.3393361482456e-08,-1.1476029869229e-09,-1.80503532047907e-08,-8.01986926239464e-09,-1.83279218710903e-08,-3.42117921258657e-09,4.15080395759501e-08,-2.4084819592053e-08,-5.13734038623961e-10,-1.83279218710903e-08,-8.57162757295336e-09,-2.14824903645878e-08,3.85151073249947e-08,7.30038373476195e-09,-3.86061044406345e-08,-3.42117921258657e-09,-2.14824903645878e-08,-2.42235927539707e-08
-2.77236445644682e-07,-1.39493691940421e-08,8.54925255962525e-08,2.04145169468861e-09,3.85151073249947e-08,1.08624760686602e-07,-1.39493691940421e-08,-2.66511436672047e-08,2.24687656553132e-08,2.49840346747675e-08,7.30038373476195e-09,5.89228441166084e-08,8.54925255962525e-08,2.24687656553132e-08,-9.62307903463333e-08,-1.45360775206682e-08,-3.86061044406345e-08,5.03137880484798e-08,2.04145169468861e-09,2.49840346747675e-08,-1.45360775206682e-08,2.56127589436665e-09,-3.42117921258657e-09,-2.03699542773613e-08,3.85151073249947e-08,7.30038373476195e-09,-3.86061044406345e-08,-3.42117921258657e-09,-2.14824903645878e-08,-2.42235927539707e-08,1.08624760686602e-07,5.89228441166084e-08,5.03137880484798e-08,-2.03699542773613e-08,-2.42235927539707e-08,-2.67981416851732e-07
