"Mkt.RF","SMB","HML","RMW","CMA","MOM"
3.51428162764206e-05,1.38709419404101e-05,-3.04469680027856e-06,3.04407270610845e-06,-2.1233989018262e-06,1.21302899265396e-05
1.38709419404101e-05,1.74682240486977e-05,-1.89185304760183e-06,-1.75131448072927e-06,-2.00412722562489e-07,7.54908931523155e-06
-3.04469680027856e-06,-1.89185304760183e-06,3.94226955116589e-06,1.05761223514742e-06,5.93785714270442e-07,1.11381902364754e-06
3.04407270610845e-06,-1.75131448072927e-06,1.05761223514742e-06,6.62328989666095e-06,-1.57789293146338e-06,5.1618964422391e-06
-2.1233989018262e-06,-2.00412722562489e-07,5.93785714270442e-07,-1.57789293146338e-06,1.9899149889725e-06,-2.42386309470909e-06
1.21302899265396e-05,7.54908931523155e-06,1.11381902364754e-06,5.1618964422391e-06,-2.42386309470909e-06,2.35650698439445e-05
