"Mkt.RF","SMB","HML","RMW","CMA","MOM"
0.000119772634229329,-2.60051618596728e-05,-5.20631774030477e-05,-4.22104931987513e-05,-6.78140102905271e-05,-0.000106348693207179
-2.60051618596728e-05,3.44845819800315e-05,1.14104051364558e-06,-5.69309237640465e-07,1.14138238659904e-05,1.7978317297847e-05
-5.20631774030477e-05,1.14104051364558e-06,4.24273962958593e-05,2.4296093012132e-05,3.5836978654633e-05,6.03635656317091e-05
-4.22104931987513e-05,-5.69309237640465e-07,2.4296093012132e-05,4.18812746833237e-05,3.68569770657419e-05,5.95123953018458e-05
-6.78140102905271e-05,1.14138238659904e-05,3.5836978654633e-05,3.68569770657419e-05,5.61560321049606e-05,8.32104521774668e-05
-0.000106348693207179,1.7978317297847e-05,6.03635656317091e-05,5.95123953018458e-05,8.32104521774668e-05,0.000146766228961127
