"Mkt.RF","SMB","HML","RMW","CMA","MOM"
0.00011330510123731,-4.35942024679283e-06,-7.56049605400926e-05,-6.12547143566969e-05,-5.94023206581614e-05,5.22897123080119e-05
-4.35942024679283e-06,3.7405936996421e-05,-8.65721584208497e-06,-2.0751071367012e-05,-4.54645736805946e-06,1.23946876688331e-05
-7.56049605400926e-05,-8.65721584208497e-06,8.47585419190309e-05,5.63410045182559e-05,6.1163372659869e-05,-5.37851802550752e-05
-6.12547143566969e-05,-2.0751071367012e-05,5.63410045182559e-05,7.6267120113259e-05,4.63867955479148e-05,-4.91807892156768e-05
-5.94023206581614e-05,-4.54645736805946e-06,6.1163372659869e-05,4.63867955479148e-05,6.33591142101622e-05,-3.71083791641825e-05
5.22897123080119e-05,1.23946876688331e-05,-5.37851802550752e-05,-4.91807892156768e-05,-3.71083791641825e-05,8.24510938736827e-05
