"V1","V2","V3","V4","V5","V6","V7","V8","V9","V10","V11","V12","V13","V14","V15","V16","V17","V18","V19","V20","V21","V22","V23","V24","V25","V26","V27","V28","V29","V30","V31","V32","V33","V34","V35","V36"
-7.59887876741205e-07,-2.92957709355081e-07,4.32640557609271e-07,5.49356963017853e-07,1.15197580765195e-07,-2.99216404794724e-07,-2.92957709355081e-07,1.31938280329017e-07,1.07390551679481e-07,1.32204023118361e-07,1.2775361800623e-07,-1.82252111840158e-07,4.32640557609271e-07,1.07390551679481e-07,-4.01235686047693e-07,-4.50394981315519e-07,-2.51661673672554e-07,1.87923317716313e-07,5.49356963017853e-07,1.32204023118361e-07,-4.50394981315519e-07,-4.63579435291954e-07,-2.82586127559725e-07,3.08500335533498e-07,1.15197580765195e-07,1.2775361800623e-07,-2.51661673672554e-07,-2.82586127559725e-07,-7.65862223737056e-08,1.1703384879693e-07,-2.99216404794724e-07,-1.82252111840158e-07,1.87923317716313e-07,3.08500335533498e-07,1.1703384879693e-07,-2.31989365968013e-07
-2.92957709355081e-07,1.31938280329017e-07,1.07390551679481e-07,1.32204023118361e-07,1.2775361800623e-07,-1.82252111840158e-07,1.31938280329017e-07,-3.12889592387985e-07,1.42399176988782e-07,3.06798401015415e-07,1.15629772079173e-07,-2.83933244839324e-07,1.07390551679481e-07,1.42399176988782e-07,-2.32454217008813e-07,-3.40352918549246e-07,-2.01038495079522e-07,3.22677630866337e-07,1.32204023118361e-07,3.06798401015415e-07,-3.40352918549246e-07,-4.13558608493606e-07,-2.93839060909181e-07,4.35128381793624e-07,1.2775361800623e-07,1.15629772079173e-07,-2.01038495079522e-07,-2.93839060909181e-07,-1.61550504229951e-07,2.9666957196661e-07,-1.82252111840158e-07,-2.83933244839324e-07,3.22677630866337e-07,4.35128381793624e-07,2.9666957196661e-07,-6.09018945145415e-07
4.32640557609271e-07,1.07390551679481e-07,-4.01235686047693e-07,-4.50394981315519e-07,-2.51661673672554e-07,1.87923317716313e-07,1.07390551679481e-07,1.42399176988782e-07,-2.32454217008813e-07,-3.40352918549246e-07,-2.01038495079522e-07,3.22677630866337e-07,-4.01235686047693e-07,-2.32454217008813e-07,7.05091301477597e-07,7.36944717362422e-07,4.88045031186263e-07,-3.78203537094103e-07,-4.50394981315519e-07,-3.40352918549246e-07,7.36944717362422e-07,7.31426046508274e-07,5.34129224773512e-07,-5.06732694694579e-07,-2.51661673672554e-07,-2.01038495079522e-07,4.88045031186263e-07,5.34129224773512e-07,3.1703090105384e-07,-3.13403559614886e-07,1.87923317716313e-07,3.22677630866337e-07,-3.78203537094103e-07,-5.06732694694579e-07,-3.13403559614886e-07,4.95756183528197e-07
5.49356963017853e-07,1.32204023118361e-07,-4.50394981315519e-07,-4.63579435291954e-07,-2.82586127559725e-07,3.08500335533498e-07,1.32204023118361e-07,3.06798401015415e-07,-3.40352918549246e-07,-4.13558608493606e-07,-2.93839060909181e-07,4.35128381793624e-07,-4.50394981315519e-07,-3.40352918549246e-07,7.36944717362422e-07,7.31426046508274e-07,5.34129224773512e-07,-5.06732694694579e-07,-4.63579435291954e-07,-4.13558608493606e-07,7.31426046508274e-07,7.53114629705277e-07,4.95421831401273e-07,-6.0821094290492e-07,-2.82586127559725e-07,-2.93839060909181e-07,5.34129224773512e-07,4.95421831401273e-07,3.18191512885858e-07,-4.1964540008333e-07,3.08500335533498e-07,4.35128381793624e-07,-5.06732694694579e-07,-6.0821094290492e-07,-4.1964540008333e-07,6.40345490881847e-07
1.15197580765195e-07,1.2775361800623e-07,-2.51661673672554e-07,-2.82586127559725e-07,-7.65862223737056e-08,1.1703384879693e-07,1.2775361800623e-07,1.15629772079173e-07,-2.01038495079522e-07,-2.93839060909181e-07,-1.61550504229951e-07,2.9666957196661e-07,-2.51661673672554e-07,-2.01038495079522e-07,4.88045031186263e-07,5.34129224773512e-07,3.1703090105384e-07,-3.13403559614886e-07,-2.82586127559725e-07,-2.93839060909181e-07,5.34129224773512e-07,4.95421831401273e-07,3.18191512885858e-07,-4.1964540008333e-07,-7.65862223737056e-08,-1.61550504229951e-07,3.1703090105384e-07,3.18191512885858e-07,1.22789304442581e-07,-1.83372378689102e-07,1.1703384879693e-07,2.9666957196661e-07,-3.13403559614886e-07,-4.1964540008333e-07,-1.83372378689102e-07,3.99606375056566e-07
-2.99216404794724e-07,-1.82252111840158e-07,1.87923317716313e-07,3.08500335533498e-07,1.1703384879693e-07,-2.31989365968013e-07,-1.82252111840158e-07,-2.83933244839324e-07,3.22677630866337e-07,4.35128381793624e-07,2.9666957196661e-07,-6.09018945145415e-07,1.87923317716313e-07,3.22677630866337e-07,-3.78203537094103e-07,-5.06732694694579e-07,-3.13403559614886e-07,4.95756183528197e-07,3.08500335533498e-07,4.35128381793624e-07,-5.06732694694579e-07,-6.0821094290492e-07,-4.1964540008333e-07,6.40345490881847e-07,1.1703384879693e-07,2.9666957196661e-07,-3.13403559614886e-07,-4.1964540008333e-07,-1.83372378689102e-07,3.99606375056566e-07,-2.31989365968013e-07,-6.09018945145415e-07,4.95756183528197e-07,6.40345490881847e-07,3.99606375056566e-07,-8.42860549781338e-07
