"V1","V2","V3","V4","V5","V6","V7","V8","V9","V10","V11","V12","V13","V14","V15","V16","V17","V18","V19","V20","V21","V22","V23","V24","V25","V26","V27","V28","V29","V30","V31","V32","V33","V34","V35","V36"
-2.23261003315369e-06,-7.53800627729186e-07,-7.10667630729744e-07,3.15681092279191e-07,2.08230566976424e-07,4.4649002194689e-07,-7.53800627729186e-07,3.13172672538541e-07,1.20670740566365e-07,5.72439340974411e-08,6.83077159985117e-08,-5.41193711092979e-07,-7.10667630729744e-07,1.20670740566365e-07,5.42515436805271e-07,2.3690608773739e-07,1.8869396104729e-07,-9.38420524144895e-07,3.15681092279191e-07,5.72439340974411e-08,2.3690608773739e-07,1.67182366381218e-07,3.51919389243509e-08,-3.05662836132481e-07,2.08230566976424e-07,6.83077159985117e-08,1.8869396104729e-07,3.51919389243509e-08,5.51017211693936e-08,-1.80454912788111e-07,4.4649002194689e-07,-5.41193711092979e-07,-9.38420524144895e-07,-3.05662836132481e-07,-1.80454912788111e-07,1.39927112091691e-06
-7.53800627729186e-07,3.13172672538541e-07,1.20670740566365e-07,5.72439340974411e-08,6.83077159985117e-08,-5.41193711092979e-07,3.13172672538541e-07,5.66793234169173e-08,-1.28416285224811e-07,1.42478008585925e-07,-5.89150445426156e-08,-1.56876720681822e-07,1.20670740566365e-07,-1.28416285224811e-07,-2.36875727265927e-08,1.97894192443538e-07,-5.76681418524497e-08,-2.98835004938527e-07,5.72439340974411e-08,1.42478008585925e-07,1.97894192443538e-07,5.23633786577018e-08,5.11756507347467e-09,-3.48842873394475e-07,6.83077159985117e-08,-5.89150445426156e-08,-5.76681418524497e-08,5.11756507347467e-09,-5.23764746837138e-08,2.34536528266831e-08,-5.41193711092979e-07,-1.56876720681822e-07,-2.98835004938527e-07,-3.48842873394475e-07,2.34536528266831e-08,7.35290013437169e-07
-7.10667630729744e-07,1.20670740566365e-07,5.42515436805271e-07,2.3690608773739e-07,1.8869396104729e-07,-9.38420524144895e-07,1.20670740566365e-07,-1.28416285224811e-07,-2.36875727265927e-08,1.97894192443538e-07,-5.76681418524497e-08,-2.98835004938527e-07,5.42515436805271e-07,-2.36875727265927e-08,2.32057140760303e-07,4.86304803132259e-07,8.54159121520244e-09,-7.11590017009052e-07,2.3690608773739e-07,1.97894192443538e-07,4.86304803132259e-07,1.53263638921559e-07,6.40788987748302e-08,-6.51883426798355e-07,1.8869396104729e-07,-5.76681418524497e-08,8.54159121520244e-09,6.40788987748302e-08,-5.07259129264121e-08,-4.29868876299718e-08,-9.38420524144895e-07,-2.98835004938527e-07,-7.11590017009052e-07,-6.51883426798355e-07,-4.29868876299718e-08,1.37411312906151e-06
3.15681092279191e-07,5.72439340974411e-08,2.3690608773739e-07,1.67182366381218e-07,3.51919389243509e-08,-3.05662836132481e-07,5.72439340974411e-08,1.42478008585925e-07,1.97894192443538e-07,5.23633786577018e-08,5.11756507347467e-09,-3.48842873394475e-07,2.3690608773739e-07,1.97894192443538e-07,4.86304803132259e-07,1.53263638921559e-07,6.40788987748302e-08,-6.51883426798355e-07,1.67182366381218e-07,5.23633786577018e-08,1.53263638921559e-07,1.03094361304068e-07,3.92840321141906e-08,-2.15167290301913e-07,3.51919389243509e-08,5.11756507347467e-09,6.40788987748302e-08,3.92840321141906e-08,3.73410462776853e-08,-6.20883587615434e-08,-3.05662836132481e-07,-3.48842873394475e-07,-6.51883426798355e-07,-2.15167290301913e-07,-6.20883587615434e-08,9.67636175606689e-07
2.08230566976424e-07,6.83077159985117e-08,1.8869396104729e-07,3.51919389243509e-08,5.51017211693936e-08,-1.80454912788111e-07,6.83077159985117e-08,-5.89150445426156e-08,-5.76681418524497e-08,5.11756507347467e-09,-5.23764746837138e-08,2.34536528266831e-08,1.8869396104729e-07,-5.76681418524497e-08,8.54159121520244e-09,6.40788987748302e-08,-5.07259129264121e-08,-4.29868876299718e-08,3.51919389243509e-08,5.11756507347467e-09,6.40788987748302e-08,3.92840321141906e-08,3.73410462776853e-08,-6.20883587615434e-08,5.51017211693936e-08,-5.23764746837138e-08,-5.07259129264121e-08,3.73410462776853e-08,-8.04810191875085e-09,2.2928832992381e-08,-1.80454912788111e-07,2.34536528266831e-08,-4.29868876299718e-08,-6.20883587615434e-08,2.2928832992381e-08,1.21616090874268e-07
4.4649002194689e-07,-5.41193711092979e-07,-9.38420524144895e-07,-3.05662836132481e-07,-1.80454912788111e-07,1.39927112091691e-06,-5.41193711092979e-07,-1.56876720681822e-07,-2.98835004938527e-07,-3.48842873394475e-07,2.34536528266831e-08,7.35290013437169e-07,-9.38420524144895e-07,-2.98835004938527e-07,-7.11590017009052e-07,-6.51883426798355e-07,-4.29868876299718e-08,1.37411312906151e-06,-3.05662836132481e-07,-3.48842873394475e-07,-6.51883426798355e-07,-2.15167290301913e-07,-6.20883587615434e-08,9.67636175606689e-07,-1.80454912788111e-07,2.34536528266831e-08,-4.29868876299718e-08,-6.20883587615434e-08,2.2928832992381e-08,1.21616090874268e-07,1.39927112091691e-06,7.35290013437169e-07,1.37411312906151e-06,9.67636175606689e-07,1.21616090874268e-07,-3.06794773315243e-06
