"V1","V2","V3","V4","V5","V6","V7","V8","V9","V10","V11","V12","V13","V14","V15","V16","V17","V18","V19","V20","V21","V22","V23","V24","V25","V26","V27","V28","V29","V30","V31","V32","V33","V34","V35","V36"
8.59725675072008e-08,1.18135212333786e-08,3.63279622671382e-08,1.9406501830362e-09,2.22334573903326e-09,-1.46182103362799e-08,1.18135212333786e-08,6.04243837407597e-08,3.21917990200139e-08,-1.0717683125784e-08,1.75684056066657e-08,-4.57787176555425e-08,3.63279622671382e-08,3.21917990200139e-08,-6.4569708682749e-09,9.45367512250817e-09,6.53367876565337e-11,-9.02415763319686e-09,1.9406501830362e-09,-1.0717683125784e-08,9.45367512250817e-09,4.87413849194601e-10,2.63258458355331e-09,2.2126398783886e-08,2.22334573903326e-09,1.75684056066657e-08,6.53367876565337e-11,2.63258458355331e-09,-3.84522823519058e-09,1.8457748872297e-09,-1.46182103362799e-08,-4.57787176555425e-08,-9.02415763319686e-09,2.2126398783886e-08,1.8457748872297e-09,6.65001072461642e-08
1.18135212333786e-08,6.04243837407597e-08,3.21917990200139e-08,-1.0717683125784e-08,1.75684056066657e-08,-4.57787176555425e-08,6.04243837407597e-08,1.70219240835226e-07,4.36265651117232e-08,-2.99126570313041e-08,9.95036176827848e-09,-1.17658874587395e-07,3.21917990200139e-08,4.36265651117232e-08,1.56702575716455e-08,-1.95352704229315e-09,1.24336266976141e-08,-6.59068547024797e-08,-1.0717683125784e-08,-2.99126570313041e-08,-1.95352704229315e-09,-8.07654953281442e-09,-3.81195770225961e-09,4.64716545468301e-08,1.75684056066657e-08,9.95036176827848e-09,1.24336266976141e-08,-3.81195770225961e-09,-1.99049092210522e-09,-4.30401379998123e-09,-4.57787176555425e-08,-1.17658874587395e-07,-6.59068547024797e-08,4.64716545468301e-08,-4.30401379998123e-09,9.26344101354386e-08
3.63279622671382e-08,3.21917990200139e-08,-6.4569708682749e-09,9.45367512250817e-09,6.53367876565337e-11,-9.02415763319686e-09,3.21917990200139e-08,4.36265651117232e-08,1.56702575716455e-08,-1.95352704229315e-09,1.24336266976141e-08,-6.59068547024797e-08,-6.4569708682749e-09,1.56702575716455e-08,1.98939084572323e-07,-5.8570639319527e-08,1.22706168834684e-07,-1.24412575862184e-07,9.45367512250817e-09,-1.95352704229315e-09,-5.8570639319527e-08,4.20866471722766e-08,-5.88545278951329e-08,3.75183740451434e-08,6.53367876565337e-11,1.24336266976141e-08,1.22706168834684e-07,-5.88545278951329e-08,8.80074061849849e-08,-4.55150850243337e-08,-9.02415763319686e-09,-6.59068547024797e-08,-1.24412575862184e-07,3.75183740451434e-08,-4.55150850243337e-08,1.1279461135865e-07
1.9406501830362e-09,-1.0717683125784e-08,9.45367512250817e-09,4.87413849194601e-10,2.63258458355331e-09,2.2126398783886e-08,-1.0717683125784e-08,-2.99126570313041e-08,-1.95352704229315e-09,-8.07654953281442e-09,-3.81195770225961e-09,4.64716545468301e-08,9.45367512250817e-09,-1.95352704229315e-09,-5.8570639319527e-08,4.20866471722766e-08,-5.88545278951329e-08,3.75183740451434e-08,4.87413849194601e-10,-8.07654953281442e-09,4.20866471722766e-08,-6.96240824348486e-09,3.74832177447447e-08,-2.66845370191936e-08,2.63258458355331e-09,-3.81195770225961e-09,-5.88545278951329e-08,3.74832177447447e-08,-4.61846563922854e-08,1.73993811779581e-08,2.2126398783886e-08,4.64716545468301e-08,3.75183740451434e-08,-2.66845370191936e-08,1.73993811779581e-08,-2.77534536694817e-08
2.22334573903326e-09,1.75684056066657e-08,6.53367876565337e-11,2.63258458355331e-09,-3.84522823519058e-09,1.8457748872297e-09,1.75684056066657e-08,9.95036176827848e-09,1.24336266976141e-08,-3.81195770225961e-09,-1.99049092210522e-09,-4.30401379998123e-09,6.53367876565337e-11,1.24336266976141e-08,1.22706168834684e-07,-5.88545278951329e-08,8.80074061849849e-08,-4.55150850243337e-08,2.63258458355331e-09,-3.81195770225961e-09,-5.88545278951329e-08,3.74832177447447e-08,-4.61846563922854e-08,1.73993811779581e-08,-3.84522823519058e-09,-1.99049092210522e-09,8.80074061849849e-08,-4.61846563922854e-08,7.16020318335913e-08,-2.916197388808e-08,1.8457748872297e-09,-4.30401379998123e-09,-4.55150850243337e-08,1.73993811779581e-08,-2.916197388808e-08,6.59881842609882e-08
-1.46182103362799e-08,-4.57787176555425e-08,-9.02415763319686e-09,2.2126398783886e-08,1.8457748872297e-09,6.65001072461642e-08,-4.57787176555425e-08,-1.17658874587395e-07,-6.59068547024797e-08,4.64716545468301e-08,-4.30401379998123e-09,9.26344101354386e-08,-9.02415763319686e-09,-6.59068547024797e-08,-1.24412575862184e-07,3.75183740451434e-08,-4.55150850243337e-08,1.1279461135865e-07,2.2126398783886e-08,4.64716545468301e-08,3.75183740451434e-08,-2.66845370191936e-08,1.73993811779581e-08,-2.77534536694817e-08,1.8457748872297e-09,-4.30401379998123e-09,-4.55150850243337e-08,1.73993811779581e-08,-2.916197388808e-08,6.59881842609882e-08,6.65001072461642e-08,9.26344101354386e-08,1.1279461135865e-07,-2.77534536694817e-08,6.59881842609882e-08,-9.83432709750271e-08
