"Mkt.RF","SMB","HML","RMW","CMA","MOM"
8.39776913714732e-05,2.61875434008259e-05,7.1664654136282e-06,-2.01478165261188e-05,-9.37012166588299e-06,-3.5776505932255e-05
2.61875434008259e-05,2.37601939697655e-05,3.33100259857895e-06,-8.29087002036357e-06,-1.02351563675245e-06,-1.05003557131671e-05
7.1664654136282e-06,3.33100259857895e-06,1.90993086777856e-05,-1.14509258369311e-05,6.48040368305035e-06,-1.85803228346672e-05
-2.01478165261188e-05,-8.29087002036357e-06,-1.14509258369311e-05,1.35764443424592e-05,-6.1278851359474e-07,2.2245529179635e-05
-9.37012166588299e-06,-1.02351563675245e-06,6.48040368305035e-06,-6.1278851359474e-07,8.53985141160188e-06,2.5478083784602e-06
-3.5776505932255e-05,-1.05003557131671e-05,-1.85803228346672e-05,2.2245529179635e-05,2.5478083784602e-06,4.98674350708505e-05
