"Mkt.RF","SMB","HML","RMW","CMA","MOM"
5.94758283487134e-05,1.6365825017208e-05,3.18155730977674e-06,-1.41993678220505e-05,1.06562162069303e-05,1.78639577247804e-05
1.6365825017208e-05,1.90684419855139e-05,-2.01862832473736e-06,-5.65399685958139e-06,4.34539462867804e-06,1.14331960369895e-05
3.18155730977674e-06,-2.01862832473736e-06,1.01343251559676e-05,-1.40678288026326e-06,2.28431097512621e-06,-6.87018990316176e-06
-1.41993678220505e-05,-5.65399685958139e-06,-1.40678288026326e-06,7.17277124863994e-06,-3.60641913274726e-06,-6.66072085299715e-06
1.06562162069303e-05,4.34539462867804e-06,2.28431097512621e-06,-3.60641913274726e-06,5.40938449374984e-06,2.18861358298957e-06
1.78639577247804e-05,1.14331960369895e-05,-6.87018990316176e-06,-6.66072085299715e-06,2.18861358298957e-06,2.40800189106097e-05
