"Mkt.RF","SMB","HML","RMW","CMA","MOM"
3.53895941903957e-05,-1.17431993785529e-05,-8.47043204566766e-06,-5.6809069646569e-07,-5.60751642338073e-06,-4.38558120124411e-07
-1.17431993785529e-05,1.10251358158493e-05,1.56606485874265e-06,-3.36480759518862e-07,3.57780620230001e-07,1.96242001758949e-06
-8.47043204566766e-06,1.56606485874265e-06,5.94251136002884e-06,-1.0672252399185e-06,3.36771470102819e-06,-1.96902900870169e-06
-5.6809069646569e-07,-3.36480759518862e-07,-1.0672252399185e-06,2.41428666603949e-06,-7.82664644262405e-07,5.12432478624762e-07
-5.60751642338073e-06,3.57780620230001e-07,3.36771470102819e-06,-7.82664644262405e-07,4.79199803086275e-06,-1.68172421162796e-06
-4.38558120124411e-07,1.96242001758949e-06,-1.96902900870169e-06,5.12432478624762e-07,-1.68172421162796e-06,4.19937438635179e-06
