"Mkt.RF","SMB","HML","RMW","CMA","MOM"
0.00012541268550636,-1.36415191981759e-05,-1.15290428906008e-05,-1.14284343058159e-05,-9.17265775590081e-06,3.5612909344115e-05
-1.36415191981759e-05,1.69189557785135e-05,2.51744274747097e-06,-1.3676935474726e-06,3.9152799667946e-06,-9.04204008731263e-06
-1.15290428906008e-05,2.51744274747097e-06,2.03064045619048e-05,2.45893041449911e-06,6.60831426459897e-06,-1.15050911282695e-05
-1.14284343058159e-05,-1.3676935474726e-06,2.45893041449911e-06,1.81328520821666e-05,1.1822875778046e-07,-8.29465383795388e-06
-9.17265775590081e-06,3.9152799667946e-06,6.60831426459897e-06,1.1822875778046e-07,8.40342896512011e-06,-1.08119836482885e-05
3.5612909344115e-05,-9.04204008731263e-06,-1.15050911282695e-05,-8.29465383795388e-06,-1.08119836482885e-05,4.23923838346541e-05
