"Mkt.RF","SMB","HML","RMW","CMA","MOM"
3.43566681775713e-05,-1.73180718119508e-07,-8.20027145323491e-06,-3.8902867081012e-06,-5.14924306197688e-06,1.32078208570426e-05
-1.73180718119508e-07,2.22155595508944e-05,-6.61456841177019e-06,-3.41693811872461e-06,-4.32164291064617e-07,5.27698782719774e-06
-8.20027145323491e-06,-6.61456841177019e-06,2.55145033057986e-05,1.78803772934207e-06,9.66944459917711e-06,-1.51241458491753e-05
-3.8902867081012e-06,-3.41693811872461e-06,1.78803772934207e-06,9.84349156846463e-06,2.07051552786762e-06,-8.39193297621661e-06
-5.14924306197688e-06,-4.32164291064617e-07,9.66944459917711e-06,2.07051552786762e-06,1.02823227518814e-05,-1.14281863356312e-05
1.32078208570426e-05,5.27698782719774e-06,-1.51241458491753e-05,-8.39193297621661e-06,-1.14281863356312e-05,3.16160455648474e-05
