"V1","V2","V3","V4","V5","V6","V7","V8","V9","V10","V11","V12","V13","V14","V15","V16","V17","V18","V19","V20","V21","V22","V23","V24","V25","V26","V27","V28","V29","V30","V31","V32","V33","V34","V35","V36"
-3.56598876676032e-06,-5.15457867807599e-07,8.67219009791673e-07,6.93252292747671e-07,4.75660020025624e-07,-3.37638188657357e-07,-5.15457867807599e-07,3.57576610205745e-07,2.89767745284715e-07,-9.24467411416603e-08,1.61028291928868e-07,-2.50145476288585e-07,8.67219009791673e-07,2.89767745284715e-07,-1.09513949570699e-07,-2.27393760287255e-07,-7.96862311077413e-08,1.31338468913507e-08,6.93252292747671e-07,-9.24467411416603e-08,-2.27393760287255e-07,-4.89622717148533e-08,-1.2005729090046e-07,1.47891349951615e-07,4.75660020025624e-07,1.61028291928868e-07,-7.96862311077413e-08,-1.2005729090046e-07,-3.90258841455448e-08,6.73654449183294e-09,-3.37638188657357e-07,-2.50145476288585e-07,1.31338468913507e-08,1.47891349951615e-07,6.73654449183294e-09,5.22328636884572e-08
-5.15457867807599e-07,3.57576610205745e-07,2.89767745284715e-07,-9.24467411416603e-08,1.61028291928868e-07,-2.50145476288585e-07,3.57576610205745e-07,-1.7432124615464e-07,-1.60561488868791e-07,3.17168736520657e-08,-8.49625442332633e-08,1.33528125298418e-07,2.89767745284715e-07,-1.60561488868791e-07,-1.64812801094154e-07,2.44119912241556e-08,-9.07887346037348e-08,1.28555539951183e-07,-9.24467411416603e-08,3.17168736520657e-08,2.44119912241556e-08,-4.3692612775536e-09,8.5749472234823e-09,-2.2648849642691e-08,1.61028291928868e-07,-8.49625442332633e-08,-9.07887346037348e-08,8.5749472234823e-09,-5.68026682178484e-08,7.27056734056172e-08,-2.50145476288585e-07,1.33528125298418e-07,1.28555539951183e-07,-2.2648849642691e-08,7.27056734056172e-08,-1.08126701584472e-07
8.67219009791673e-07,2.89767745284715e-07,-1.09513949570699e-07,-2.27393760287255e-07,-7.96862311077413e-08,1.31338468913507e-08,2.89767745284715e-07,-1.60561488868791e-07,-1.64812801094154e-07,2.44119912241556e-08,-9.07887346037348e-08,1.28555539951183e-07,-1.09513949570699e-07,-1.64812801094154e-07,-4.70804332206789e-08,7.50326716832012e-08,-1.37180976512342e-08,5.66957257659606e-08,-2.27393760287255e-07,2.44119912241556e-08,7.50326716832012e-08,2.38759933828306e-08,4.51244102436817e-08,-5.31149258651525e-08,-7.96862311077413e-08,-9.07887346037348e-08,-1.37180976512342e-08,4.51244102436817e-08,2.79621458970492e-09,2.21421709455367e-08,1.31338468913507e-08,1.28555539951183e-07,5.66957257659606e-08,-5.31149258651525e-08,2.21421709455367e-08,-4.93239625712938e-08
6.93252292747671e-07,-9.24467411416603e-08,-2.27393760287255e-07,-4.89622717148533e-08,-1.2005729090046e-07,1.47891349951615e-07,-9.24467411416603e-08,3.17168736520657e-08,2.44119912241556e-08,-4.3692612775536e-09,8.5749472234823e-09,-2.2648849642691e-08,-2.27393760287255e-07,2.44119912241556e-08,7.50326716832012e-08,2.38759933828306e-08,4.51244102436817e-08,-5.31149258651525e-08,-4.89622717148533e-08,-4.3692612775536e-09,2.38759933828306e-08,1.65417205337064e-08,1.86107882037177e-08,-1.199725156149e-08,-1.2005729090046e-07,8.5749472234823e-09,4.51244102436817e-08,1.86107882037177e-08,3.06240642434053e-08,-3.02657459681095e-08,1.47891349951615e-07,-2.2648849642691e-08,-5.31149258651525e-08,-1.199725156149e-08,-3.02657459681095e-08,3.87278154184344e-08
4.75660020025624e-07,1.61028291928868e-07,-7.96862311077413e-08,-1.2005729090046e-07,-3.90258841455448e-08,6.73654449183294e-09,1.61028291928868e-07,-8.49625442332633e-08,-9.07887346037348e-08,8.5749472234823e-09,-5.68026682178484e-08,7.27056734056172e-08,-7.96862311077413e-08,-9.07887346037348e-08,-1.37180976512342e-08,4.51244102436817e-08,2.79621458970492e-09,2.21421709455367e-08,-1.2005729090046e-07,8.5749472234823e-09,4.51244102436817e-08,1.86107882037177e-08,3.06240642434053e-08,-3.02657459681095e-08,-3.90258841455448e-08,-5.68026682178484e-08,2.79621458970492e-09,3.06240642434053e-08,5.52695497534247e-09,1.42823679230017e-08,6.73654449183294e-09,7.27056734056172e-08,2.21421709455367e-08,-3.02657459681095e-08,1.42823679230017e-08,-2.77908711150207e-08
-3.37638188657357e-07,-2.50145476288585e-07,1.31338468913507e-08,1.47891349951615e-07,6.73654449183294e-09,5.22328636884572e-08,-2.50145476288585e-07,1.33528125298418e-07,1.28555539951183e-07,-2.2648849642691e-08,7.27056734056172e-08,-1.08126701584472e-07,1.31338468913507e-08,1.28555539951183e-07,5.66957257659606e-08,-5.31149258651525e-08,2.21421709455367e-08,-4.93239625712938e-08,1.47891349951615e-07,-2.2648849642691e-08,-5.31149258651525e-08,-1.199725156149e-08,-3.02657459681095e-08,3.87278154184344e-08,6.73654449183294e-09,7.27056734056172e-08,2.21421709455367e-08,-3.02657459681095e-08,1.42823679230017e-08,-2.77908711150207e-08,5.22328636884572e-08,-1.08126701584472e-07,-4.93239625712938e-08,3.87278154184344e-08,-2.77908711150207e-08,5.72381705801186e-08
