"V1","V2","V3","V4","V5","V6","V7","V8","V9","V10","V11","V12","V13","V14","V15","V16","V17","V18","V19","V20","V21","V22","V23","V24","V25","V26","V27","V28","V29","V30","V31","V32","V33","V34","V35","V36"
5.21369617622227e-08,-3.82904677592091e-08,-3.24085123399587e-08,1.7465059284395e-07,-2.55685447253208e-07,-3.11386853090282e-07,-3.82904677592091e-08,1.83191800576556e-07,-2.24410664106903e-08,-6.54908194205807e-08,2.55042776340848e-08,7.66227644503856e-08,-3.24085123399587e-08,-2.24410664106903e-08,3.62136202333969e-08,-1.25875301501873e-07,1.2733877781607e-07,1.44990512036028e-07,1.7465059284395e-07,-6.54908194205807e-08,-1.25875301501873e-07,-1.02955962768466e-07,-2.50285131010892e-09,-9.39719508446954e-08,-2.55685447253208e-07,2.55042776340848e-08,1.2733877781607e-07,-2.50285131010892e-09,3.10392616636096e-07,3.87099386579798e-07,-3.11386853090282e-07,7.66227644503856e-08,1.44990512036028e-07,-9.39719508446954e-08,3.87099386579798e-07,5.14108231507058e-07
-3.82904677592091e-08,1.83191800576556e-07,-2.24410664106903e-08,-6.54908194205807e-08,2.55042776340848e-08,7.66227644503856e-08,1.83191800576556e-07,-2.46635081986654e-07,1.15968031553117e-07,2.21752867097017e-08,4.02647300092732e-08,-1.12604481520397e-07,-2.24410664106903e-08,1.15968031553117e-07,-1.03641104285516e-07,-2.79946092469973e-08,-7.41912293259708e-08,-6.30156825027196e-08,-6.54908194205807e-08,2.21752867097017e-08,-2.79946092469973e-08,3.0241199903766e-08,-2.44326733019808e-08,3.75706509241713e-09,2.55042776340848e-08,4.02647300092732e-08,-7.41912293259708e-08,-2.44326733019808e-08,-7.00688807094365e-08,-9.41325220821296e-08,7.66227644503856e-08,-1.12604481520397e-07,-6.30156825027196e-08,3.75706509241713e-09,-9.41325220821296e-08,-1.6454383323504e-07
-3.24085123399587e-08,-2.24410664106903e-08,3.62136202333969e-08,-1.25875301501873e-07,1.2733877781607e-07,1.44990512036028e-07,-2.24410664106903e-08,1.15968031553117e-07,-1.03641104285516e-07,-2.79946092469973e-08,-7.41912293259708e-08,-6.30156825027196e-08,3.62136202333969e-08,-1.03641104285516e-07,9.18266804529305e-08,1.43409992324786e-07,-6.28098925743792e-08,-8.29094092518326e-08,-1.25875301501873e-07,-2.79946092469973e-08,1.43409992324786e-07,1.38149704492707e-07,6.29518008213216e-08,1.37437337816399e-07,1.2733877781607e-07,-7.41912293259708e-08,-6.28098925743792e-08,6.29518008213216e-08,-1.51249385627256e-07,-2.21852879335199e-07,1.44990512036028e-07,-6.30156825027196e-08,-8.29094092518326e-08,1.37437337816399e-07,-2.21852879335199e-07,-3.16192805160787e-07
1.7465059284395e-07,-6.54908194205807e-08,-1.25875301501873e-07,-1.02955962768466e-07,-2.50285131010892e-09,-9.39719508446954e-08,-6.54908194205807e-08,2.21752867097017e-08,-2.79946092469973e-08,3.0241199903766e-08,-2.44326733019808e-08,3.75706509241713e-09,-1.25875301501873e-07,-2.79946092469973e-08,1.43409992324786e-07,1.38149704492707e-07,6.29518008213216e-08,1.37437337816399e-07,-1.02955962768466e-07,3.0241199903766e-08,1.38149704492707e-07,1.07219346207445e-07,5.81974060573035e-08,1.73154542899515e-07,-2.50285131010892e-09,-2.44326733019808e-08,6.29518008213216e-08,5.81974060573035e-08,-3.18642932343375e-08,1.2329088950247e-08,-9.39719508446954e-08,3.75706509241713e-09,1.37437337816399e-07,1.73154542899515e-07,1.2329088950247e-08,1.58386193556304e-07
-2.55685447253208e-07,2.55042776340848e-08,1.2733877781607e-07,-2.50285131010892e-09,3.10392616636096e-07,3.87099386579798e-07,2.55042776340848e-08,4.02647300092732e-08,-7.41912293259708e-08,-2.44326733019808e-08,-7.00688807094365e-08,-9.41325220821296e-08,1.2733877781607e-07,-7.41912293259708e-08,-6.28098925743792e-08,6.29518008213216e-08,-1.51249385627256e-07,-2.21852879335199e-07,-2.50285131010892e-09,-2.44326733019808e-08,6.29518008213216e-08,5.81974060573035e-08,-3.18642932343375e-08,1.2329088950247e-08,3.10392616636096e-07,-7.00688807094365e-08,-1.51249385627256e-07,-3.18642932343375e-08,-3.21252668183882e-07,-4.31189887169145e-07,3.87099386579798e-07,-9.41325220821296e-08,-2.21852879335199e-07,1.2329088950247e-08,-4.31189887169145e-07,-6.12955526134865e-07
-3.11386853090282e-07,7.66227644503856e-08,1.44990512036028e-07,-9.39719508446954e-08,3.87099386579798e-07,5.14108231507058e-07,7.66227644503856e-08,-1.12604481520397e-07,-6.30156825027196e-08,3.75706509241713e-09,-9.41325220821296e-08,-1.6454383323504e-07,1.44990512036028e-07,-6.30156825027196e-08,-8.29094092518326e-08,1.37437337816399e-07,-2.21852879335199e-07,-3.16192805160787e-07,-9.39719508446954e-08,3.75706509241713e-09,1.37437337816399e-07,1.73154542899515e-07,1.2329088950247e-08,1.58386193556304e-07,3.87099386579798e-07,-9.41325220821296e-08,-2.21852879335199e-07,1.2329088950247e-08,-4.31189887169145e-07,-6.12955526134865e-07,5.14108231507058e-07,-1.6454383323504e-07,-3.16192805160787e-07,1.58386193556304e-07,-6.12955526134865e-07,-9.36412565749395e-07
