"V1","V2","V3","V4","V5","V6","V7","V8","V9","V10","V11","V12","V13","V14","V15","V16","V17","V18","V19","V20","V21","V22","V23","V24","V25","V26","V27","V28","V29","V30","V31","V32","V33","V34","V35","V36"
7.99210757339672e-08,-8.54636419521846e-09,9.86979782923864e-09,1.74107890714704e-08,1.95522526211615e-08,1.58768558138142e-08,-8.54636419521846e-09,-3.75057341168652e-08,-1.65786528572196e-08,1.7479911648563e-08,8.19713995856611e-09,-4.24723532864125e-08,9.86979782923864e-09,-1.65786528572196e-08,8.6037295241208e-10,1.18859425315624e-08,-7.87297927309592e-10,6.22833594864855e-10,1.74107890714704e-08,1.7479911648563e-08,1.18859425315624e-08,-1.09958534054888e-08,-7.58691349456905e-09,2.65576881950078e-08,1.95522526211615e-08,8.19713995856611e-09,-7.87297927309592e-10,-7.58691349456905e-09,1.22363539731561e-09,1.21288733706259e-08,1.58768558138142e-08,-4.24723532864125e-08,6.22833594864855e-10,2.65576881950078e-08,1.21288733706259e-08,3.23590209364186e-09
-8.54636419521846e-09,-3.75057341168652e-08,-1.65786528572196e-08,1.7479911648563e-08,8.19713995856611e-09,-4.24723532864125e-08,-3.75057341168652e-08,-3.59810160680439e-08,-2.90113057201731e-08,2.17879909118176e-08,-1.21504852640444e-08,-7.29251443911222e-08,-1.65786528572196e-08,-2.90113057201731e-08,-1.43881345420547e-08,1.55033426896411e-08,-4.11816481881833e-09,-3.50634750570573e-08,1.7479911648563e-08,2.17879909118176e-08,1.55033426896411e-08,-1.27604100202112e-08,-9.64852530202986e-09,3.52990411949515e-08,8.19713995856611e-09,-1.21504852640444e-08,-4.11816481881833e-09,-9.64852530202986e-09,3.67685550130237e-09,-3.50218955562063e-09,-4.24723532864125e-08,-7.29251443911222e-08,-3.50634750570573e-08,3.52990411949515e-08,-3.50218955562063e-09,-3.23877853723751e-08
9.86979782923864e-09,-1.65786528572196e-08,8.6037295241208e-10,1.18859425315624e-08,-7.87297927309592e-10,6.22833594864855e-10,-1.65786528572196e-08,-2.90113057201731e-08,-1.43881345420547e-08,1.55033426896411e-08,-4.11816481881833e-09,-3.50634750570573e-08,8.6037295241208e-10,-1.43881345420547e-08,-2.65714547325245e-08,1.11586570339997e-08,-1.51961960996279e-08,-2.52762394167026e-08,1.18859425315624e-08,1.55033426896411e-08,1.11586570339997e-08,-1.02022287381169e-08,-4.94078693445125e-10,2.09056244742241e-08,-7.87297927309592e-10,-4.11816481881833e-09,-1.51961960996279e-08,-4.94078693445125e-10,-1.36221120621428e-08,-6.64086010866801e-09,6.22833594864855e-10,-3.50634750570573e-08,-2.52762394167026e-08,2.09056244742241e-08,-6.64086010866801e-09,-2.75935480226214e-10
1.74107890714704e-08,1.7479911648563e-08,1.18859425315624e-08,-1.09958534054888e-08,-7.58691349456905e-09,2.65576881950078e-08,1.7479911648563e-08,2.17879909118176e-08,1.55033426896411e-08,-1.27604100202112e-08,-9.64852530202986e-09,3.52990411949515e-08,1.18859425315624e-08,1.55033426896411e-08,1.11586570339997e-08,-1.02022287381169e-08,-4.94078693445125e-10,2.09056244742241e-08,-1.09958534054888e-08,-1.27604100202112e-08,-1.02022287381169e-08,1.27764633305203e-08,-2.49887647705124e-10,-2.38639812632174e-08,-7.58691349456905e-09,-9.64852530202986e-09,-4.94078693445125e-10,-2.49887647705124e-10,5.29643475901036e-09,-6.43523447203903e-09,2.65576881950078e-08,3.52990411949515e-08,2.09056244742241e-08,-2.38639812632174e-08,-6.43523447203903e-09,3.31456086241132e-08
1.95522526211615e-08,8.19713995856611e-09,-7.87297927309592e-10,-7.58691349456905e-09,1.22363539731561e-09,1.21288733706259e-08,8.19713995856611e-09,-1.21504852640444e-08,-4.11816481881833e-09,-9.64852530202986e-09,3.67685550130237e-09,-3.50218955562063e-09,-7.87297927309592e-10,-4.11816481881833e-09,-1.51961960996279e-08,-4.94078693445125e-10,-1.36221120621428e-08,-6.64086010866801e-09,-7.58691349456905e-09,-9.64852530202986e-09,-4.94078693445125e-10,-2.49887647705124e-10,5.29643475901036e-09,-6.43523447203903e-09,1.22363539731561e-09,3.67685550130237e-09,-1.36221120621428e-08,5.29643475901036e-09,-1.42747749265929e-08,-1.18173893880209e-08,1.21288733706259e-08,-3.50218955562063e-09,-6.64086010866801e-09,-6.43523447203903e-09,-1.18173893880209e-08,2.18618263381266e-08
1.58768558138142e-08,-4.24723532864125e-08,6.22833594864855e-10,2.65576881950078e-08,1.21288733706259e-08,3.23590209364186e-09,-4.24723532864125e-08,-7.29251443911222e-08,-3.50634750570573e-08,3.52990411949515e-08,-3.50218955562063e-09,-3.23877853723751e-08,6.22833594864855e-10,-3.50634750570573e-08,-2.52762394167026e-08,2.09056244742241e-08,-6.64086010866801e-09,-2.75935480226214e-10,2.65576881950078e-08,3.52990411949515e-08,2.09056244742241e-08,-2.38639812632174e-08,-6.43523447203903e-09,3.31456086241132e-08,1.21288733706259e-08,-3.50218955562063e-09,-6.64086010866801e-09,-6.43523447203903e-09,-1.18173893880209e-08,2.18618263381266e-08,3.23590209364186e-09,-3.23877853723751e-08,-2.75935480226214e-10,3.31456086241132e-08,2.18618263381266e-08,-7.20999740290814e-08
