"Mkt.RF","SMB","HML","RMW","CMA","MOM"
3.74090879157251e-05,7.89426594919137e-06,-7.26050177853542e-06,-6.10441929020127e-06,-7.05777933789891e-06,1.05417291012572e-05
7.89426594919137e-06,2.15815949927016e-05,-6.58755753708991e-06,-6.61155182124722e-06,-4.25597508767365e-06,1.64872282512459e-06
-7.26050177853542e-06,-6.58755753708991e-06,1.09894010818244e-05,2.66606308946718e-06,6.02131721053426e-06,-4.17875582082724e-06
-6.10441929020127e-06,-6.61155182124722e-06,2.66606308946718e-06,6.46191733086585e-06,2.83676582162651e-06,-1.68819127762247e-06
-7.05777933789891e-06,-4.25597508767365e-06,6.02131721053426e-06,2.83676582162651e-06,5.76101019148232e-06,-4.40142849790766e-06
1.05417291012572e-05,1.64872282512459e-06,-4.17875582082724e-06,-1.68819127762247e-06,-4.40142849790766e-06,9.9910235455842e-06
