"V1","V2","V3","V4","V5","V6","V7","V8","V9","V10","V11","V12","V13","V14","V15","V16","V17","V18","V19","V20","V21","V22","V23","V24","V25","V26","V27","V28","V29","V30","V31","V32","V33","V34","V35","V36"
1.183286386309e-06,3.08064670420222e-07,8.34500595838885e-07,-2.54535389959392e-07,1.95538663691842e-07,-1.27026105964439e-06,3.08064670420222e-07,2.57430241297073e-07,1.58996324566979e-07,7.60385799757637e-09,6.19759477163937e-08,-3.8364529255187e-07,8.34500595838885e-07,1.58996324566979e-07,7.8758452022323e-07,-2.59949342082104e-07,-2.19986622682112e-09,-1.23893363145039e-06,-2.54535389959392e-07,7.60385799757637e-09,-2.59949342082104e-07,1.48395190172868e-07,3.18343886219296e-09,2.5572463152067e-07,1.95538663691842e-07,6.19759477163937e-08,-2.19986622682112e-09,3.18343886219296e-09,3.09341788001775e-08,-1.3034366998288e-07,-1.27026105964439e-06,-3.8364529255187e-07,-1.23893363145039e-06,2.5572463152067e-07,-1.3034366998288e-07,1.97244221457294e-06
3.08064670420222e-07,2.57430241297073e-07,1.58996324566979e-07,7.60385799757637e-09,6.19759477163937e-08,-3.8364529255187e-07,2.57430241297073e-07,1.21302657035091e-07,3.21257916110167e-08,2.73483444141228e-08,1.15770998580351e-08,-1.45072937629673e-07,1.58996324566979e-07,3.21257916110167e-08,1.28999688359992e-07,-1.68352828035181e-08,5.68980017301997e-09,-2.41256820002746e-07,7.60385799757637e-09,2.73483444141228e-08,-1.68352828035181e-08,1.30038369900549e-08,1.4818594582065e-08,2.02920454246539e-08,6.19759477163937e-08,1.15770998580351e-08,5.68980017301997e-09,1.4818594582065e-08,1.12121391237429e-08,-4.02458090896372e-08,-3.8364529255187e-07,-1.45072937629673e-07,-2.41256820002746e-07,2.02920454246539e-08,-4.02458090896372e-08,5.17977240973891e-07
8.34500595838885e-07,1.58996324566979e-07,7.8758452022323e-07,-2.59949342082104e-07,-2.19986622682112e-09,-1.23893363145039e-06,1.58996324566979e-07,3.21257916110167e-08,1.28999688359992e-07,-1.68352828035181e-08,5.68980017301997e-09,-2.41256820002746e-07,7.8758452022323e-07,1.28999688359992e-07,6.79757176554016e-07,-1.84635215361861e-07,-6.39005981583702e-08,-1.36842729863978e-06,-2.59949342082104e-07,-1.68352828035181e-08,-1.84635215361861e-07,7.13153975411489e-08,1.2366801167432e-08,2.54001233252047e-07,-2.19986622682112e-09,5.68980017301997e-09,-6.39005981583702e-08,1.2366801167432e-08,2.27339780516127e-08,6.13148004653334e-08,-1.23893363145039e-06,-2.41256820002746e-07,-1.36842729863978e-06,2.54001233252047e-07,6.13148004653334e-08,2.10314850654195e-06
-2.54535389959392e-07,7.60385799757637e-09,-2.59949342082104e-07,1.48395190172868e-07,3.18343886219296e-09,2.5572463152067e-07,7.60385799757637e-09,2.73483444141228e-08,-1.68352828035181e-08,1.30038369900549e-08,1.4818594582065e-08,2.02920454246539e-08,-2.59949342082104e-07,-1.68352828035181e-08,-1.84635215361861e-07,7.13153975411489e-08,1.2366801167432e-08,2.54001233252047e-07,1.48395190172868e-07,1.30038369900549e-08,7.13153975411489e-08,-3.24231090721555e-08,-6.8173075506885e-09,-1.14849227897771e-07,3.18343886219296e-09,1.4818594582065e-08,1.2366801167432e-08,-6.8173075506885e-09,5.14017603805076e-09,-1.09352190629115e-08,2.5572463152067e-07,2.02920454246539e-08,2.54001233252047e-07,-1.14849227897771e-07,-1.09352190629115e-08,-3.4313573780519e-07
1.95538663691842e-07,6.19759477163937e-08,-2.19986622682112e-09,3.18343886219296e-09,3.09341788001775e-08,-1.3034366998288e-07,6.19759477163937e-08,1.15770998580351e-08,5.68980017301997e-09,1.4818594582065e-08,1.12121391237429e-08,-4.02458090896372e-08,-2.19986622682112e-09,5.68980017301997e-09,-6.39005981583702e-08,1.2366801167432e-08,2.27339780516127e-08,6.13148004653334e-08,3.18343886219296e-09,1.4818594582065e-08,1.2366801167432e-08,-6.8173075506885e-09,5.14017603805076e-09,-1.09352190629115e-08,3.09341788001775e-08,1.12121391237429e-08,2.27339780516127e-08,5.14017603805076e-09,1.83868892398248e-08,-4.27068798525014e-08,-1.3034366998288e-07,-4.02458090896372e-08,6.13148004653334e-08,-1.09352190629115e-08,-4.27068798525014e-08,6.98168845660821e-10
-1.27026105964439e-06,-3.8364529255187e-07,-1.23893363145039e-06,2.5572463152067e-07,-1.3034366998288e-07,1.97244221457294e-06,-3.8364529255187e-07,-1.45072937629673e-07,-2.41256820002746e-07,2.02920454246539e-08,-4.02458090896372e-08,5.17977240973891e-07,-1.23893363145039e-06,-2.41256820002746e-07,-1.36842729863978e-06,2.54001233252047e-07,6.13148004653334e-08,2.10314850654195e-06,2.5572463152067e-07,2.02920454246539e-08,2.54001233252047e-07,-1.14849227897771e-07,-1.09352190629115e-08,-3.4313573780519e-07,-1.3034366998288e-07,-4.02458090896372e-08,6.13148004653334e-08,-1.09352190629115e-08,-4.27068798525014e-08,6.98168845660821e-10,1.97244221457294e-06,5.17977240973891e-07,2.10314850654195e-06,-3.4313573780519e-07,6.98168845660821e-10,-3.79216688031071e-06
