"V1","V2","V3","V4","V5","V6","V7","V8","V9","V10","V11","V12","V13","V14","V15","V16","V17","V18","V19","V20","V21","V22","V23","V24","V25","V26","V27","V28","V29","V30","V31","V32","V33","V34","V35","V36"
6.13819971635311e-08,2.55775502669697e-08,-6.79453585642899e-10,1.67455016013891e-08,-1.27020696571763e-08,1.67631832242474e-08,2.55775502669697e-08,3.54057665280993e-08,8.53589010332382e-09,1.75967019357347e-08,-5.52802259435865e-09,1.27575396183593e-08,-6.79453585642899e-10,8.53589010332382e-09,3.0206636464849e-08,-8.44585160585518e-10,9.53200469295597e-09,-1.8569273583594e-08,1.67455016013891e-08,1.75967019357347e-08,-8.44585160585518e-10,6.81113349955071e-09,-3.1776536223887e-09,6.83038599342048e-10,-1.27020696571763e-08,-5.52802259435865e-09,9.53200469295597e-09,-3.1776536223887e-09,1.93545795575503e-08,-1.32903626024651e-08,1.67631832242474e-08,1.27575396183593e-08,-1.8569273583594e-08,6.83038599342048e-10,-1.32903626024651e-08,1.53295735428966e-08
2.55775502669697e-08,3.54057665280993e-08,8.53589010332382e-09,1.75967019357347e-08,-5.52802259435865e-09,1.27575396183593e-08,3.54057665280993e-08,-2.84930511422973e-09,-1.26259981476577e-08,1.59331888981115e-08,-4.22052417387863e-09,6.99995486603098e-09,8.53589010332382e-09,-1.26259981476577e-08,1.8250013922502e-08,-1.37992979140402e-09,1.74611492573879e-09,-1.99042712871069e-08,1.75967019357347e-08,1.59331888981115e-08,-1.37992979140402e-09,3.99309729300234e-09,-2.29047831213157e-09,2.7363218241991e-09,-5.52802259435865e-09,-4.22052417387863e-09,1.74611492573879e-09,-2.29047831213157e-09,6.98963908847083e-09,-1.01726641240283e-08,1.27575396183593e-08,6.99995486603098e-09,-1.99042712871069e-08,2.7363218241991e-09,-1.01726641240283e-08,2.55912866147222e-08
-6.79453585642899e-10,8.53589010332382e-09,3.0206636464849e-08,-8.44585160585518e-10,9.53200469295597e-09,-1.8569273583594e-08,8.53589010332382e-09,-1.26259981476577e-08,1.8250013922502e-08,-1.37992979140402e-09,1.74611492573879e-09,-1.99042712871069e-08,3.0206636464849e-08,1.8250013922502e-08,6.84264809660799e-08,5.91021165298664e-08,3.24447164227422e-08,-1.18664133374021e-07,-8.44585160585518e-10,-1.37992979140402e-09,5.91021165298664e-08,4.04453459658499e-08,1.98566098966526e-08,-8.24361102664286e-08,9.53200469295597e-09,1.74611492573879e-09,3.24447164227422e-08,1.98566098966526e-08,3.91964017119851e-10,-4.77179822464428e-08,-1.8569273583594e-08,-1.99042712871069e-08,-1.18664133374021e-07,-8.24361102664286e-08,-4.77179822464428e-08,2.00202307971932e-07
1.67455016013891e-08,1.75967019357347e-08,-8.44585160585518e-10,6.81113349955071e-09,-3.1776536223887e-09,6.83038599342048e-10,1.75967019357347e-08,1.59331888981115e-08,-1.37992979140402e-09,3.99309729300234e-09,-2.29047831213157e-09,2.7363218241991e-09,-8.44585160585518e-10,-1.37992979140402e-09,5.91021165298664e-08,4.04453459658499e-08,1.98566098966526e-08,-8.24361102664286e-08,6.81113349955071e-09,3.99309729300234e-09,4.04453459658499e-08,3.56270326055234e-08,1.46638831390986e-08,-5.60060586690847e-08,-3.1776536223887e-09,-2.29047831213157e-09,1.98566098966526e-08,1.46638831390986e-08,1.3364403085806e-08,-4.08719498014061e-08,6.83038599342048e-10,2.7363218241991e-09,-8.24361102664286e-08,-5.60060586690847e-08,-4.08719498014061e-08,1.31461405370952e-07
-1.27020696571763e-08,-5.52802259435865e-09,9.53200469295597e-09,-3.1776536223887e-09,1.93545795575503e-08,-1.32903626024651e-08,-5.52802259435865e-09,-4.22052417387863e-09,1.74611492573879e-09,-2.29047831213157e-09,6.98963908847083e-09,-1.01726641240283e-08,9.53200469295597e-09,1.74611492573879e-09,3.24447164227422e-08,1.98566098966526e-08,3.91964017119851e-10,-4.77179822464428e-08,-3.1776536223887e-09,-2.29047831213157e-09,1.98566098966526e-08,1.46638831390986e-08,1.3364403085806e-08,-4.08719498014061e-08,1.93545795575503e-08,6.98963908847083e-09,3.91964017119851e-10,1.3364403085806e-08,-1.71079372933655e-08,-1.44998031964657e-09,-1.32903626024651e-08,-1.01726641240283e-08,-4.77179822464428e-08,-4.08719498014061e-08,-1.44998031964657e-09,7.38747204945058e-08
1.67631832242474e-08,1.27575396183593e-08,-1.8569273583594e-08,6.83038599342048e-10,-1.32903626024651e-08,1.53295735428966e-08,1.27575396183593e-08,6.99995486603098e-09,-1.99042712871069e-08,2.7363218241991e-09,-1.01726641240283e-08,2.55912866147222e-08,-1.8569273583594e-08,-1.99042712871069e-08,-1.18664133374021e-07,-8.24361102664286e-08,-4.77179822464428e-08,2.00202307971932e-07,6.83038599342048e-10,2.7363218241991e-09,-8.24361102664286e-08,-5.60060586690847e-08,-4.08719498014061e-08,1.31461405370952e-07,-1.32903626024651e-08,-1.01726641240283e-08,-4.77179822464428e-08,-4.08719498014061e-08,-1.44998031964657e-09,7.38747204945058e-08,1.53295735428966e-08,2.55912866147222e-08,2.00202307971932e-07,1.31461405370952e-07,7.38747204945058e-08,-2.9771443256044e-07
