"V1","V2","V3","V4","V5","V6","V7","V8","V9","V10","V11","V12","V13","V14","V15","V16","V17","V18","V19","V20","V21","V22","V23","V24","V25","V26","V27","V28","V29","V30","V31","V32","V33","V34","V35","V36"
6.59065775350623e-08,-5.08160122426948e-08,-4.75625517201203e-08,9.1981679617119e-09,-2.44916000609183e-08,-5.56674971680696e-09,-5.08160122426948e-08,2.06220835309984e-08,2.2172559805253e-08,-3.39845920296032e-09,1.43008799896893e-08,9.0034261699926e-10,-4.75625517201203e-08,2.2172559805253e-08,2.47432344440954e-08,-6.39077134397741e-09,1.2429263145987e-08,-2.06782974924794e-09,9.1981679617119e-09,-3.39845920296032e-09,-6.39077134397741e-09,4.39668124346556e-09,-1.31762041648674e-09,2.73632019374416e-09,-2.44916000609183e-08,1.43008799896893e-08,1.2429263145987e-08,-1.31762041648674e-09,7.15087626841722e-09,4.7431781772996e-09,-5.56674971680696e-09,9.0034261699926e-10,-2.06782974924794e-09,2.73632019374416e-09,4.7431781772996e-09,4.76770516953662e-09
-5.08160122426948e-08,2.06220835309984e-08,2.2172559805253e-08,-3.39845920296032e-09,1.43008799896893e-08,9.0034261699926e-10,2.06220835309984e-08,-7.38600683335185e-09,-1.05043298222248e-08,4.13108583027033e-09,-6.58005474491072e-09,-3.37438024879398e-09,2.2172559805253e-08,-1.05043298222248e-08,-1.04252016921725e-08,2.69564023981567e-09,-6.28077255950247e-09,2.72754176067365e-09,-3.39845920296032e-09,4.13108583027033e-09,2.69564023981567e-09,-3.10066904785505e-09,2.93488614694841e-10,6.14771286478253e-11,1.43008799896893e-08,-6.58005474491072e-09,-6.28077255950247e-09,2.93488614694841e-10,-5.11330195361617e-09,-8.90297278643752e-10,9.0034261699926e-10,-3.37438024879398e-09,2.72754176067365e-09,6.14771286478253e-11,-8.90297278643752e-10,-4.32425720286933e-09
-4.75625517201203e-08,2.2172559805253e-08,2.47432344440954e-08,-6.39077134397741e-09,1.2429263145987e-08,-2.06782974924794e-09,2.2172559805253e-08,-1.05043298222248e-08,-1.04252016921725e-08,2.69564023981567e-09,-6.28077255950247e-09,2.72754176067365e-09,2.47432344440954e-08,-1.04252016921725e-08,-1.62325953302091e-08,7.02664434533731e-09,-7.8606616610601e-09,3.98673573322514e-09,-6.39077134397741e-09,2.69564023981567e-09,7.02664434533731e-09,-4.6816512584529e-09,3.22985199863591e-09,-2.57606879703738e-09,1.2429263145987e-08,-6.28077255950247e-09,-7.8606616610601e-09,3.22985199863591e-09,-4.86731833739285e-09,7.44248389033079e-10,-2.06782974924794e-09,2.72754176067365e-09,3.98673573322514e-09,-2.57606879703738e-09,7.44248389033079e-10,-1.7445872749785e-09
9.1981679617119e-09,-3.39845920296032e-09,-6.39077134397741e-09,4.39668124346556e-09,-1.31762041648674e-09,2.73632019374416e-09,-3.39845920296032e-09,4.13108583027033e-09,2.69564023981567e-09,-3.10066904785505e-09,2.93488614694841e-10,6.14771286478253e-11,-6.39077134397741e-09,2.69564023981567e-09,7.02664434533731e-09,-4.6816512584529e-09,3.22985199863591e-09,-2.57606879703738e-09,4.39668124346556e-09,-3.10066904785505e-09,-4.6816512584529e-09,2.79575703624604e-09,-1.99697276022281e-09,1.05981457921444e-09,-1.31762041648674e-09,2.93488614694841e-10,3.22985199863591e-09,-1.99697276022281e-09,2.17039698738859e-09,-1.79499430864528e-09,2.73632019374416e-09,6.14771286478253e-11,-2.57606879703738e-09,1.05981457921444e-09,-1.79499430864528e-09,1.68327522040997e-09
-2.44916000609183e-08,1.43008799896893e-08,1.2429263145987e-08,-1.31762041648674e-09,7.15087626841722e-09,4.7431781772996e-09,1.43008799896893e-08,-6.58005474491072e-09,-6.28077255950247e-09,2.93488614694841e-10,-5.11330195361617e-09,-8.90297278643752e-10,1.2429263145987e-08,-6.28077255950247e-09,-7.8606616610601e-09,3.22985199863591e-09,-4.86731833739285e-09,7.44248389033079e-10,-1.31762041648674e-09,2.93488614694841e-10,3.22985199863591e-09,-1.99697276022281e-09,2.17039698738859e-09,-1.79499430864528e-09,7.15087626841722e-09,-5.11330195361617e-09,-4.86731833739285e-09,2.17039698738859e-09,-1.75878992732175e-09,4.127358935671e-10,4.7431781772996e-09,-8.90297278643752e-10,7.44248389033079e-10,-1.79499430864528e-09,4.127358935671e-10,-2.18993069095668e-09
-5.56674971680696e-09,9.0034261699926e-10,-2.06782974924794e-09,2.73632019374416e-09,4.7431781772996e-09,4.76770516953662e-09,9.0034261699926e-10,-3.37438024879398e-09,2.72754176067365e-09,6.14771286478253e-11,-8.90297278643752e-10,-4.32425720286933e-09,-2.06782974924794e-09,2.72754176067365e-09,3.98673573322514e-09,-2.57606879703738e-09,7.44248389033079e-10,-1.7445872749785e-09,2.73632019374416e-09,6.14771286478253e-11,-2.57606879703738e-09,1.05981457921444e-09,-1.79499430864528e-09,1.68327522040997e-09,4.7431781772996e-09,-8.90297278643752e-10,7.44248389033079e-10,-1.79499430864528e-09,4.127358935671e-10,-2.18993069095668e-09,4.76770516953662e-09,-4.32425720286933e-09,-1.7445872749785e-09,1.68327522040997e-09,-2.18993069095668e-09,2.87173915528033e-10
