"Mkt.RF","SMB","HML","RMW","CMA","MOM"
7.59701574830683e-05,-4.26671117288693e-05,-2.01541285487389e-05,1.08049331666949e-05,-1.11333223009544e-05,2.05062452219224e-05
-4.26671117288693e-05,4.12231514827911e-05,7.81360340959647e-06,-8.97638003534712e-06,1.05325241365879e-06,-1.28478710238887e-05
-2.01541285487389e-05,7.81360340959647e-06,1.40001139240122e-05,-4.54126599536058e-06,8.10934450083097e-06,-5.57738267069443e-06
1.08049331666949e-05,-8.97638003534712e-06,-4.54126599536058e-06,5.64438384653003e-06,-1.00646855095313e-06,3.7831613848678e-06
-1.11333223009544e-05,1.05325241365879e-06,8.10934450083097e-06,-1.00646855095313e-06,1.13969893785234e-05,-4.59980309357021e-06
2.05062452219224e-05,-1.28478710238887e-05,-5.57738267069443e-06,3.7831613848678e-06,-4.59980309357021e-06,1.2183387146243e-05
