"Mkt.RF","SMB","HML","RMW","CMA","MOM"
4.26232303537929e-05,1.45663261354646e-05,-1.02067858960665e-05,-1.01931906919751e-05,-7.50726528422463e-06,1.82430052381443e-05
1.45663261354646e-05,2.48326932703166e-05,-1.02586297677893e-05,-9.08464436902985e-06,-5.51024726021123e-06,7.9590000649143e-06
-1.02067858960665e-05,-1.02586297677893e-05,1.48216245784443e-05,5.75574110746239e-06,5.7877535032992e-06,-5.73607953077479e-06
-1.01931906919751e-05,-9.08464436902985e-06,5.75574110746239e-06,1.05766186548726e-05,4.54889518050333e-06,-6.22371345175833e-06
-7.50726528422463e-06,-5.51024726021123e-06,5.7877535032992e-06,4.54889518050333e-06,4.52224362378308e-06,-5.04407185707897e-06
1.82430052381443e-05,7.9590000649143e-06,-5.73607953077479e-06,-6.22371345175833e-06,-5.04407185707897e-06,1.55652297274187e-05
