"Mkt.RF","SMB","HML","RMW","CMA","MOM"
4.60942088856616e-05,8.82919683869589e-06,1.24519518453585e-06,4.29641378333048e-06,-2.57560556085207e-06,-2.18552196238765e-05
8.82919683869589e-06,2.42677482544534e-05,1.09943967417716e-05,2.16868690404913e-06,1.42434745317665e-06,-2.94169985238171e-05
1.24519518453585e-06,1.09943967417716e-05,3.51913833900145e-05,9.02785166113228e-06,7.44327484274332e-06,-4.23686571951213e-05
4.29641378333048e-06,2.16868690404913e-06,9.02785166113228e-06,9.75278121624017e-06,2.46840059413015e-06,-1.16565104781387e-05
-2.57560556085207e-06,1.42434745317665e-06,7.44327484274332e-06,2.46840059413015e-06,5.5256113830277e-06,-6.7229615011534e-06
-2.18552196238765e-05,-2.94169985238171e-05,-4.23686571951213e-05,-1.16565104781387e-05,-6.7229615011534e-06,9.32799757470408e-05
