"V1","V2","V3","V4","V5","V6","V7","V8","V9","V10","V11","V12","V13","V14","V15","V16","V17","V18","V19","V20","V21","V22","V23","V24","V25","V26","V27","V28","V29","V30","V31","V32","V33","V34","V35","V36"
-6.72569789587578e-08,-1.34955549193201e-07,-1.31684133070072e-08,5.99329175835035e-08,-5.52403285864817e-08,1.11772611523153e-07,-1.34955549193201e-07,4.20936642284111e-08,5.55511714846027e-08,-4.13388919904968e-09,3.37268658407978e-08,-2.63538250258043e-08,-1.31684133070072e-08,5.55511714846027e-08,3.95719031410779e-08,-9.22490917518675e-09,5.03721775785874e-08,-5.43898795775726e-08,5.99329175835035e-08,-4.13388919904968e-09,-9.22490917518675e-09,-3.25217322989682e-09,3.71682678539057e-09,6.46555760131287e-09,-5.52403285864817e-08,3.37268658407978e-08,5.03721775785874e-08,3.71682678539057e-09,6.14916506944856e-08,-4.18413564738533e-08,1.11772611523153e-07,-2.63538250258043e-08,-5.43898795775726e-08,6.46555760131287e-09,-4.18413564738533e-08,1.18955796897496e-08
-1.34955549193201e-07,4.20936642284111e-08,5.55511714846027e-08,-4.13388919904968e-09,3.37268658407978e-08,-2.63538250258043e-08,4.20936642284111e-08,-7.44974500395012e-08,6.3386910704018e-09,2.03491070683352e-08,2.1626469358223e-08,4.95441220769258e-08,5.55511714846027e-08,6.3386910704018e-09,-6.49806949051637e-08,-1.09183978805254e-08,-3.91973865967256e-08,8.96222019964516e-10,-4.13388919904968e-09,2.03491070683352e-08,-1.09183978805254e-08,-7.16050087019939e-09,-1.52559632110653e-08,-1.29441519801087e-08,3.37268658407978e-08,2.1626469358223e-08,-3.91973865967256e-08,-1.52559632110653e-08,-4.00010248410163e-08,-3.36668582467357e-09,-2.63538250258043e-08,4.95441220769258e-08,8.96222019964516e-10,-1.29441519801087e-08,-3.36668582467357e-09,-3.2080781981209e-08
-1.31684133070072e-08,5.55511714846027e-08,3.95719031410779e-08,-9.22490917518675e-09,5.03721775785874e-08,-5.43898795775726e-08,5.55511714846027e-08,6.3386910704018e-09,-6.49806949051637e-08,-1.09183978805254e-08,-3.91973865967256e-08,8.96222019964516e-10,3.95719031410779e-08,-6.49806949051637e-08,-1.88569109340589e-08,1.07418313160306e-08,-2.96951326702989e-08,5.81051735149635e-08,-9.22490917518675e-09,-1.09183978805254e-08,1.07418313160306e-08,6.11815807051341e-09,3.29369171636847e-09,2.31769672989982e-09,5.03721775785874e-08,-3.91973865967256e-08,-2.96951326702989e-08,3.29369171636847e-09,-3.22803057406934e-08,3.57192768432374e-08,-5.43898795775726e-08,8.96222019964516e-10,5.81051735149635e-08,2.31769672989982e-09,3.57192768432374e-08,6.23758575229676e-09
5.99329175835035e-08,-4.13388919904968e-09,-9.22490917518675e-09,-3.25217322989682e-09,3.71682678539057e-09,6.46555760131287e-09,-4.13388919904968e-09,2.03491070683352e-08,-1.09183978805254e-08,-7.16050087019939e-09,-1.52559632110653e-08,-1.29441519801087e-08,-9.22490917518675e-09,-1.09183978805254e-08,1.07418313160306e-08,6.11815807051341e-09,3.29369171636847e-09,2.31769672989982e-09,-3.25217322989682e-09,-7.16050087019939e-09,6.11815807051341e-09,1.96457472642166e-09,2.28345283143129e-09,8.61737535003072e-09,3.71682678539057e-09,-1.52559632110653e-08,3.29369171636847e-09,2.28345283143129e-09,1.4331747273573e-09,4.3710335777926e-09,6.46555760131287e-09,-1.29441519801087e-08,2.31769672989982e-09,8.61737535003072e-09,4.3710335777926e-09,2.30909809204461e-09
-5.52403285864817e-08,3.37268658407978e-08,5.03721775785874e-08,3.71682678539057e-09,6.14916506944856e-08,-4.18413564738533e-08,3.37268658407978e-08,2.1626469358223e-08,-3.91973865967256e-08,-1.52559632110653e-08,-4.00010248410163e-08,-3.36668582467357e-09,5.03721775785874e-08,-3.91973865967256e-08,-2.96951326702989e-08,3.29369171636847e-09,-3.22803057406934e-08,3.57192768432374e-08,3.71682678539057e-09,-1.52559632110653e-08,3.29369171636847e-09,2.28345283143129e-09,1.4331747273573e-09,4.3710335777926e-09,6.14916506944856e-08,-4.00010248410163e-08,-3.22803057406934e-08,1.4331747273573e-09,-3.44513596450257e-08,3.67211836366035e-08,-4.18413564738533e-08,-3.36668582467357e-09,3.57192768432374e-08,4.3710335777926e-09,3.67211836366035e-08,-9.98962985420079e-09
1.11772611523153e-07,-2.63538250258043e-08,-5.43898795775726e-08,6.46555760131287e-09,-4.18413564738533e-08,1.18955796897496e-08,-2.63538250258043e-08,4.95441220769258e-08,8.96222019964516e-10,-1.29441519801087e-08,-3.36668582467357e-09,-3.2080781981209e-08,-5.43898795775726e-08,8.96222019964516e-10,5.81051735149635e-08,2.31769672989982e-09,3.57192768432374e-08,6.23758575229676e-09,6.46555760131287e-09,-1.29441519801087e-08,2.31769672989982e-09,8.61737535003072e-09,4.3710335777926e-09,2.30909809204461e-09,-4.18413564738533e-08,-3.36668582467357e-09,3.57192768432374e-08,4.3710335777926e-09,3.67211836366035e-08,-9.98962985420079e-09,1.18955796897496e-08,-3.2080781981209e-08,6.23758575229676e-09,2.30909809204461e-09,-9.98962985420079e-09,6.30737901730036e-08
