"V1","V2","V3","V4","V5","V6","V7","V8","V9","V10","V11","V12","V13","V14","V15","V16","V17","V18","V19","V20","V21","V22","V23","V24","V25","V26","V27","V28","V29","V30","V31","V32","V33","V34","V35","V36"
-9.22294478157238e-07,2.53257816398644e-07,2.79694511011289e-09,2.19839643378622e-07,-1.54455360916643e-07,6.89271876082359e-07,2.53257816398644e-07,-4.25721365331405e-08,-9.86756359801381e-09,-1.96243898429689e-08,4.40690702041423e-09,-1.41177298671784e-07,2.79694511011289e-09,-9.86756359801381e-09,1.81210426021235e-08,8.1803849890284e-10,-5.46460185198208e-09,-1.4419761713422e-08,2.19839643378622e-07,-1.96243898429689e-08,8.1803849890284e-10,-1.98473734879225e-08,-5.45220394280055e-09,-1.61877319370864e-07,-1.54455360916643e-07,4.40690702041423e-09,-5.46460185198208e-09,-5.45220394280055e-09,3.91591552119921e-09,9.13934021252547e-08,6.89271876082359e-07,-1.41177298671784e-07,-1.4419761713422e-08,-1.61877319370864e-07,9.13934021252547e-08,-4.90937227308119e-07
2.53257816398644e-07,-4.25721365331405e-08,-9.86756359801381e-09,-1.96243898429689e-08,4.40690702041423e-09,-1.41177298671784e-07,-4.25721365331405e-08,-6.07786656423269e-08,9.95872572347428e-09,4.25416274028185e-08,-5.96427252971648e-09,9.14109018374471e-08,-9.86756359801381e-09,9.95872572347428e-09,1.13792562300223e-08,1.14930256720004e-08,-8.75995326919442e-10,1.71298699445589e-08,-1.96243898429689e-08,4.25416274028185e-08,1.14930256720004e-08,-2.42641815505696e-08,-1.17338685809803e-09,-9.00372565370737e-08,4.40690702041423e-09,-5.96427252971648e-09,-8.75995326919442e-10,-1.17338685809803e-09,1.15423193923285e-08,3.80590241965335e-09,-1.41177298671784e-07,9.14109018374471e-08,1.71298699445589e-08,-9.00372565370737e-08,3.80590241965335e-09,-2.0854089799e-07
2.79694511011289e-09,-9.86756359801381e-09,1.81210426021235e-08,8.1803849890284e-10,-5.46460185198208e-09,-1.4419761713422e-08,-9.86756359801381e-09,9.95872572347428e-09,1.13792562300223e-08,1.14930256720004e-08,-8.75995326919442e-10,1.71298699445589e-08,1.81210426021235e-08,1.13792562300223e-08,-2.23909504761416e-08,1.43772117055249e-08,7.27280127848319e-09,-1.05054690245104e-08,8.1803849890284e-10,1.14930256720004e-08,1.43772117055249e-08,-2.83392160593523e-08,1.13098727700989e-08,-5.93548000954837e-08,-5.46460185198208e-09,-8.75995326919442e-10,7.27280127848319e-09,1.13098727700989e-08,-6.11524996601908e-09,1.27807494717455e-08,-1.4419761713422e-08,1.71298699445589e-08,-1.05054690245104e-08,-5.93548000954837e-08,1.27807494717455e-08,-2.26849179283291e-08
2.19839643378622e-07,-1.96243898429689e-08,8.1803849890284e-10,-1.98473734879225e-08,-5.45220394280055e-09,-1.61877319370864e-07,-1.96243898429689e-08,4.25416274028185e-08,1.14930256720004e-08,-2.42641815505696e-08,-1.17338685809803e-09,-9.00372565370737e-08,8.1803849890284e-10,1.14930256720004e-08,1.43772117055249e-08,-2.83392160593523e-08,1.13098727700989e-08,-5.93548000954837e-08,-1.98473734879225e-08,-2.42641815505696e-08,-2.83392160593523e-08,8.66463596836261e-08,-1.04064481215645e-08,1.96921091837112e-07,-5.45220394280055e-09,-1.17338685809803e-09,1.13098727700989e-08,-1.04064481215645e-08,1.0113487674681e-08,-3.33174131859608e-08,-1.61877319370864e-07,-9.00372565370737e-08,-5.93548000954837e-08,1.96921091837112e-07,-3.33174131859608e-08,5.78271920338117e-07
-1.54455360916643e-07,4.40690702041423e-09,-5.46460185198208e-09,-5.45220394280055e-09,3.91591552119921e-09,9.13934021252547e-08,4.40690702041423e-09,-5.96427252971648e-09,-8.75995326919442e-10,-1.17338685809803e-09,1.15423193923285e-08,3.80590241965335e-09,-5.46460185198208e-09,-8.75995326919442e-10,7.27280127848319e-09,1.13098727700989e-08,-6.11524996601908e-09,1.27807494717455e-08,-5.45220394280055e-09,-1.17338685809803e-09,1.13098727700989e-08,-1.04064481215645e-08,1.0113487674681e-08,-3.33174131859608e-08,3.91591552119921e-09,1.15423193923285e-08,-6.11524996601908e-09,1.0113487674681e-08,-1.24975720601753e-09,5.59086942143457e-09,9.13934021252547e-08,3.80590241965335e-09,1.27807494717455e-08,-3.33174131859608e-08,5.59086942143457e-09,-1.31320278599982e-07
6.89271876082359e-07,-1.41177298671784e-07,-1.4419761713422e-08,-1.61877319370864e-07,9.13934021252547e-08,-4.90937227308119e-07,-1.41177298671784e-07,9.14109018374471e-08,1.71298699445589e-08,-9.00372565370737e-08,3.80590241965335e-09,-2.0854089799e-07,-1.4419761713422e-08,1.71298699445589e-08,-1.05054690245104e-08,-5.93548000954837e-08,1.27807494717455e-08,-2.26849179283291e-08,-1.61877319370864e-07,-9.00372565370737e-08,-5.93548000954837e-08,1.96921091837112e-07,-3.33174131859608e-08,5.78271920338117e-07,9.13934021252547e-08,3.80590241965335e-09,1.27807494717455e-08,-3.33174131859608e-08,5.59086942143457e-09,-1.31320278599982e-07,-4.90937227308119e-07,-2.0854089799e-07,-2.26849179283291e-08,5.78271920338117e-07,-1.31320278599982e-07,1.30547978745975e-06
