"Mkt.RF","SMB","HML","RMW","CMA","MOM"
6.27640872781283e-05,2.05137942734919e-05,-1.55560187864395e-05,-1.77687195432547e-05,-1.27640702431913e-05,4.31365353673532e-05
2.05137942734919e-05,2.47806444031041e-05,-1.17980407136102e-05,-1.45026032033343e-05,-7.5706622616825e-06,2.55226816979951e-05
-1.55560187864395e-05,-1.17980407136102e-05,1.95850007678752e-05,7.34497492968819e-06,8.90244419716755e-06,-1.80153897983593e-05
-1.77687195432547e-05,-1.45026032033343e-05,7.34497492968819e-06,1.78696320537655e-05,7.17990941577488e-06,-2.51387296935599e-05
-1.27640702431913e-05,-7.5706622616825e-06,8.90244419716755e-06,7.17990941577488e-06,7.23726603048555e-06,-1.39636297037943e-05
4.31365353673532e-05,2.55226816979951e-05,-1.80153897983593e-05,-2.51387296935599e-05,-1.39636297037943e-05,5.10807065231817e-05
