"Mkt.RF","SMB","HML","RMW","CMA","MOM"
0.000104309958956588,1.78544261527194e-05,1.3678176081071e-06,-1.42748007274589e-05,-1.61701893444039e-05,-4.96578611079904e-05
1.78544261527194e-05,1.87272900936413e-05,-3.17204833200209e-06,-3.79401968602347e-06,-4.79589178913434e-06,-9.63430387922733e-06
1.3678176081071e-06,-3.17204833200209e-06,1.76958646145435e-05,-5.55357835903177e-06,7.81132934181631e-06,-6.43814726733513e-06
-1.42748007274589e-05,-3.79401968602347e-06,-5.55357835903177e-06,9.54677727883075e-06,-1.38248941923545e-07,9.90374350731498e-06
-1.61701893444039e-05,-4.79589178913434e-06,7.81132934181631e-06,-1.38248941923545e-07,1.10758388869541e-05,1.13547591859152e-05
-4.96578611079904e-05,-9.63430387922733e-06,-6.43814726733513e-06,9.90374350731498e-06,1.13547591859152e-05,4.93720762126802e-05
