"V1","V2","V3","V4","V5","V6","V7","V8","V9","V10","V11","V12","V13","V14","V15","V16","V17","V18","V19","V20","V21","V22","V23","V24","V25","V26","V27","V28","V29","V30","V31","V32","V33","V34","V35","V36"
-1.91639097400223e-08,-5.07327687241459e-08,2.33492474723773e-09,2.18687927788879e-08,-4.27723747113439e-09,1.3295663180909e-08,-5.07327687241459e-08,-7.50673942282066e-09,3.91847239421013e-08,1.53482162269238e-08,2.66541064280462e-08,-2.62722052068083e-08,2.33492474723773e-09,3.91847239421013e-08,-1.93424700007144e-08,-1.79309122596294e-08,-1.51918499981373e-08,1.32848026668141e-09,2.18687927788879e-08,1.53482162269238e-08,-1.79309122596294e-08,-9.36860272170185e-09,-8.60084879699958e-09,7.61297770017919e-09,-4.27723747113439e-09,2.66541064280462e-08,-1.51918499981373e-08,-8.60084879699958e-09,-4.57684876254879e-09,-6.21370468717925e-09,1.3295663180909e-08,-2.62722052068083e-08,1.32848026668141e-09,7.61297770017919e-09,-6.21370468717925e-09,3.27746893166742e-08
-5.07327687241459e-08,-7.50673942282066e-09,3.91847239421013e-08,1.53482162269238e-08,2.66541064280462e-08,-2.62722052068083e-08,-7.50673942282066e-09,-4.74024959971484e-08,3.15234149436645e-08,2.55357797868207e-08,2.23212287111501e-08,1.36810433926103e-08,3.91847239421013e-08,3.15234149436645e-08,-5.55696854711666e-08,-2.26329852777951e-08,-2.94661023026139e-08,2.42699312003491e-08,1.53482162269238e-08,2.55357797868207e-08,-2.26329852777951e-08,-2.01006640246132e-08,-1.51112938181872e-08,7.15063002828601e-09,2.66541064280462e-08,2.23212287111501e-08,-2.94661023026139e-08,-1.51112938181872e-08,-2.65109556659718e-08,1.93158545354471e-08,-2.62722052068083e-08,1.36810433926103e-08,2.42699312003491e-08,7.15063002828601e-09,1.93158545354471e-08,-1.5721315494166e-08
2.33492474723773e-09,3.91847239421013e-08,-1.93424700007144e-08,-1.79309122596294e-08,-1.51918499981373e-08,1.32848026668141e-09,3.91847239421013e-08,3.15234149436645e-08,-5.55696854711666e-08,-2.26329852777951e-08,-2.94661023026139e-08,2.42699312003491e-08,-1.93424700007144e-08,-5.55696854711666e-08,3.16191184484941e-08,3.05857571446138e-08,3.32315119362235e-08,-1.32800074014802e-08,-1.79309122596294e-08,-2.26329852777951e-08,3.05857571446138e-08,1.73816924109452e-08,1.96865153191856e-08,-1.46393752645701e-08,-1.51918499981373e-08,-2.94661023026139e-08,3.32315119362235e-08,1.96865153191856e-08,2.1367674500526e-08,-1.2827211655524e-08,1.32848026668141e-09,2.42699312003491e-08,-1.32800074014802e-08,-1.46393752645701e-08,-1.2827211655524e-08,-3.23075419774177e-09
2.18687927788879e-08,1.53482162269238e-08,-1.79309122596294e-08,-9.36860272170185e-09,-8.60084879699958e-09,7.61297770017919e-09,1.53482162269238e-08,2.55357797868207e-08,-2.26329852777951e-08,-2.01006640246132e-08,-1.51112938181872e-08,7.15063002828601e-09,-1.79309122596294e-08,-2.26329852777951e-08,3.05857571446138e-08,1.73816924109452e-08,1.96865153191856e-08,-1.46393752645701e-08,-9.36860272170185e-09,-2.01006640246132e-08,1.73816924109452e-08,1.47575002390863e-08,1.0877549755568e-08,-3.48143268374212e-09,-8.60084879699958e-09,-1.51112938181872e-08,1.96865153191856e-08,1.0877549755568e-08,1.60846017260389e-08,-8.20718271504257e-09,7.61297770017919e-09,7.15063002828601e-09,-1.46393752645701e-08,-3.48143268374212e-09,-8.20718271504257e-09,2.32360203245245e-09
-4.27723747113439e-09,2.66541064280462e-08,-1.51918499981373e-08,-8.60084879699958e-09,-4.57684876254879e-09,-6.21370468717925e-09,2.66541064280462e-08,2.23212287111501e-08,-2.94661023026139e-08,-1.51112938181872e-08,-2.65109556659718e-08,1.93158545354471e-08,-1.51918499981373e-08,-2.94661023026139e-08,3.32315119362235e-08,1.96865153191856e-08,2.1367674500526e-08,-1.2827211655524e-08,-8.60084879699958e-09,-1.51112938181872e-08,1.96865153191856e-08,1.0877549755568e-08,1.60846017260389e-08,-8.20718271504257e-09,-4.57684876254879e-09,-2.65109556659718e-08,2.1367674500526e-08,1.60846017260389e-08,1.09741598749811e-08,4.95872064787124e-09,-6.21370468717925e-09,1.93158545354471e-08,-1.2827211655524e-08,-8.20718271504257e-09,4.95872064787124e-09,-2.19223588148984e-08
1.3295663180909e-08,-2.62722052068083e-08,1.32848026668141e-09,7.61297770017919e-09,-6.21370468717925e-09,3.27746893166742e-08,-2.62722052068083e-08,1.36810433926103e-08,2.42699312003491e-08,7.15063002828601e-09,1.93158545354471e-08,-1.5721315494166e-08,1.32848026668141e-09,2.42699312003491e-08,-1.32800074014802e-08,-1.46393752645701e-08,-1.2827211655524e-08,-3.23075419774177e-09,7.61297770017919e-09,7.15063002828601e-09,-1.46393752645701e-08,-3.48143268374212e-09,-8.20718271504257e-09,2.32360203245245e-09,-6.21370468717925e-09,1.93158545354471e-08,-1.2827211655524e-08,-8.20718271504257e-09,4.95872064787124e-09,-2.19223588148984e-08,3.27746893166742e-08,-1.5721315494166e-08,-3.23075419774177e-09,2.32360203245245e-09,-2.19223588148984e-08,5.9701352146278e-08
