"Mkt.RF","SMB","HML","RMW","CMA","MOM"
4.11827874393484e-05,1.42503306496439e-05,1.47494355134228e-06,-7.83269070937605e-06,1.31793906791209e-06,-9.55792422068615e-06
1.42503306496439e-05,1.70950111494996e-05,-1.40416928713887e-06,-4.02382524299685e-06,7.36303034457706e-07,-6.04963196764013e-06
1.47494355134228e-06,-1.40416928713887e-06,2.04460506049498e-05,-4.13817032996903e-06,9.60923149624928e-06,-6.34492705293249e-06
-7.83269070937605e-06,-4.02382524299685e-06,-4.13817032996903e-06,1.27533479515771e-05,-3.8405109557788e-06,8.6597028615354e-06
1.31793906791209e-06,7.36303034457706e-07,9.60923149624928e-06,-3.8405109557788e-06,1.18594280111208e-05,-5.25773078974593e-07
-9.55792422068615e-06,-6.04963196764013e-06,-6.34492705293249e-06,8.6597028615354e-06,-5.25773078974593e-07,3.03827438007484e-05
