"V1","V2","V3","V4","V5","V6","V7","V8","V9","V10","V11","V12","V13","V14","V15","V16","V17","V18","V19","V20","V21","V22","V23","V24","V25","V26","V27","V28","V29","V30","V31","V32","V33","V34","V35","V36"
2.19003782056318e-08,1.0279973155923e-09,3.05081412019021e-08,4.52187732765506e-08,-3.50875220426551e-08,2.70762121482155e-08,1.0279973155923e-09,8.81886309686274e-09,9.5582956652655e-09,9.69826495574088e-09,-1.42649656799281e-08,8.99389752892257e-09,3.05081412019021e-08,9.5582956652655e-09,-5.55781520604209e-09,-1.67388504262911e-08,1.47915775638729e-08,5.13315694251816e-09,4.52187732765506e-08,9.69826495574088e-09,-1.67388504262911e-08,-2.4552852647782e-08,1.3499071211966e-08,-2.12350970092495e-09,-3.50875220426551e-08,-1.42649656799281e-08,1.47915775638729e-08,1.3499071211966e-08,-5.28725462931263e-09,6.37422777421298e-09,2.70762121482155e-08,8.99389752892257e-09,5.13315694251816e-09,-2.12350970092495e-09,6.37422777421298e-09,1.01919556073242e-08
1.0279973155923e-09,8.81886309686274e-09,9.5582956652655e-09,9.69826495574088e-09,-1.42649656799281e-08,8.99389752892257e-09,8.81886309686274e-09,1.73979990221119e-09,1.84181155157186e-08,-4.80416037941444e-10,-1.24389988695203e-08,2.85448667612901e-08,9.5582956652655e-09,1.84181155157186e-08,-5.53403699536935e-09,-1.58211311831377e-08,7.03042230091673e-09,5.95920918979411e-09,9.69826495574088e-09,-4.80416037941444e-10,-1.58211311831377e-08,-1.21543289886496e-08,4.42035080801476e-09,-6.47584241441652e-09,-1.42649656799281e-08,-1.24389988695203e-08,7.03042230091673e-09,4.42035080801476e-09,1.178257270598e-09,-3.21556548534311e-09,8.99389752892257e-09,2.85448667612901e-08,5.95920918979411e-09,-6.47584241441652e-09,-3.21556548534311e-09,2.23705004919422e-08
3.05081412019021e-08,9.5582956652655e-09,-5.55781520604209e-09,-1.67388504262911e-08,1.47915775638729e-08,5.13315694251816e-09,9.5582956652655e-09,1.84181155157186e-08,-5.53403699536935e-09,-1.58211311831377e-08,7.03042230091673e-09,5.95920918979411e-09,-5.55781520604209e-09,-5.53403699536935e-09,6.72310107136661e-09,8.50646755931165e-09,-8.82784734941568e-09,-3.36427829571352e-09,-1.67388504262911e-08,-1.58211311831377e-08,8.50646755931165e-09,1.69565829497838e-08,-7.38838684869596e-09,-5.23663665003516e-09,1.47915775638729e-08,7.03042230091673e-09,-8.82784734941568e-09,-7.38838684869596e-09,3.65417898360421e-09,-4.27548214825107e-09,5.13315694251816e-09,5.95920918979411e-09,-3.36427829571352e-09,-5.23663665003516e-09,-4.27548214825107e-09,-5.62751071068922e-09
4.52187732765506e-08,9.69826495574088e-09,-1.67388504262911e-08,-2.4552852647782e-08,1.3499071211966e-08,-2.12350970092495e-09,9.69826495574088e-09,-4.80416037941444e-10,-1.58211311831377e-08,-1.21543289886496e-08,4.42035080801476e-09,-6.47584241441652e-09,-1.67388504262911e-08,-1.58211311831377e-08,8.50646755931165e-09,1.69565829497838e-08,-7.38838684869596e-09,-5.23663665003516e-09,-2.4552852647782e-08,-1.21543289886496e-08,1.69565829497838e-08,2.85830652066566e-08,-1.16287848144951e-08,5.731627415695e-09,1.3499071211966e-08,4.42035080801476e-09,-7.38838684869596e-09,-1.16287848144951e-08,7.15298934470583e-09,-6.28429872451717e-09,-2.12350970092495e-09,-6.47584241441652e-09,-5.23663665003516e-09,5.731627415695e-09,-6.28429872451717e-09,-7.66005783013276e-09
-3.50875220426551e-08,-1.42649656799281e-08,1.47915775638729e-08,1.3499071211966e-08,-5.28725462931263e-09,6.37422777421298e-09,-1.42649656799281e-08,-1.24389988695203e-08,7.03042230091673e-09,4.42035080801476e-09,1.178257270598e-09,-3.21556548534311e-09,1.47915775638729e-08,7.03042230091673e-09,-8.82784734941568e-09,-7.38838684869596e-09,3.65417898360421e-09,-4.27548214825107e-09,1.3499071211966e-08,4.42035080801476e-09,-7.38838684869596e-09,-1.16287848144951e-08,7.15298934470583e-09,-6.28429872451717e-09,-5.28725462931263e-09,1.178257270598e-09,3.65417898360421e-09,7.15298934470583e-09,-5.70362065250848e-09,5.16730717673086e-09,6.37422777421298e-09,-3.21556548534311e-09,-4.27548214825107e-09,-6.28429872451717e-09,5.16730717673086e-09,-6.79490326539818e-09
2.70762121482155e-08,8.99389752892257e-09,5.13315694251816e-09,-2.12350970092495e-09,6.37422777421298e-09,1.01919556073242e-08,8.99389752892257e-09,2.85448667612901e-08,5.95920918979411e-09,-6.47584241441652e-09,-3.21556548534311e-09,2.23705004919422e-08,5.13315694251816e-09,5.95920918979411e-09,-3.36427829571352e-09,-5.23663665003516e-09,-4.27548214825107e-09,-5.62751071068922e-09,-2.12350970092495e-09,-6.47584241441652e-09,-5.23663665003516e-09,5.731627415695e-09,-6.28429872451717e-09,-7.66005783013276e-09,6.37422777421298e-09,-3.21556548534311e-09,-4.27548214825107e-09,-6.28429872451717e-09,5.16730717673086e-09,-6.79490326539818e-09,1.01919556073242e-08,2.23705004919422e-08,-5.62751071068922e-09,-7.66005783013276e-09,-6.79490326539818e-09,-9.92604459293448e-09
