"V1","V2","V3","V4","V5","V6","V7","V8","V9","V10","V11","V12","V13","V14","V15","V16","V17","V18","V19","V20","V21","V22","V23","V24","V25","V26","V27","V28","V29","V30","V31","V32","V33","V34","V35","V36"
-1.12242896879873e-06,-1.60836354991401e-07,-1.01741104428299e-07,1.53931399271938e-07,2.51266430182978e-08,2.349753896884e-07,-1.60836354991401e-07,-4.09625250327037e-08,1.06309869736279e-07,7.35405323465285e-08,5.70772464224074e-08,-6.13117638349205e-08,-1.01741104428299e-07,1.06309869736279e-07,-1.49819520352014e-07,-7.58875309692349e-08,-7.45058109362701e-08,2.67838367096542e-08,1.53931399271938e-07,7.35405323465285e-08,-7.58875309692349e-08,-6.42755788712004e-08,-3.86666905857794e-08,4.44448596638789e-08,2.51266430182978e-08,5.70772464224074e-08,-7.45058109362701e-08,-3.86666905857794e-08,-5.14425266511086e-08,3.56886809458107e-08,2.349753896884e-07,-6.13117638349205e-08,2.67838367096542e-08,4.44448596638789e-08,3.56886809458107e-08,1.28861432610642e-07
-1.60836354991401e-07,-4.09625250327037e-08,1.06309869736279e-07,7.35405323465285e-08,5.70772464224074e-08,-6.13117638349205e-08,-4.09625250327037e-08,-4.699183197758e-08,1.05840442844402e-07,1.30879533109627e-08,4.57639353135386e-08,-2.16716675858071e-08,1.06309869736279e-07,1.05840442844402e-07,-1.24777504503556e-07,-5.73106870562948e-08,-5.41224050760816e-08,3.65690221062212e-09,7.35405323465285e-08,1.30879533109627e-08,-5.73106870562948e-08,-2.08382791384776e-08,-3.91753743144246e-08,7.86445629586197e-09,5.70772464224074e-08,4.57639353135386e-08,-5.41224050760816e-08,-3.91753743144246e-08,-2.36556786282073e-08,4.18309983625819e-09,-6.13117638349205e-08,-2.16716675858071e-08,3.65690221062212e-09,7.86445629586197e-09,4.18309983625819e-09,-2.21170918305744e-08
-1.01741104428299e-07,1.06309869736279e-07,-1.49819520352014e-07,-7.58875309692349e-08,-7.45058109362701e-08,2.67838367096542e-08,1.06309869736279e-07,1.05840442844402e-07,-1.24777504503556e-07,-5.73106870562948e-08,-5.41224050760816e-08,3.65690221062212e-09,-1.49819520352014e-07,-1.24777504503556e-07,2.32761106124051e-07,9.28272066551066e-08,8.11503352947249e-08,-8.35883613603121e-08,-7.58875309692349e-08,-5.73106870562948e-08,9.28272066551066e-08,4.36588774515444e-08,4.25538189798963e-08,-2.71729495680836e-08,-7.45058109362701e-08,-5.41224050760816e-08,8.11503352947249e-08,4.25538189798963e-08,2.98735224811392e-08,-1.21198144622889e-08,2.67838367096542e-08,3.65690221062212e-09,-8.35883613603121e-08,-2.71729495680836e-08,-1.21198144622889e-08,9.36826556108878e-08
1.53931399271938e-07,7.35405323465285e-08,-7.58875309692349e-08,-6.42755788712004e-08,-3.86666905857794e-08,4.44448596638789e-08,7.35405323465285e-08,1.30879533109627e-08,-5.73106870562948e-08,-2.08382791384776e-08,-3.91753743144246e-08,7.86445629586197e-09,-7.58875309692349e-08,-5.73106870562948e-08,9.28272066551066e-08,4.36588774515444e-08,4.25538189798963e-08,-2.71729495680836e-08,-6.42755788712004e-08,-2.08382791384776e-08,4.36588774515444e-08,2.88402835097392e-08,2.97865405455551e-08,-1.67768684642265e-08,-3.86666905857794e-08,-3.91753743144246e-08,4.25538189798963e-08,2.97865405455551e-08,1.79247016767161e-08,-1.44676799625499e-08,4.44448596638789e-08,7.86445629586197e-09,-2.71729495680836e-08,-1.67768684642265e-08,-1.44676799625499e-08,-1.45638409957789e-09
2.51266430182978e-08,5.70772464224074e-08,-7.45058109362701e-08,-3.86666905857794e-08,-5.14425266511086e-08,3.56886809458107e-08,5.70772464224074e-08,4.57639353135386e-08,-5.41224050760816e-08,-3.91753743144246e-08,-2.36556786282073e-08,4.18309983625819e-09,-7.45058109362701e-08,-5.41224050760816e-08,8.11503352947249e-08,4.25538189798963e-08,2.98735224811392e-08,-1.21198144622889e-08,-3.86666905857794e-08,-3.91753743144246e-08,4.25538189798963e-08,2.97865405455551e-08,1.79247016767161e-08,-1.44676799625499e-08,-5.14425266511086e-08,-2.36556786282073e-08,2.98735224811392e-08,1.79247016767161e-08,1.12944344661859e-08,3.57870462888723e-09,3.56886809458107e-08,4.18309983625819e-09,-1.21198144622889e-08,-1.44676799625499e-08,3.57870462888723e-09,-3.78514185868383e-08
2.349753896884e-07,-6.13117638349205e-08,2.67838367096542e-08,4.44448596638789e-08,3.56886809458107e-08,1.28861432610642e-07,-6.13117638349205e-08,-2.16716675858071e-08,3.65690221062212e-09,7.86445629586197e-09,4.18309983625819e-09,-2.21170918305744e-08,2.67838367096542e-08,3.65690221062212e-09,-8.35883613603121e-08,-2.71729495680836e-08,-1.21198144622889e-08,9.36826556108878e-08,4.44448596638789e-08,7.86445629586197e-09,-2.71729495680836e-08,-1.67768684642265e-08,-1.44676799625499e-08,-1.45638409957789e-09,3.56886809458107e-08,4.18309983625819e-09,-1.21198144622889e-08,-1.44676799625499e-08,3.57870462888723e-09,-3.78514185868383e-08,1.28861432610642e-07,-2.21170918305744e-08,9.36826556108878e-08,-1.45638409957789e-09,-3.78514185868383e-08,-1.0547637359601e-07
