"V1","V2","V3","V4","V5","V6","V7","V8","V9","V10","V11","V12","V13","V14","V15","V16","V17","V18","V19","V20","V21","V22","V23","V24","V25","V26","V27","V28","V29","V30","V31","V32","V33","V34","V35","V36"
3.36468413365902e-07,-1.1782747512394e-08,-2.52648132207468e-07,-3.67024248770269e-09,-1.53568145232353e-07,1.69730767639118e-07,-1.1782747512394e-08,5.34735935065397e-08,8.29931726358068e-09,4.30875847308533e-08,-4.22284494278464e-09,-2.42487777619782e-08,-2.52648132207468e-07,8.29931726358068e-09,1.27409004524934e-07,-8.30578631793292e-08,6.9302778418047e-08,5.80500003805615e-09,-3.67024248770269e-09,4.30875847308533e-08,-8.30578631793292e-08,-1.46432856154329e-08,-3.91854862166381e-08,9.18643537183317e-08,-1.53568145232353e-07,-4.22284494278464e-09,6.9302778418047e-08,-3.91854862166381e-08,7.39938932050258e-08,-2.73553118399463e-08,1.69730767639118e-07,-2.42487777619782e-08,5.80500003805615e-09,9.18643537183317e-08,-2.73553118399463e-08,-1.22063137240713e-07
-1.1782747512394e-08,5.34735935065397e-08,8.29931726358068e-09,4.30875847308533e-08,-4.22284494278464e-09,-2.42487777619782e-08,5.34735935065397e-08,7.97249670318176e-08,-3.1768335748646e-08,6.17628429183392e-09,-4.50602820513450e-09,-1.97529173057449e-08,8.29931726358068e-09,-3.1768335748646e-08,1.22523245029657e-08,-4.464103589239e-08,9.35375987744932e-09,-2.35459000499723e-08,4.30875847308533e-08,6.17628429183392e-09,-4.464103589239e-08,-1.17519758202858e-08,-3.66132200468665e-08,5.7887457977515e-08,-4.22284494278464e-09,-4.50602820513450e-09,9.35375987744932e-09,-3.66132200468665e-08,2.53003735079041e-08,-1.7285767142823e-08,-2.42487777619782e-08,-1.97529173057449e-08,-2.35459000499723e-08,5.7887457977515e-08,-1.7285767142823e-08,8.66632727365553e-08
-2.52648132207468e-07,8.29931726358068e-09,1.27409004524934e-07,-8.30578631793292e-08,6.9302778418047e-08,5.80500003805615e-09,8.29931726358068e-09,-3.1768335748646e-08,1.22523245029657e-08,-4.464103589239e-08,9.35375987744932e-09,-2.35459000499723e-08,1.27409004524934e-07,1.22523245029657e-08,1.87580633818648e-08,1.62567428503519e-07,3.09220142102917e-08,-2.05305993853755e-07,-8.30578631793292e-08,-4.464103589239e-08,1.62567428503519e-07,9.37419329434657e-08,1.21926162187962e-07,-2.16886100350805e-07,6.9302778418047e-08,9.35375987744932e-09,3.09220142102917e-08,1.21926162187962e-07,1.35813824947987e-08,-1.20007493043613e-07,5.80500003805615e-09,-2.35459000499723e-08,-2.05305993853755e-07,-2.16886100350805e-07,-1.20007493043613e-07,4.29436908031763e-07
-3.67024248770269e-09,4.30875847308533e-08,-8.30578631793292e-08,-1.46432856154329e-08,-3.91854862166381e-08,9.18643537183317e-08,4.30875847308533e-08,6.17628429183392e-09,-4.464103589239e-08,-1.17519758202858e-08,-3.66132200468665e-08,5.7887457977515e-08,-8.30578631793292e-08,-4.464103589239e-08,1.62567428503519e-07,9.37419329434657e-08,1.21926162187962e-07,-2.16886100350805e-07,-1.46432856154329e-08,-1.17519758202858e-08,9.37419329434657e-08,6.76339326214835e-08,7.88953768821145e-08,-1.40491193979531e-07,-3.91854862166381e-08,-3.66132200468665e-08,1.21926162187962e-07,7.88953768821145e-08,7.77161554979027e-08,-1.41498140005887e-07,9.18643537183317e-08,5.7887457977515e-08,-2.16886100350805e-07,-1.40491193979531e-07,-1.41498140005887e-07,3.04361832657013e-07
-1.53568145232353e-07,-4.22284494278464e-09,6.9302778418047e-08,-3.91854862166381e-08,7.39938932050258e-08,-2.73553118399463e-08,-4.22284494278464e-09,-4.50602820513450e-09,9.35375987744932e-09,-3.66132200468665e-08,2.53003735079041e-08,-1.7285767142823e-08,6.9302778418047e-08,9.35375987744932e-09,3.09220142102917e-08,1.21926162187962e-07,1.35813824947987e-08,-1.20007493043613e-07,-3.91854862166381e-08,-3.66132200468665e-08,1.21926162187962e-07,7.88953768821145e-08,7.77161554979027e-08,-1.41498140005887e-07,7.39938932050258e-08,2.53003735079041e-08,1.35813824947987e-08,7.77161554979027e-08,-1.68467998436717e-08,-5.35208515880248e-08,-2.73553118399463e-08,-1.7285767142823e-08,-1.20007493043613e-07,-1.41498140005887e-07,-5.35208515880248e-08,2.43845723142798e-07
1.69730767639118e-07,-2.42487777619782e-08,5.80500003805615e-09,9.18643537183317e-08,-2.73553118399463e-08,-1.22063137240713e-07,-2.42487777619782e-08,-1.97529173057449e-08,-2.35459000499723e-08,5.7887457977515e-08,-1.7285767142823e-08,8.66632727365553e-08,5.80500003805615e-09,-2.35459000499723e-08,-2.05305993853755e-07,-2.16886100350805e-07,-1.20007493043613e-07,4.29436908031763e-07,9.18643537183317e-08,5.7887457977515e-08,-2.16886100350805e-07,-1.40491193979531e-07,-1.41498140005887e-07,3.04361832657013e-07,-2.73553118399463e-08,-1.7285767142823e-08,-1.20007493043613e-07,-1.41498140005887e-07,-5.35208515880248e-08,2.43845723142798e-07,-1.22063137240713e-07,8.66632727365553e-08,4.29436908031763e-07,3.04361832657013e-07,2.43845723142798e-07,-8.53296091877847e-07
