"Mkt.RF","SMB","HML","RMW","CMA","MOM"
0.0011761221503078,0.000107962851716612,0.000250815957955325,4.02692688903806e-05,-2.12938135242203e-05,-7.58770602507734e-05
0.000107962851716612,0.000205214420036423,0.000153316783837764,7.94263598947379e-08,-2.51190549502705e-05,-0.000126911333702563
0.000250815957955325,0.000153316783837764,0.000311773281428015,2.66019354814658e-05,1.01836200796687e-05,-0.00022329199865048
4.02692688903806e-05,7.94263598947379e-08,2.66019354814658e-05,4.2024601272988e-05,5.08337569639812e-06,-5.51456503032091e-05
-2.12938135242203e-05,-2.51190549502705e-05,1.01836200796687e-05,5.08337569639812e-06,2.255324249004e-05,-3.89373245339041e-06
-7.58770602507734e-05,-0.000126911333702563,-0.00022329199865048,-5.51456503032091e-05,-3.89373245339041e-06,0.000345339777963776
