"Mkt.RF","SMB","HML","RMW","CMA","MOM"
6.770699223752e-05,2.47309315850611e-05,7.21492306333043e-06,-3.16181110283963e-05,2.38518874062738e-05,3.98495796187193e-05
2.47309315850611e-05,3.10189155292306e-05,8.1096522049182e-06,-2.21221543860168e-05,1.78705844015225e-05,2.7525260633048e-05
7.21492306333043e-06,8.1096522049182e-06,7.35353135788185e-06,-7.31117972209464e-06,6.95914557986741e-06,9.12931460680956e-06
-3.16181110283963e-05,-2.21221543860168e-05,-7.31117972209464e-06,3.04500942001199e-05,-2.10308025649767e-05,-3.15527323567925e-05
2.38518874062738e-05,1.78705844015225e-05,6.95914557986741e-06,-2.10308025649767e-05,1.78240748245826e-05,2.42088323484068e-05
3.98495796187193e-05,2.7525260633048e-05,9.12931460680956e-06,-3.15527323567925e-05,2.42088323484068e-05,4.22185338611065e-05
