"Mkt.RF","SMB","HML","RMW","CMA","MOM"
1.84750702733649e-05,-6.95516740788808e-06,-6.18372894991299e-06,3.11552261742127e-06,-3.05833663146064e-06,7.76799494826566e-07
-6.95516740788808e-06,9.240164226386e-06,9.74600364099872e-07,-1.64793948176499e-06,-5.64027288582585e-07,1.55517883697818e-07
-6.18372894991299e-06,9.74600364099872e-07,1.09518032516337e-05,-4.17315171451063e-06,6.1992046518072e-06,5.10558497246499e-06
3.11552261742127e-06,-1.64793948176499e-06,-4.17315171451063e-06,5.56390049903038e-06,-3.18114939757882e-06,-3.16943053209135e-06
-3.05833663146064e-06,-5.64027288582585e-07,6.1992046518072e-06,-3.18114939757882e-06,6.3002853269277e-06,2.67947941608821e-06
7.76799494826566e-07,1.55517883697818e-07,5.10558497246499e-06,-3.16943053209135e-06,2.67947941608821e-06,1.47466021088339e-05
