"Mkt.RF","SMB","HML","RMW","CMA","MOM"
0.000758160056245643,1.05993632498292e-05,0.000296253583340821,-6.98796943966078e-05,-5.94070834035495e-05,-0.000518717046806655
1.05993632498292e-05,8.58429521422923e-05,6.95170733309413e-06,-8.02542339404189e-06,2.00716501604445e-06,-1.3652535648419e-05
0.000296253583340821,6.95170733309413e-06,0.000289560398844265,-7.00663410252866e-05,-3.29542093062723e-05,-0.000319737046674038
-6.98796943966078e-05,-8.02542339404189e-06,-7.00663410252866e-05,3.00998395846165e-05,9.92037102729661e-06,8.66275627982167e-05
-5.94070834035495e-05,2.00716501604445e-06,-3.29542093062723e-05,9.92037102729661e-06,2.30395945028787e-05,6.58081755352434e-05
-0.000518717046806655,-1.3652535648419e-05,-0.000319737046674038,8.66275627982167e-05,6.58081755352434e-05,0.000574115817233136
