"V1","V2","V3","V4","V5","V6","V7","V8","V9","V10","V11","V12","V13","V14","V15","V16","V17","V18","V19","V20","V21","V22","V23","V24","V25","V26","V27","V28","V29","V30","V31","V32","V33","V34","V35","V36"
-2.48049871110905e-07,-1.58402456696309e-07,4.28805164274735e-08,7.08452519446139e-08,8.19319777018363e-08,-3.58820301243406e-08,-1.58402456696309e-07,5.50365597606197e-08,5.11141448042616e-08,-1.4916074392731e-08,2.56161639931435e-08,-4.29121106733614e-08,4.28805164274735e-08,5.11141448042616e-08,4.66687560027075e-09,-2.18201109177641e-08,-2.17373894538989e-08,-2.33943052670965e-09,7.08452519446139e-08,-1.4916074392731e-08,-2.18201109177641e-08,6.18765953439595e-09,-9.96665585050298e-09,1.92688935353282e-08,8.19319777018363e-08,2.56161639931435e-08,-2.17373894538989e-08,-9.96665585050298e-09,-2.55367231313052e-08,9.2311159259378e-09,-3.58820301243406e-08,-4.29121106733614e-08,-2.33943052670965e-09,1.92688935353282e-08,9.2311159259378e-09,6.76928430899466e-09
-1.58402456696309e-07,5.50365597606197e-08,5.11141448042616e-08,-1.4916074392731e-08,2.56161639931435e-08,-4.29121106733614e-08,5.50365597606197e-08,-2.83953300359832e-08,-1.24291652019732e-08,1.84342276237876e-09,-6.0737499631305e-09,1.27653373946335e-08,5.11141448042616e-08,-1.24291652019732e-08,-2.64975106600816e-08,4.61662943058584e-09,-1.39258737810016e-08,8.11307385527241e-09,-1.4916074392731e-08,1.84342276237876e-09,4.61662943058584e-09,3.13855748736531e-09,7.25424788194139e-09,1.24879064065568e-10,2.56161639931435e-08,-6.0737499631305e-09,-1.39258737810016e-08,7.25424788194139e-09,-1.07986842295839e-08,6.54151515433106e-09,-4.29121106733614e-08,1.27653373946335e-08,8.11307385527241e-09,1.24879064065568e-10,6.54151515433106e-09,-1.23828995254359e-08
4.28805164274735e-08,5.11141448042616e-08,4.66687560027075e-09,-2.18201109177641e-08,-2.17373894538989e-08,-2.33943052670965e-09,5.11141448042616e-08,-1.24291652019732e-08,-2.64975106600816e-08,4.61662943058584e-09,-1.39258737810016e-08,8.11307385527241e-09,4.66687560027075e-09,-2.64975106600816e-08,1.3871264216487e-08,8.34005148032079e-09,1.20718924526063e-08,1.50844548554878e-08,-2.18201109177641e-08,4.61662943058584e-09,8.34005148032079e-09,-1.22139618085389e-10,2.36807507049847e-09,-3.3700322114443e-09,-2.17373894538989e-08,-1.39258737810016e-08,1.20718924526063e-08,2.36807507049847e-09,1.70499835027312e-08,7.98178996637831e-10,-2.33943052670965e-09,8.11307385527241e-09,1.50844548554878e-08,-3.3700322114443e-09,7.98178996637831e-10,-5.01337526465301e-09
7.08452519446139e-08,-1.4916074392731e-08,-2.18201109177641e-08,6.18765953439595e-09,-9.96665585050298e-09,1.92688935353282e-08,-1.4916074392731e-08,1.84342276237876e-09,4.61662943058584e-09,3.13855748736531e-09,7.25424788194139e-09,1.24879064065568e-10,-2.18201109177641e-08,4.61662943058584e-09,8.34005148032079e-09,-1.22139618085389e-10,2.36807507049847e-09,-3.3700322114443e-09,6.18765953439595e-09,3.13855748736531e-09,-1.22139618085389e-10,-4.65134566161804e-09,-7.21555114018207e-09,-1.73996354721518e-09,-9.96665585050298e-09,7.25424788194139e-09,2.36807507049847e-09,-7.21555114018207e-09,-5.8691058426947e-10,-4.04643469049956e-09,1.92688935353282e-08,1.24879064065568e-10,-3.3700322114443e-09,-1.73996354721518e-09,-4.04643469049956e-09,3.08604896591141e-09
8.19319777018363e-08,2.56161639931435e-08,-2.17373894538989e-08,-9.96665585050298e-09,-2.55367231313052e-08,9.2311159259378e-09,2.56161639931435e-08,-6.0737499631305e-09,-1.39258737810016e-08,7.25424788194139e-09,-1.07986842295839e-08,6.54151515433106e-09,-2.17373894538989e-08,-1.39258737810016e-08,1.20718924526063e-08,2.36807507049847e-09,1.70499835027312e-08,7.98178996637831e-10,-9.96665585050298e-09,7.25424788194139e-09,2.36807507049847e-09,-7.21555114018207e-09,-5.8691058426947e-10,-4.04643469049956e-09,-2.55367231313052e-08,-1.07986842295839e-08,1.70499835027312e-08,-5.8691058426947e-10,2.02811160589862e-08,1.61516265336025e-09,9.2311159259378e-09,6.54151515433106e-09,7.98178996637831e-10,-4.04643469049956e-09,1.61516265336025e-09,-9.31054562771344e-09
-3.58820301243406e-08,-4.29121106733614e-08,-2.33943052670965e-09,1.92688935353282e-08,9.2311159259378e-09,6.76928430899466e-09,-4.29121106733614e-08,1.27653373946335e-08,8.11307385527241e-09,1.24879064065568e-10,6.54151515433106e-09,-1.23828995254359e-08,-2.33943052670965e-09,8.11307385527241e-09,1.50844548554878e-08,-3.3700322114443e-09,7.98178996637831e-10,-5.01337526465301e-09,1.92688935353282e-08,1.24879064065568e-10,-3.3700322114443e-09,-1.73996354721518e-09,-4.04643469049956e-09,3.08604896591141e-09,9.2311159259378e-09,6.54151515433106e-09,7.98178996637831e-10,-4.04643469049956e-09,1.61516265336025e-09,-9.31054562771344e-09,6.76928430899466e-09,-1.23828995254359e-08,-5.01337526465301e-09,3.08604896591141e-09,-9.31054562771344e-09,7.45775811918092e-09
