"Mkt.RF","SMB","HML","RMW","CMA","MOM"
7.12321253440129e-05,4.47770542409268e-06,-2.50428533025484e-06,-1.06065082316254e-05,-6.13080489620026e-06,-9.0491626757546e-07
4.47770542409268e-06,3.58290672988804e-05,-2.88976861040851e-06,-8.67997466725115e-06,-4.84609518656296e-06,-1.24070789960923e-05
-2.50428533025484e-06,-2.88976861040851e-06,1.67086398235855e-05,1.86801706096144e-06,7.60496298509881e-06,-8.34937259093276e-06
-1.06065082316254e-05,-8.67997466725115e-06,1.86801706096144e-06,9.5250516810721e-06,3.17800317657456e-06,1.37641063372149e-06
-6.13080489620026e-06,-4.84609518656296e-06,7.60496298509881e-06,3.17800317657456e-06,6.19229974975913e-06,-1.45574335292574e-06
-9.0491626757546e-07,-1.24070789960923e-05,-8.34937259093276e-06,1.37641063372149e-06,-1.45574335292574e-06,2.95030519553494e-05
