"Mkt.RF","SMB","HML","RMW","CMA","MOM"
0.000212835428610186,-3.99772824071743e-05,-7.67318316824849e-05,-5.87113323812096e-05,-4.4683682739901e-05,7.73755099736998e-05
-3.99772824071743e-05,0.000195384989101688,-5.57245623631038e-05,-0.000137411770356424,-9.74891929231302e-06,0.000164800078311591
-7.67318316824849e-05,-5.57245623631038e-05,7.97257421058739e-05,8.38349904800988e-05,3.53574695485452e-05,-0.000104720236482341
-5.87113323812096e-05,-0.000137411770356424,8.38349904800988e-05,0.000165641604993393,2.95099815519593e-05,-0.00017228707428964
-4.4683682739901e-05,-9.74891929231302e-06,3.53574695485452e-05,2.95099815519593e-05,4.17804458310364e-05,-4.96333124311977e-05
7.73755099736998e-05,0.000164800078311591,-0.000104720236482341,-0.00017228707428964,-4.96333124311977e-05,0.000269558944823939
