"V1","V2","V3","V4","V5","V6","V7","V8","V9","V10","V11","V12","V13","V14","V15","V16","V17","V18","V19","V20","V21","V22","V23","V24","V25","V26","V27","V28","V29","V30","V31","V32","V33","V34","V35","V36"
-4.45626306842642e-08,-4.88886233994499e-07,-6.50447368268253e-08,1.55045300669988e-07,2.13269765149543e-08,4.17359882410876e-07,-4.88886233994499e-07,2.26806251704706e-07,1.63448334212083e-07,9.98604465587846e-09,2.13446103189329e-07,-2.95023335830718e-07,-6.50447368268253e-08,1.63448334212083e-07,1.04267707255547e-07,-4.14640828065021e-08,3.7771883226259e-08,-1.68809536015596e-07,1.55045300669988e-07,9.98604465587846e-09,-4.14640828065021e-08,-5.78768955285534e-09,-5.66817248186598e-08,3.04507034092755e-09,2.13269765149543e-08,2.13446103189329e-07,3.7771883226259e-08,-5.66817248186598e-08,5.28902893333299e-08,-1.94916292658438e-07,4.17359882410876e-07,-2.95023335830718e-07,-1.68809536015596e-07,3.04507034092755e-09,-1.94916292658438e-07,3.29325227042284e-07
-4.88886233994499e-07,2.26806251704706e-07,1.63448334212083e-07,9.98604465587846e-09,2.13446103189329e-07,-2.95023335830718e-07,2.26806251704706e-07,3.98766129062433e-08,-5.75343469416202e-08,-4.57457935744714e-08,-9.35857503202696e-08,-9.70155885808595e-08,1.63448334212083e-07,-5.75343469416202e-08,-5.13063994882608e-08,-1.61084372004159e-08,-8.0941447552389e-08,5.51761307209877e-08,9.98604465587846e-09,-4.57457935744714e-08,-1.61084372004159e-08,3.28170938967558e-08,-6.55687220518029e-09,8.45781453448448e-08,2.13446103189329e-07,-9.35857503202696e-08,-8.0941447552389e-08,-6.55687220518029e-09,-1.65594122333605e-07,1.17878316301093e-07,-2.95023335830718e-07,-9.70155885808595e-08,5.51761307209877e-08,8.45781453448448e-08,1.17878316301093e-07,2.00503944259784e-07
-6.50447368268253e-08,1.63448334212083e-07,1.04267707255547e-07,-4.14640828065021e-08,3.7771883226259e-08,-1.68809536015596e-07,1.63448334212083e-07,-5.75343469416202e-08,-5.13063994882608e-08,-1.61084372004159e-08,-8.0941447552389e-08,5.51761307209877e-08,1.04267707255547e-07,-5.13063994882608e-08,-1.02376129067671e-07,-1.04595688086729e-08,-5.98717872912527e-08,8.33339538441608e-08,-4.14640828065021e-08,-1.61084372004159e-08,-1.04595688086729e-08,-2.73244933827538e-09,6.44366239750102e-09,3.81438694254055e-08,3.7771883226259e-08,-8.0941447552389e-08,-5.98717872912527e-08,6.44366239750102e-09,-5.18574350575741e-08,8.88385905415318e-08,-1.68809536015596e-07,5.51761307209877e-08,8.33339538441608e-08,3.81438694254055e-08,8.88385905415318e-08,-1.40176280039581e-07
1.55045300669988e-07,9.98604465587846e-09,-4.14640828065021e-08,-5.78768955285534e-09,-5.66817248186598e-08,3.04507034092755e-09,9.98604465587846e-09,-4.57457935744714e-08,-1.61084372004159e-08,3.28170938967558e-08,-6.55687220518029e-09,8.45781453448448e-08,-4.14640828065021e-08,-1.61084372004159e-08,-1.04595688086729e-08,-2.73244933827538e-09,6.44366239750102e-09,3.81438694254055e-08,-5.78768955285534e-09,3.28170938967558e-08,-2.73244933827538e-09,-1.99483222161717e-08,9.98094182458576e-10,-2.60174299618875e-08,-5.66817248186598e-08,-6.55687220518029e-09,6.44366239750102e-09,9.98094182458576e-10,2.37788099270225e-08,1.1663926386245e-08,3.04507034092755e-09,8.45781453448448e-08,3.81438694254055e-08,-2.60174299618875e-08,1.1663926386245e-08,-1.26690563579072e-07
2.13269765149543e-08,2.13446103189329e-07,3.7771883226259e-08,-5.66817248186598e-08,5.28902893333299e-08,-1.94916292658438e-07,2.13446103189329e-07,-9.35857503202696e-08,-8.0941447552389e-08,-6.55687220518029e-09,-1.65594122333605e-07,1.17878316301093e-07,3.7771883226259e-08,-8.0941447552389e-08,-5.98717872912527e-08,6.44366239750102e-09,-5.18574350575741e-08,8.88385905415318e-08,-5.66817248186598e-08,-6.55687220518029e-09,6.44366239750102e-09,9.98094182458576e-10,2.37788099270225e-08,1.1663926386245e-08,5.28902893333299e-08,-1.65594122333605e-07,-5.18574350575741e-08,2.37788099270225e-08,-3.10800281619295e-08,1.52371975064594e-07,-1.94916292658438e-07,1.17878316301093e-07,8.88385905415318e-08,1.1663926386245e-08,1.52371975064594e-07,-1.55369757058178e-07
4.17359882410876e-07,-2.95023335830718e-07,-1.68809536015596e-07,3.04507034092755e-09,-1.94916292658438e-07,3.29325227042284e-07,-2.95023335830718e-07,-9.70155885808595e-08,5.51761307209877e-08,8.45781453448448e-08,1.17878316301093e-07,2.00503944259784e-07,-1.68809536015596e-07,5.51761307209877e-08,8.33339538441608e-08,3.81438694254055e-08,8.88385905415318e-08,-1.40176280039581e-07,3.04507034092755e-09,8.45781453448448e-08,3.81438694254055e-08,-2.60174299618875e-08,1.1663926386245e-08,-1.26690563579072e-07,-1.94916292658438e-07,1.17878316301093e-07,8.88385905415318e-08,1.1663926386245e-08,1.52371975064594e-07,-1.55369757058178e-07,3.29325227042284e-07,2.00503944259784e-07,-1.40176280039581e-07,-1.26690563579072e-07,-1.55369757058178e-07,-8.72965806914112e-08
