"V1","V2","V3","V4","V5","V6","V7","V8","V9","V10","V11","V12","V13","V14","V15","V16","V17","V18","V19","V20","V21","V22","V23","V24","V25","V26","V27","V28","V29","V30","V31","V32","V33","V34","V35","V36"
7.80328679570693e-09,-6.64745810151124e-09,-8.36806508205512e-09,1.2668491308902e-08,-3.00538816969087e-09,-7.53068081345453e-09,-6.64745810151124e-09,-1.00093765128515e-08,8.35086391713313e-10,1.07118490236453e-08,3.95266392893081e-09,3.70680027245828e-09,-8.36806508205512e-09,8.35086391713313e-10,2.19227835215275e-09,-4.6357369427856e-09,-4.85499474494842e-09,-1.81729229134811e-09,1.2668491308902e-08,1.07118490236453e-08,-4.6357369427856e-09,3.6150464791096e-09,-4.58128597001725e-09,2.42299764723236e-09,-3.00538816969087e-09,3.95266392893081e-09,-4.85499474494842e-09,-4.58128597001725e-09,6.09048978366587e-09,1.9057732025896e-09,-7.53068081345453e-09,3.70680027245828e-09,-1.81729229134811e-09,2.42299764723236e-09,1.9057732025896e-09,6.72256845933522e-09
-6.64745810151124e-09,-1.00093765128515e-08,8.35086391713313e-10,1.07118490236453e-08,3.95266392893081e-09,3.70680027245828e-09,-1.00093765128515e-08,-1.83801526870734e-08,1.19243882443607e-08,1.2876873249387e-08,1.09692929277594e-08,1.16919435883309e-09,8.35086391713313e-10,1.19243882443607e-08,-5.19216813990517e-09,-3.81584836103223e-09,-8.48559423572935e-09,1.1757262792074e-09,1.07118490236453e-08,1.2876873249387e-08,-3.81584836103223e-09,-3.33806411954252e-09,-5.09355330397314e-09,3.33068932377902e-09,3.95266392893081e-09,1.09692929277594e-08,-8.48559423572935e-09,-5.09355330397314e-09,-2.92441879044128e-09,3.38201236306076e-10,3.70680027245828e-09,1.16919435883309e-09,1.1757262792074e-09,3.33068932377902e-09,3.38201236306076e-10,6.2297868836062e-09
-8.36806508205512e-09,8.35086391713313e-10,2.19227835215275e-09,-4.6357369427856e-09,-4.85499474494842e-09,-1.81729229134811e-09,8.35086391713313e-10,1.19243882443607e-08,-5.19216813990517e-09,-3.81584836103223e-09,-8.48559423572935e-09,1.1757262792074e-09,2.19227835215275e-09,-5.19216813990517e-09,4.62363735506127e-09,-7.77002203855897e-10,5.45016554037540e-09,-1.30115918622707e-09,-4.6357369427856e-09,-3.81584836103223e-09,-7.77002203855897e-10,1.78546351046007e-09,2.5206755044905e-10,-1.52638970433398e-09,-4.85499474494842e-09,-8.48559423572935e-09,5.45016554037540e-09,2.5206755044905e-10,5.1269716012169e-09,-3.9087295574491e-10,-1.81729229134811e-09,1.1757262792074e-09,-1.30115918622707e-09,-1.52638970433398e-09,-3.9087295574491e-10,-3.22301095494466e-09
1.2668491308902e-08,1.07118490236453e-08,-4.6357369427856e-09,3.6150464791096e-09,-4.58128597001725e-09,2.42299764723236e-09,1.07118490236453e-08,1.2876873249387e-08,-3.81584836103223e-09,-3.33806411954252e-09,-5.09355330397314e-09,3.33068932377902e-09,-4.6357369427856e-09,-3.81584836103223e-09,-7.77002203855897e-10,1.78546351046007e-09,2.5206755044905e-10,-1.52638970433398e-09,3.6150464791096e-09,-3.33806411954252e-09,1.78546351046007e-09,9.93794151959833e-10,7.57884135435021e-10,-5.08687919071185e-10,-4.58128597001725e-09,-5.09355330397314e-09,2.5206755044905e-10,7.57884135435021e-10,7.95670325494876e-10,4.5759380172937e-10,2.42299764723236e-09,3.33068932377902e-09,-1.52638970433398e-09,-5.08687919071185e-10,4.5759380172937e-10,-1.3295120783262e-09
-3.00538816969087e-09,3.95266392893081e-09,-4.85499474494842e-09,-4.58128597001725e-09,6.09048978366587e-09,1.9057732025896e-09,3.95266392893081e-09,1.09692929277594e-08,-8.48559423572935e-09,-5.09355330397314e-09,-2.92441879044128e-09,3.38201236306076e-10,-4.85499474494842e-09,-8.48559423572935e-09,5.45016554037540e-09,2.5206755044905e-10,5.1269716012169e-09,-3.9087295574491e-10,-4.58128597001725e-09,-5.09355330397314e-09,2.5206755044905e-10,7.57884135435021e-10,7.95670325494876e-10,4.5759380172937e-10,6.09048978366587e-09,-2.92441879044128e-09,5.1269716012169e-09,7.95670325494876e-10,1.09228238306253e-08,-4.66495060219498e-09,1.9057732025896e-09,3.38201236306076e-10,-3.9087295574491e-10,4.5759380172937e-10,-4.66495060219498e-09,2.8706014122891e-09
-7.53068081345453e-09,3.70680027245828e-09,-1.81729229134811e-09,2.42299764723236e-09,1.9057732025896e-09,6.72256845933522e-09,3.70680027245828e-09,1.16919435883309e-09,1.1757262792074e-09,3.33068932377902e-09,3.38201236306076e-10,6.2297868836062e-09,-1.81729229134811e-09,1.1757262792074e-09,-1.30115918622707e-09,-1.52638970433398e-09,-3.9087295574491e-10,-3.22301095494466e-09,2.42299764723236e-09,3.33068932377902e-09,-1.52638970433398e-09,-5.08687919071185e-10,4.5759380172937e-10,-1.3295120783262e-09,1.9057732025896e-09,3.38201236306076e-10,-3.9087295574491e-10,4.5759380172937e-10,-4.66495060219498e-09,2.8706014122891e-09,6.72256845933522e-09,6.2297868836062e-09,-3.22301095494466e-09,-1.3295120783262e-09,2.8706014122891e-09,-1.04353633312309e-08
