"Mkt.RF","SMB","HML","RMW","CMA","MOM"
0.000163346280093072,-8.70343621993877e-05,-5.4331752110445e-05,-6.51469437992376e-06,-3.54800862904873e-05,4.78245305142005e-05
-8.70343621993877e-05,6.81665131915164e-05,2.53887523414492e-05,-3.44383395297959e-06,1.16281696837078e-05,-1.6218599597033e-05
-5.4331752110445e-05,2.53887523414492e-05,3.73294869006693e-05,2.50552613786793e-06,2.06806940645648e-05,-2.86003243734508e-05
-6.51469437992376e-06,-3.44383395297959e-06,2.50552613786793e-06,1.60232569243622e-05,5.97295275508127e-06,-1.32089932155946e-05
-3.54800862904873e-05,1.16281696837078e-05,2.06806940645648e-05,5.97295275508127e-06,2.12669490859293e-05,-2.34396342057935e-05
4.78245305142005e-05,-1.6218599597033e-05,-2.86003243734508e-05,-1.32089932155946e-05,-2.34396342057935e-05,5.07787593189511e-05
