"Mkt.RF","SMB","HML","RMW","CMA","MOM"
0.000178941705522259,1.76110934387756e-05,1.73662148624469e-05,1.11378896771529e-05,2.12596953468333e-06,-5.56727167668726e-05
1.76110934387756e-05,2.98189298887994e-05,1.48157439785478e-05,4.05465801372145e-07,7.17701590923376e-06,-3.35526399487374e-05
1.73662148624469e-05,1.48157439785478e-05,3.38914508741157e-05,8.38601093163317e-07,1.07283445119861e-05,-6.48734691015558e-05
1.11378896771529e-05,4.05465801372145e-07,8.38601093163317e-07,1.18315843462429e-05,2.03695695383507e-06,-6.7420480611553e-06
2.12596953468333e-06,7.17701590923376e-06,1.07283445119861e-05,2.03695695383507e-06,1.25039874947249e-05,-2.4500097040459e-05
-5.56727167668726e-05,-3.35526399487374e-05,-6.48734691015558e-05,-6.7420480611553e-06,-2.4500097040459e-05,0.000162919802638565
