"Mkt.RF","SMB","HML","RMW","CMA","MOM"
4.43858321924861e-05,-5.65047448771429e-06,-2.26050036735106e-05,-3.72466625835035e-06,-1.79416526389752e-05,1.03197758655518e-05
-5.65047448771429e-06,1.7681535974403e-05,-3.88236430957447e-06,-3.70062893065112e-06,-2.51665744208175e-06,-8.05195360841163e-07
-2.26050036735106e-05,-3.88236430957447e-06,2.08937135109223e-05,2.99850167725815e-06,1.5402253425664e-05,-4.49541575509605e-06
-3.72466625835035e-06,-3.70062893065112e-06,2.99850167725815e-06,4.55755297212141e-06,2.27189224565202e-06,-1.34435070598181e-06
-1.79416526389752e-05,-2.51665744208175e-06,1.5402253425664e-05,2.27189224565202e-06,1.6356849088762e-05,-1.7969210024276e-06
1.03197758655518e-05,-8.05195360841163e-07,-4.49541575509605e-06,-1.34435070598181e-06,-1.7969210024276e-06,1.12706698257089e-05
