"Mkt.RF","SMB","HML","RMW","CMA","MOM"
0.000401780981177022,0.000114986445616091,6.78176614251415e-05,-0.000107255042635991,-1.56897538504676e-05,-0.00012576077599185
0.000114986445616091,6.69056743494991e-05,1.62414103127785e-05,-3.59058933894598e-05,-7.20063442269768e-06,-4.09409600981705e-05
6.78176614251415e-05,1.62414103127785e-05,4.92049138193645e-05,-3.06430949280234e-05,1.07908796577834e-05,-4.85405011512579e-05
-0.000107255042635991,-3.59058933894598e-05,-3.06430949280234e-05,3.98609309737821e-05,1.85166142023568e-06,4.88616053742546e-05
-1.56897538504676e-05,-7.20063442269768e-06,1.07908796577834e-05,1.85166142023568e-06,9.19350580566497e-06,3.81482513257226e-07
-0.00012576077599185,-4.09409600981705e-05,-4.85405011512579e-05,4.88616053742546e-05,3.81482513257226e-07,9.77558611716394e-05
