"Mkt.RF","SMB","HML","RMW","CMA","MOM"
0.000193070251372016,6.23160076811391e-06,-5.77278662247538e-05,-7.96536991957882e-06,-4.69019574206664e-05,3.42390702381858e-06
6.23160076811391e-06,2.45550438302526e-05,-2.16688293195705e-06,-4.24733230160046e-06,-3.81512245120248e-06,-1.43767703956525e-05
-5.77278662247538e-05,-2.16688293195705e-06,5.15555045332685e-05,3.53878389467898e-06,2.34906920199124e-05,-2.33333382112267e-05
-7.96536991957882e-06,-4.24733230160046e-06,3.53878389467898e-06,1.10204242341635e-05,3.29281891159012e-06,1.94997748749737e-06
-4.69019574206664e-05,-3.81512245120248e-06,2.34906920199124e-05,3.29281891159012e-06,2.16062244316728e-05,-3.94382771932743e-06
3.42390702381858e-06,-1.43767703956525e-05,-2.33333382112267e-05,1.94997748749737e-06,-3.94382771932743e-06,5.42904789868291e-05
