"V1","V2","V3","V4","V5","V6","V7","V8","V9","V10","V11","V12","V13","V14","V15","V16","V17","V18","V19","V20","V21","V22","V23","V24","V25","V26","V27","V28","V29","V30","V31","V32","V33","V34","V35","V36"
-2.79880991324591e-08,-2.65388425991276e-08,-4.30171990380622e-09,8.20259139696295e-09,-1.42245905584423e-08,-1.57190959135235e-09,-2.65388425991276e-08,1.13222979272492e-09,5.81283789108732e-09,4.42275873380050e-09,8.46428157511353e-09,-5.84868480171574e-09,-4.30171990380622e-09,5.81283789108732e-09,5.46404456861277e-09,-4.21782530306234e-09,4.67487507258624e-09,2.426559388763e-09,8.20259139696295e-09,4.42275873380050e-09,-4.21782530306234e-09,-1.60541446258519e-09,-2.6166746162297e-09,3.13931362271134e-09,-1.42245905584423e-08,8.46428157511353e-09,4.67487507258624e-09,-2.6166746162297e-09,9.43500787837643e-09,3.30752740392902e-09,-1.57190959135235e-09,-5.84868480171574e-09,2.426559388763e-09,3.13931362271134e-09,3.30752740392902e-09,-1.05672210429637e-09
-2.65388425991276e-08,1.13222979272492e-09,5.81283789108732e-09,4.42275873380050e-09,8.46428157511353e-09,-5.84868480171574e-09,1.13222979272492e-09,-1.5438208862823e-08,1.03168215500211e-08,5.44480045757032e-09,4.048694080151e-09,-1.79081927756386e-08,5.81283789108732e-09,1.03168215500211e-08,-1.08443608426921e-08,-3.74826603653561e-09,-4.05716250100612e-09,9.79945471191526e-09,4.42275873380050e-09,5.44480045757032e-09,-3.74826603653561e-09,-2.15589596531404e-09,-3.95852295796046e-09,7.60826081033032e-09,8.46428157511353e-09,4.048694080151e-09,-4.05716250100612e-09,-3.95852295796046e-09,-4.91957436844999e-09,4.71589646875756e-09,-5.84868480171574e-09,-1.79081927756386e-08,9.79945471191526e-09,7.60826081033032e-09,4.71589646875756e-09,-1.82674492373859e-08
-4.30171990380622e-09,5.81283789108732e-09,5.46404456861277e-09,-4.21782530306234e-09,4.67487507258624e-09,2.426559388763e-09,5.81283789108732e-09,1.03168215500211e-08,-1.08443608426921e-08,-3.74826603653561e-09,-4.05716250100612e-09,9.79945471191526e-09,5.46404456861277e-09,-1.08443608426921e-08,6.58130671112631e-09,2.38864197030052e-09,1.42887531468421e-09,-6.89212458243824e-09,-4.21782530306234e-09,-3.74826603653561e-09,2.38864197030052e-09,2.0406141093216e-09,6.79671738045322e-10,-1.44061457432677e-09,4.67487507258624e-09,-4.05716250100612e-09,1.42887531468421e-09,6.79671738045322e-10,1.14657497781852e-09,-4.82328553754483e-09,2.426559388763e-09,9.79945471191526e-09,-6.89212458243824e-09,-1.44061457432677e-09,-4.82328553754483e-09,1.12033879500005e-08
8.20259139696295e-09,4.42275873380050e-09,-4.21782530306234e-09,-1.60541446258519e-09,-2.6166746162297e-09,3.13931362271134e-09,4.42275873380050e-09,5.44480045757032e-09,-3.74826603653561e-09,-2.15589596531404e-09,-3.95852295796046e-09,7.60826081033032e-09,-4.21782530306234e-09,-3.74826603653561e-09,2.38864197030052e-09,2.0406141093216e-09,6.79671738045322e-10,-1.44061457432677e-09,-1.60541446258519e-09,-2.15589596531404e-09,2.0406141093216e-09,1.58998421439807e-09,3.15552784260906e-09,-5.15444004138945e-09,-2.6166746162297e-09,-3.95852295796046e-09,6.79671738045322e-10,3.15552784260906e-09,-1.41106584874423e-09,5.83374156221356e-10,3.13931362271134e-09,7.60826081033032e-09,-1.44061457432677e-09,-5.15444004138945e-09,5.83374156221356e-10,5.40908262404408e-09
-1.42245905584423e-08,8.46428157511353e-09,4.67487507258624e-09,-2.6166746162297e-09,9.43500787837643e-09,3.30752740392902e-09,8.46428157511353e-09,4.048694080151e-09,-4.05716250100612e-09,-3.95852295796046e-09,-4.91957436844999e-09,4.71589646875756e-09,4.67487507258624e-09,-4.05716250100612e-09,1.42887531468421e-09,6.79671738045322e-10,1.14657497781852e-09,-4.82328553754483e-09,-2.6166746162297e-09,-3.95852295796046e-09,6.79671738045322e-10,3.15552784260906e-09,-1.41106584874423e-09,5.83374156221356e-10,9.43500787837643e-09,-4.91957436844999e-09,1.14657497781852e-09,-1.41106584874423e-09,-3.90385177829061e-10,-5.0974523788338e-09,3.30752740392902e-09,4.71589646875756e-09,-4.82328553754483e-09,5.83374156221356e-10,-5.0974523788338e-09,8.27277106397731e-09
-1.57190959135235e-09,-5.84868480171574e-09,2.426559388763e-09,3.13931362271134e-09,3.30752740392902e-09,-1.05672210429637e-09,-5.84868480171574e-09,-1.79081927756386e-08,9.79945471191526e-09,7.60826081033032e-09,4.71589646875756e-09,-1.82674492373859e-08,2.426559388763e-09,9.79945471191526e-09,-6.89212458243824e-09,-1.44061457432677e-09,-4.82328553754483e-09,1.12033879500005e-08,3.13931362271134e-09,7.60826081033032e-09,-1.44061457432677e-09,-5.15444004138945e-09,5.83374156221356e-10,5.40908262404408e-09,3.30752740392902e-09,4.71589646875756e-09,-4.82328553754483e-09,5.83374156221356e-10,-5.0974523788338e-09,8.27277106397731e-09,-1.05672210429637e-09,-1.82674492373859e-08,1.12033879500005e-08,5.40908262404408e-09,8.27277106397731e-09,-2.36926082198323e-08
