"Mkt.RF","SMB","HML","RMW","CMA","MOM"
2.01331601850017e-05,-3.65125404661913e-06,-6.01833380155377e-06,-3.15442124543434e-06,-8.69557172382196e-06,8.02408653891278e-06
-3.65125404661913e-06,1.50918726842398e-05,-4.07566116786182e-06,-3.41734728002346e-06,-4.58315422341575e-08,7.54808895056969e-07
-6.01833380155377e-06,-4.07566116786182e-06,1.36958864013864e-05,2.27478874951916e-06,8.54168657516967e-06,-8.31650991024814e-06
-3.15442124543434e-06,-3.41734728002346e-06,2.27478874951916e-06,5.5661572939626e-06,2.17987558224645e-06,-1.6740009713723e-06
-8.69557172382196e-06,-4.58315422341575e-08,8.54168657516967e-06,2.17987558224645e-06,1.23805725043693e-05,-8.6656326782114e-06
8.02408653891278e-06,7.54808895056969e-07,-8.31650991024814e-06,-1.6740009713723e-06,-8.6656326782114e-06,1.49317723701695e-05
