"Mkt.RF","SMB","HML","RMW","CMA","MOM"
7.34438368226424e-05,-1.11817629208411e-05,-1.9699046480616e-05,2.07297563376559e-06,-1.51435850482938e-05,1.65025119936546e-05
-1.11817629208411e-05,1.65819492504037e-05,-1.34862075844998e-06,-5.98807467759057e-06,-4.355087858639e-06,-3.62963671597736e-06
-1.9699046480616e-05,-1.34862075844998e-06,1.58014564427671e-05,-1.92351802531549e-07,8.51164739537198e-06,-2.35058250427073e-06
2.07297563376559e-06,-5.98807467759057e-06,-1.92351802531549e-07,5.98245547441375e-06,1.9654633247792e-06,1.25425567426696e-06
-1.51435850482938e-05,-4.355087858639e-06,8.51164739537198e-06,1.9654633247792e-06,1.19368970401453e-05,-1.56140700268146e-06
1.65025119936546e-05,-3.62963671597736e-06,-2.35058250427073e-06,1.25425567426696e-06,-1.56140700268146e-06,1.22856253695037e-05
