"Mkt.RF","SMB","HML","RMW","CMA","MOM"
4.36697653410554e-05,1.79699220371075e-05,8.24514929219056e-06,-2.33967021175383e-05,1.4077280563672e-05,2.72483313357519e-05
1.79699220371075e-05,3.60830652041231e-05,9.85321740441362e-06,-2.3699103577096e-05,1.81835991104834e-05,2.79628414301592e-05
8.24514929219056e-06,9.85321740441362e-06,9.22742688541046e-06,-1.03103626222193e-05,8.56705368580989e-06,1.16670779986592e-05
-2.33967021175383e-05,-2.3699103577096e-05,-1.03103626222193e-05,3.04023960359713e-05,-2.01910651526878e-05,-3.0485987380334e-05
1.4077280563672e-05,1.81835991104834e-05,8.56705368580989e-06,-2.01910651526878e-05,1.72426835532017e-05,2.18567404271525e-05
2.72483313357519e-05,2.79628414301592e-05,1.16670779986592e-05,-3.0485987380334e-05,2.18567404271525e-05,4.31218434146097e-05
