"Mkt.RF","SMB","HML","RMW","CMA","MOM"
7.14359571429208e-05,-3.41778936590724e-05,-1.85273197917886e-05,4.2100825421845e-06,-1.17580674890618e-05,2.45829847213793e-05
-3.41778936590724e-05,3.31477306373171e-05,-1.8875091068978e-06,-6.06641820320542e-06,-4.81478504632776e-06,-1.16811631918199e-05
-1.85273197917886e-05,-1.8875091068978e-06,2.08462360287725e-05,-1.50195603820699e-07,1.41606823218844e-05,-6.14855185275376e-06
4.2100825421845e-06,-6.06641820320542e-06,-1.50195603820699e-07,6.41761702485488e-06,2.17952304690303e-06,1.82349081853564e-06
-1.17580674890618e-05,-4.81478504632776e-06,1.41606823218844e-05,2.17952304690303e-06,1.69407249334994e-05,-5.36582917481638e-06
2.45829847213793e-05,-1.16811631918199e-05,-6.14855185275376e-06,1.82349081853564e-06,-5.36582917481638e-06,1.6639891376119e-05
