"V1","V2","V3","V4","V5","V6","V7","V8","V9","V10","V11","V12","V13","V14","V15","V16","V17","V18","V19","V20","V21","V22","V23","V24","V25","V26","V27","V28","V29","V30","V31","V32","V33","V34","V35","V36"
3.72144563692234e-07,1.42086735020889e-07,7.37639492224058e-08,-1.01543073399157e-07,-3.61295736116788e-08,-1.83741543165498e-07,1.42086735020889e-07,8.14786846899861e-08,1.00767850450699e-08,-4.04527300034977e-08,-1.05796684335045e-08,-5.68684050199746e-08,7.37639492224058e-08,1.00767850450699e-08,5.48124360191317e-08,-4.12961732138009e-08,-6.25214180799651e-09,-8.6134647335979e-08,-1.01543073399157e-07,-4.04527300034977e-08,-4.12961732138009e-08,5.0587911796654e-08,8.19262209085477e-09,8.54726004603862e-08,-3.61295736116788e-08,-1.05796684335045e-08,-6.25214180799651e-09,8.19262209085477e-09,2.72420609718327e-09,6.46308825313598e-09,-1.83741543165498e-07,-5.68684050199746e-08,-8.6134647335979e-08,8.54726004603862e-08,6.46308825313598e-09,1.31728020374204e-07
1.42086735020889e-07,8.14786846899861e-08,1.00767850450699e-08,-4.04527300034977e-08,-1.05796684335045e-08,-5.68684050199746e-08,8.14786846899861e-08,1.64102002610929e-08,7.684094950611e-09,-1.98840634833308e-08,9.99473405636969e-09,-1.84800060391038e-08,1.00767850450699e-08,7.684094950611e-09,2.03925301737766e-09,-3.08793828359051e-09,-1.36141805581736e-10,-9.26265466180086e-09,-4.04527300034977e-08,-1.98840634833308e-08,-3.08793828359051e-09,1.32805059506435e-08,9.09737165960975e-10,2.0069453701992e-08,-1.05796684335045e-08,9.99473405636969e-09,-1.36141805581736e-10,9.09737165960975e-10,4.65429144763264e-10,1.13117755095012e-09,-5.68684050199746e-08,-1.84800060391038e-08,-9.26265466180086e-09,2.0069453701992e-08,1.13117755095012e-09,3.23916452725423e-08
7.37639492224058e-08,1.00767850450699e-08,5.48124360191317e-08,-4.12961732138009e-08,-6.25214180799651e-09,-8.6134647335979e-08,1.00767850450699e-08,7.684094950611e-09,2.03925301737766e-09,-3.08793828359051e-09,-1.36141805581736e-10,-9.26265466180086e-09,5.48124360191317e-08,2.03925301737766e-09,3.01329003925083e-08,-1.66323668783481e-08,7.48340909508503e-09,-3.14262596022003e-08,-4.12961732138009e-08,-3.08793828359051e-09,-1.66323668783481e-08,1.50777821569421e-08,1.68390283404913e-09,3.06596717048945e-08,-6.25214180799651e-09,-1.36141805581736e-10,7.48340909508503e-09,1.68390283404913e-09,1.10353441670849e-08,1.22451616547463e-08,-8.6134647335979e-08,-9.26265466180086e-09,-3.14262596022003e-08,3.06596717048945e-08,1.22451616547463e-08,7.89831180862897e-08
-1.01543073399157e-07,-4.04527300034977e-08,-4.12961732138009e-08,5.0587911796654e-08,8.19262209085477e-09,8.54726004603862e-08,-4.04527300034977e-08,-1.98840634833308e-08,-3.08793828359051e-09,1.32805059506435e-08,9.09737165960975e-10,2.0069453701992e-08,-4.12961732138009e-08,-3.08793828359051e-09,-1.66323668783481e-08,1.50777821569421e-08,1.68390283404913e-09,3.06596717048945e-08,5.0587911796654e-08,1.32805059506435e-08,1.50777821569421e-08,-2.25571981598284e-08,-2.95642682059376e-09,-3.92642372169895e-08,8.19262209085477e-09,9.09737165960975e-10,1.68390283404913e-09,-2.95642682059376e-09,-2.12893903912364e-09,-7.00972596604626e-09,8.54726004603862e-08,2.0069453701992e-08,3.06596717048945e-08,-3.92642372169895e-08,-7.00972596604626e-09,-7.48384655923971e-08
-3.61295736116788e-08,-1.05796684335045e-08,-6.25214180799651e-09,8.19262209085477e-09,2.72420609718327e-09,6.46308825313598e-09,-1.05796684335045e-08,9.99473405636969e-09,-1.36141805581736e-10,9.09737165960975e-10,4.65429144763264e-10,1.13117755095012e-09,-6.25214180799651e-09,-1.36141805581736e-10,7.48340909508503e-09,1.68390283404913e-09,1.10353441670849e-08,1.22451616547463e-08,8.19262209085477e-09,9.09737165960975e-10,1.68390283404913e-09,-2.95642682059376e-09,-2.12893903912364e-09,-7.00972596604626e-09,2.72420609718327e-09,4.65429144763264e-10,1.10353441670849e-08,-2.12893903912364e-09,7.5818936683501e-09,3.70909089274166e-09,6.46308825313598e-09,1.13117755095012e-09,1.22451616547463e-08,-7.00972596604626e-09,3.70909089274166e-09,-6.04222190535133e-09
-1.83741543165498e-07,-5.68684050199746e-08,-8.6134647335979e-08,8.54726004603862e-08,6.46308825313598e-09,1.31728020374204e-07,-5.68684050199746e-08,-1.84800060391038e-08,-9.26265466180086e-09,2.0069453701992e-08,1.13117755095012e-09,3.23916452725423e-08,-8.6134647335979e-08,-9.26265466180086e-09,-3.14262596022003e-08,3.06596717048945e-08,1.22451616547463e-08,7.89831180862897e-08,8.54726004603862e-08,2.0069453701992e-08,3.06596717048945e-08,-3.92642372169895e-08,-7.00972596604626e-09,-7.48384655923971e-08,6.46308825313598e-09,1.13117755095012e-09,1.22451616547463e-08,-7.00972596604626e-09,3.70909089274166e-09,-6.04222190535133e-09,1.31728020374204e-07,3.23916452725423e-08,7.89831180862897e-08,-7.48384655923971e-08,-6.04222190535133e-09,-1.38695131375351e-07
