"V1","V2","V3","V4","V5","V6","V7","V8","V9","V10","V11","V12","V13","V14","V15","V16","V17","V18","V19","V20","V21","V22","V23","V24","V25","V26","V27","V28","V29","V30","V31","V32","V33","V34","V35","V36"
-1.81220899638775e-07,-5.07393290145285e-08,3.93332856329451e-09,1.79034842012845e-08,-3.24391493126906e-09,-2.12446677108652e-08,-5.07393290145285e-08,-4.11018638676594e-09,-3.86678658892359e-09,4.0402436082651e-09,1.77533095853164e-09,-2.53698410627817e-09,3.93332856329451e-09,-3.86678658892359e-09,1.46019738667312e-09,2.36122909710576e-10,1.64634472088517e-09,-4.62790837373315e-09,1.79034842012845e-08,4.0402436082651e-09,2.36122909710576e-10,5.03480806454681e-09,-3.97512541643759e-09,7.7828587992508e-10,-3.24391493126906e-09,1.77533095853164e-09,1.64634472088517e-09,-3.97512541643759e-09,6.05439848050692e-09,-9.32353219701249e-10,-2.12446677108652e-08,-2.53698410627817e-09,-4.62790837373315e-09,7.7828587992508e-10,-9.32353219701249e-10,-1.23425857447397e-09
-5.07393290145285e-08,-4.11018638676594e-09,-3.86678658892359e-09,4.0402436082651e-09,1.77533095853164e-09,-2.53698410627817e-09,-4.11018638676594e-09,5.76844374900109e-09,-2.20580548561661e-09,5.24959305835065e-09,-2.68852067673773e-09,4.78746258255795e-09,-3.86678658892359e-09,-2.20580548561661e-09,-1.06795019768691e-09,-4.36975901443673e-10,1.55121426149782e-09,-1.30742477744647e-09,4.0402436082651e-09,5.24959305835065e-09,-4.36975901443673e-10,-1.29408669871186e-09,-1.60771814172678e-09,5.28617082833532e-10,1.77533095853164e-09,-2.68852067673773e-09,1.55121426149782e-09,-1.60771814172678e-09,-1.59842595570832e-09,7.8162225325876e-10,-2.53698410627817e-09,4.78746258255795e-09,-1.30742477744647e-09,5.28617082833532e-10,7.8162225325876e-10,-3.17232736095462e-09
3.93332856329451e-09,-3.86678658892359e-09,1.46019738667312e-09,2.36122909710576e-10,1.64634472088517e-09,-4.62790837373315e-09,-3.86678658892359e-09,-2.20580548561661e-09,-1.06795019768691e-09,-4.36975901443673e-10,1.55121426149782e-09,-1.30742477744647e-09,1.46019738667312e-09,-1.06795019768691e-09,-3.82606286389571e-09,1.13973148557901e-09,-1.85191879104062e-10,-4.94560840599776e-10,2.36122909710576e-10,-4.36975901443673e-10,1.13973148557901e-09,-3.64972308341504e-10,2.62237332336269e-10,6.63877992445962e-10,1.64634472088517e-09,1.55121426149782e-09,-1.85191879104062e-10,2.62237332336269e-10,-1.87880852382369e-09,6.29472498206043e-10,-4.62790837373315e-09,-1.30742477744647e-09,-4.94560840599776e-10,6.63877992445962e-10,6.29472498206043e-10,-3.5747086665886e-09
1.79034842012845e-08,4.0402436082651e-09,2.36122909710576e-10,5.03480806454681e-09,-3.97512541643759e-09,7.7828587992508e-10,4.0402436082651e-09,5.24959305835065e-09,-4.36975901443673e-10,-1.29408669871186e-09,-1.60771814172678e-09,5.28617082833532e-10,2.36122909710576e-10,-4.36975901443673e-10,1.13973148557901e-09,-3.64972308341504e-10,2.62237332336269e-10,6.63877992445962e-10,5.03480806454681e-09,-1.29408669871186e-09,-3.64972308341504e-10,3.31058225575961e-09,-4.79241006454949e-10,-1.16009251220637e-09,-3.97512541643759e-09,-1.60771814172678e-09,2.62237332336269e-10,-4.79241006454949e-10,3.05165452985419e-09,-1.33726296514837e-10,7.7828587992508e-10,5.28617082833532e-10,6.63877992445962e-10,-1.16009251220637e-09,-1.33726296514837e-10,4.34878194762433e-09
-3.24391493126906e-09,1.77533095853164e-09,1.64634472088517e-09,-3.97512541643759e-09,6.05439848050692e-09,-9.32353219701249e-10,1.77533095853164e-09,-2.68852067673773e-09,1.55121426149782e-09,-1.60771814172678e-09,-1.59842595570832e-09,7.8162225325876e-10,1.64634472088517e-09,1.55121426149782e-09,-1.85191879104062e-10,2.62237332336269e-10,-1.87880852382369e-09,6.29472498206043e-10,-3.97512541643759e-09,-1.60771814172678e-09,2.62237332336269e-10,-4.79241006454949e-10,3.05165452985419e-09,-1.33726296514837e-10,6.05439848050692e-09,-1.59842595570832e-09,-1.87880852382369e-09,3.05165452985419e-09,-2.64461619197421e-09,-5.25727781885583e-10,-9.32353219701249e-10,7.8162225325876e-10,6.29472498206043e-10,-1.33726296514837e-10,-5.25727781885583e-10,-5.72532544891717e-10
-2.12446677108652e-08,-2.53698410627817e-09,-4.62790837373315e-09,7.7828587992508e-10,-9.32353219701249e-10,-1.23425857447397e-09,-2.53698410627817e-09,4.78746258255795e-09,-1.30742477744647e-09,5.28617082833532e-10,7.8162225325876e-10,-3.17232736095462e-09,-4.62790837373315e-09,-1.30742477744647e-09,-4.94560840599776e-10,6.63877992445962e-10,6.29472498206043e-10,-3.5747086665886e-09,7.7828587992508e-10,5.28617082833532e-10,6.63877992445962e-10,-1.16009251220637e-09,-1.33726296514837e-10,4.34878194762433e-09,-9.32353219701249e-10,7.8162225325876e-10,6.29472498206043e-10,-1.33726296514837e-10,-5.25727781885583e-10,-5.72532544891717e-10,-1.23425857447397e-09,-3.17232736095462e-09,-3.5747086665886e-09,4.34878194762433e-09,-5.72532544891717e-10,-6.53388456834032e-09
