"Mkt.RF","SMB","HML","RMW","CMA","MOM"
9.25136274631801e-05,-4.94401752674778e-05,-1.99163893511668e-05,1.10000427571427e-05,-1.62869209381928e-05,2.34731004625933e-05
-4.94401752674778e-05,4.51058338359428e-05,1.18778236557896e-06,-1.27877017926464e-05,-4.36332552234864e-07,-1.66218984121057e-05
-1.99163893511668e-05,1.18778236557896e-06,1.82200804303802e-05,-3.22648557264659e-07,1.37545972896792e-05,-2.72402550405055e-06
1.10000427571427e-05,-1.27877017926464e-05,-3.22648557264659e-07,9.61805108671284e-06,2.37414828083655e-06,7.10447644092137e-06
-1.62869209381928e-05,-4.36332552234864e-07,1.37545972896792e-05,2.37414828083655e-06,2.26904405718361e-05,-4.33984443523304e-07
2.34731004625933e-05,-1.66218984121057e-05,-2.72402550405055e-06,7.10447644092137e-06,-4.33984443523304e-07,1.90041832952231e-05
