"V1","V2","V3","V4","V5","V6","V7","V8","V9","V10","V11","V12","V13","V14","V15","V16","V17","V18","V19","V20","V21","V22","V23","V24","V25","V26","V27","V28","V29","V30","V31","V32","V33","V34","V35","V36"
-4.88953030595109e-06,-2.35239550901521e-06,2.04103092354992e-06,2.69901553384629e-06,2.51248538005025e-07,-2.95400121948895e-06,-2.35239550901521e-06,6.05838994769956e-07,9.61466211476085e-07,8.21467800611905e-07,9.11222026759583e-07,-8.2385559733675e-07,2.04103092354992e-06,9.61466211476085e-07,-9.61299396843103e-07,-1.29115415713374e-06,-2.93772443558307e-07,1.42017371300796e-06,2.69901553384629e-06,8.21467800611905e-07,-1.29115415713374e-06,-1.57151330101949e-06,-6.38040744425937e-07,1.55774860590408e-06,2.51248538005025e-07,9.11222026759583e-07,-2.93772443558307e-07,-6.38040744425937e-07,1.38471247365682e-07,6.2007174015706e-07,-2.95400121948895e-06,-8.2385559733675e-07,1.42017371300796e-06,1.55774860590408e-06,6.2007174015706e-07,-1.83530960314313e-06
-2.35239550901521e-06,6.05838994769956e-07,9.61466211476085e-07,8.21467800611905e-07,9.11222026759583e-07,-8.2385559733675e-07,6.05838994769956e-07,-2.60214470211791e-06,8.15783388007468e-07,1.94647722317993e-06,7.9489688008324e-07,-2.62761776409788e-06,9.61466211476085e-07,8.15783388007468e-07,-9.97301333030911e-07,-1.34745157988224e-06,-8.99315933829571e-07,1.88137060284006e-06,8.21467800611905e-07,1.94647722317993e-06,-1.34745157988224e-06,-2.25228943980135e-06,-1.25815375985112e-06,2.89786014348661e-06,9.11222026759583e-07,7.9489688008324e-07,-8.99315933829571e-07,-1.25815375985112e-06,-8.05472983776793e-07,1.81645243312129e-06,-8.2385559733675e-07,-2.62761776409788e-06,1.88137060284006e-06,2.89786014348661e-06,1.81645243312129e-06,-4.62093754799279e-06
2.04103092354992e-06,9.61466211476085e-07,-9.61299396843103e-07,-1.29115415713374e-06,-2.93772443558307e-07,1.42017371300796e-06,9.61466211476085e-07,8.15783388007468e-07,-9.97301333030911e-07,-1.34745157988224e-06,-8.99315933829571e-07,1.88137060284006e-06,-9.61299396843103e-07,-9.97301333030911e-07,8.3280163942017e-07,1.13465112661998e-06,4.30513558044098e-07,-1.46924395585244e-06,-1.29115415713374e-06,-1.34745157988224e-06,1.13465112661998e-06,1.74780063751596e-06,8.00310908999554e-07,-2.09036171182641e-06,-2.93772443558307e-07,-8.99315933829571e-07,4.30513558044098e-07,8.00310908999554e-07,1.93309637995432e-07,-9.87142378729751e-07,1.42017371300796e-06,1.88137060284006e-06,-1.46924395585244e-06,-2.09036171182641e-06,-9.87142378729751e-07,3.19371338460485e-06
2.69901553384629e-06,8.21467800611905e-07,-1.29115415713374e-06,-1.57151330101949e-06,-6.38040744425937e-07,1.55774860590408e-06,8.21467800611905e-07,1.94647722317993e-06,-1.34745157988224e-06,-2.25228943980135e-06,-1.25815375985112e-06,2.89786014348661e-06,-1.29115415713374e-06,-1.34745157988224e-06,1.13465112661998e-06,1.74780063751596e-06,8.00310908999554e-07,-2.09036171182641e-06,-1.57151330101949e-06,-2.25228943980135e-06,1.74780063751596e-06,2.70905185481264e-06,1.37704055525289e-06,-3.22866530283191e-06,-6.38040744425937e-07,-1.25815375985112e-06,8.00310908999554e-07,1.37704055525289e-06,5.74919744110582e-07,-1.74232917442917e-06,1.55774860590408e-06,2.89786014348661e-06,-2.09036171182641e-06,-3.22866530283191e-06,-1.74232917442917e-06,4.54211570558615e-06
2.51248538005025e-07,9.11222026759583e-07,-2.93772443558307e-07,-6.38040744425937e-07,1.38471247365682e-07,6.2007174015706e-07,9.11222026759583e-07,7.9489688008324e-07,-8.99315933829571e-07,-1.25815375985112e-06,-8.05472983776793e-07,1.81645243312129e-06,-2.93772443558307e-07,-8.99315933829571e-07,4.30513558044098e-07,8.00310908999554e-07,1.93309637995432e-07,-9.87142378729751e-07,-6.38040744425937e-07,-1.25815375985112e-06,8.00310908999554e-07,1.37704055525289e-06,5.74919744110582e-07,-1.74232917442917e-06,1.38471247365682e-07,-8.05472983776793e-07,1.93309637995432e-07,5.74919744110582e-07,4.3034682824159e-08,-6.0007226732722e-07,6.2007174015706e-07,1.81645243312129e-06,-9.87142378729751e-07,-1.74232917442917e-06,-6.0007226732722e-07,2.4123283287129e-06
-2.95400121948895e-06,-8.2385559733675e-07,1.42017371300796e-06,1.55774860590408e-06,6.2007174015706e-07,-1.83530960314313e-06,-8.2385559733675e-07,-2.62761776409788e-06,1.88137060284006e-06,2.89786014348661e-06,1.81645243312129e-06,-4.62093754799279e-06,1.42017371300796e-06,1.88137060284006e-06,-1.46924395585244e-06,-2.09036171182641e-06,-9.87142378729751e-07,3.19371338460485e-06,1.55774860590408e-06,2.89786014348661e-06,-2.09036171182641e-06,-3.22866530283191e-06,-1.74232917442917e-06,4.54211570558615e-06,6.2007174015706e-07,1.81645243312129e-06,-9.87142378729751e-07,-1.74232917442917e-06,-6.0007226732722e-07,2.4123283287129e-06,-1.83530960314313e-06,-4.62093754799279e-06,3.19371338460485e-06,4.54211570558615e-06,2.4123283287129e-06,-7.74937877711531e-06
