"V1","V2","V3","V4","V5","V6","V7","V8","V9","V10","V11","V12","V13","V14","V15","V16","V17","V18","V19","V20","V21","V22","V23","V24","V25","V26","V27","V28","V29","V30","V31","V32","V33","V34","V35","V36"
9.54126567033661e-08,5.80095315507875e-08,1.13244342148124e-08,1.22026624337314e-08,6.93506606038333e-09,5.50617972922475e-08,5.80095315507875e-08,3.18869309950227e-08,7.65739157580236e-10,7.67083094582807e-10,-3.13189978098314e-10,2.99224326154561e-08,1.13244342148124e-08,7.65739157580236e-10,6.10740779991031e-10,-1.87253982378844e-09,-9.82344084665063e-11,1.91980203430254e-09,1.22026624337314e-08,7.67083094582807e-10,-1.87253982378844e-09,-2.00696508781723e-09,-2.37164173265235e-09,-1.5512988209572e-09,6.93506606038333e-09,-3.13189978098314e-10,-9.82344084665063e-11,-2.37164173265235e-09,3.65175249688547e-09,2.37785785139101e-09,5.50617972922475e-08,2.99224326154561e-08,1.91980203430254e-09,-1.5512988209572e-09,2.37785785139101e-09,3.54913259929439e-08
5.80095315507875e-08,3.18869309950227e-08,7.65739157580236e-10,7.67083094582807e-10,-3.13189978098314e-10,2.99224326154561e-08,3.18869309950227e-08,9.72746225180385e-09,1.74493999794599e-08,-5.18956919888924e-09,1.92357602769066e-09,-4.94543944739145e-09,7.65739157580236e-10,1.74493999794599e-08,-2.2587051368288e-09,2.48523286926032e-09,-2.85898321524422e-09,2.94018189004626e-09,7.67083094582807e-10,-5.18956919888924e-09,2.48523286926032e-09,2.35621674204632e-09,-9.82306713573921e-10,-1.64413589856625e-08,-3.13189978098314e-10,1.92357602769066e-09,-2.85898321524422e-09,-9.82306713573921e-10,1.81734665767965e-09,3.79476596984302e-09,2.99224326154561e-08,-4.94543944739145e-09,2.94018189004626e-09,-1.64413589856625e-08,3.79476596984302e-09,-2.57550661445303e-08
1.13244342148124e-08,7.65739157580236e-10,6.10740779991031e-10,-1.87253982378844e-09,-9.82344084665063e-11,1.91980203430254e-09,7.65739157580236e-10,1.74493999794599e-08,-2.2587051368288e-09,2.48523286926032e-09,-2.85898321524422e-09,2.94018189004626e-09,6.10740779991031e-10,-2.2587051368288e-09,1.02489510255515e-08,6.51746635086378e-09,9.71397525385796e-10,1.72556801203376e-09,-1.87253982378844e-09,2.48523286926032e-09,6.51746635086378e-09,1.09619580891604e-08,-2.28527316883366e-09,2.15031577637361e-09,-9.82344084665063e-11,-2.85898321524422e-09,9.71397525385796e-10,-2.28527316883366e-09,1.47679444859789e-09,-3.23086050282255e-10,1.91980203430254e-09,2.94018189004626e-09,1.72556801203376e-09,2.15031577637361e-09,-3.23086050282255e-10,1.59296150968608e-08
1.22026624337314e-08,7.67083094582807e-10,-1.87253982378844e-09,-2.00696508781723e-09,-2.37164173265235e-09,-1.5512988209572e-09,7.67083094582807e-10,-5.18956919888924e-09,2.48523286926032e-09,2.35621674204632e-09,-9.82306713573921e-10,-1.64413589856625e-08,-1.87253982378844e-09,2.48523286926032e-09,6.51746635086378e-09,1.09619580891604e-08,-2.28527316883366e-09,2.15031577637361e-09,-2.00696508781723e-09,2.35621674204632e-09,1.09619580891604e-08,2.03020263754444e-08,-5.18679054803497e-09,-1.52034165676708e-09,-2.37164173265235e-09,-9.82306713573921e-10,-2.28527316883366e-09,-5.18679054803497e-09,-4.91616999936272e-11,-1.12536792515541e-09,-1.5512988209572e-09,-1.64413589856625e-08,2.15031577637361e-09,-1.52034165676708e-09,-1.12536792515541e-09,-1.26185819120802e-08
6.93506606038333e-09,-3.13189978098314e-10,-9.82344084665063e-11,-2.37164173265235e-09,3.65175249688547e-09,2.37785785139101e-09,-3.13189978098314e-10,1.92357602769066e-09,-2.85898321524422e-09,-9.82306713573921e-10,1.81734665767965e-09,3.79476596984302e-09,-9.82344084665063e-11,-2.85898321524422e-09,9.71397525385796e-10,-2.28527316883366e-09,1.47679444859789e-09,-3.23086050282255e-10,-2.37164173265235e-09,-9.82306713573921e-10,-2.28527316883366e-09,-5.18679054803497e-09,-4.91616999936272e-11,-1.12536792515541e-09,3.65175249688547e-09,1.81734665767965e-09,1.47679444859789e-09,-4.91616999936272e-11,7.95592217597308e-10,2.25796289610518e-09,2.37785785139101e-09,3.79476596984302e-09,-3.23086050282255e-10,-1.12536792515541e-09,2.25796289610518e-09,5.95081287426412e-09
5.50617972922475e-08,2.99224326154561e-08,1.91980203430254e-09,-1.5512988209572e-09,2.37785785139101e-09,3.54913259929439e-08,2.99224326154561e-08,-4.94543944739145e-09,2.94018189004626e-09,-1.64413589856625e-08,3.79476596984302e-09,-2.57550661445303e-08,1.91980203430254e-09,2.94018189004626e-09,1.72556801203376e-09,2.15031577637361e-09,-3.23086050282255e-10,1.59296150968608e-08,-1.5512988209572e-09,-1.64413589856625e-08,2.15031577637361e-09,-1.52034165676708e-09,-1.12536792515541e-09,-1.26185819120802e-08,2.37785785139101e-09,3.79476596984302e-09,-3.23086050282255e-10,-1.12536792515541e-09,2.25796289610518e-09,5.95081287426412e-09,3.54913259929439e-08,-2.57550661445303e-08,1.59296150968608e-08,-1.26185819120802e-08,5.95081287426412e-09,-3.4370988927986e-08
