"Mkt.RF","SMB","HML","RMW","CMA","MOM"
0.000469909769528398,8.47712185893214e-05,0.000292490407861366,-4.52627236732719e-05,-2.69379184377697e-05,-0.000509421590167604
8.47712185893214e-05,8.78439289742219e-05,4.53287568392064e-05,-7.52642577295798e-06,-4.56612502073858e-06,-9.22490896646543e-05
0.000292490407861366,4.53287568392064e-05,0.000312126057541349,-4.48885343803552e-05,-2.07472685803426e-05,-0.000402278472989612
-4.52627236732719e-05,-7.52642577295798e-06,-4.48885343803552e-05,1.92206784452771e-05,3.17251609623429e-06,6.20173220916621e-05
-2.69379184377697e-05,-4.56612502073858e-06,-2.07472685803426e-05,3.17251609623429e-06,1.21022586355953e-05,4.7470601794362e-05
-0.000509421590167604,-9.22490896646543e-05,-0.000402278472989612,6.20173220916621e-05,4.7470601794362e-05,0.000807332239257783
