"Mkt.RF","SMB","HML","RMW","CMA","MOM"
0.000245919639061993,4.38688559738389e-06,-6.20509630728391e-05,-7.05817017020911e-06,-5.54643465287057e-05,2.92168884871331e-05
4.38688559738389e-06,3.40409612578583e-05,-4.97803717099209e-06,-3.8970817868478e-06,-6.37302739685976e-06,-7.4551891106874e-06
-6.20509630728391e-05,-4.97803717099209e-06,5.78301307338442e-05,4.00646055079366e-07,2.92312740241087e-05,-2.86334452361443e-05
-7.05817017020911e-06,-3.8970817868478e-06,4.00646055079366e-07,1.46848102330549e-05,2.10164051585377e-06,-2.37210378795778e-06
-5.54643465287057e-05,-6.37302739685976e-06,2.92312740241087e-05,2.10164051585377e-06,2.57992920009321e-05,-1.27134548109856e-05
2.92168884871331e-05,-7.4551891106874e-06,-2.86334452361443e-05,-2.37210378795778e-06,-1.27134548109856e-05,3.76068596539846e-05
