"Mkt.RF","SMB","HML","RMW","CMA","MOM"
6.45341946770194e-05,-1.83346311526883e-05,-1.89783224462456e-05,5.14047141151306e-06,-1.47771750392427e-05,9.27678534878889e-06
-1.83346311526883e-05,1.72882853547567e-05,2.44591928847133e-06,-5.37563693378787e-06,-1.75083511997875e-06,-4.20674595405055e-06
-1.89783224462456e-05,2.44591928847133e-06,1.46147786163508e-05,-1.62352703749676e-06,9.73416170291181e-06,-5.1659439734906e-07
5.14047141151306e-06,-5.37563693378787e-06,-1.62352703749676e-06,4.78216631693755e-06,6.39535702927702e-07,1.97916645203785e-06
-1.47771750392427e-05,-1.75083511997875e-06,9.73416170291181e-06,6.39535702927702e-07,1.16411531164337e-05,-5.98022691409592e-07
9.27678534878889e-06,-4.20674595405055e-06,-5.1659439734906e-07,1.97916645203785e-06,-5.98022691409592e-07,1.04504503183338e-05
