"Mkt.RF","SMB","HML","RMW","CMA","MOM"
5.89273288322045e-05,1.18281024486834e-05,-2.69561889317298e-06,-1.03177274593625e-05,-5.56281760020197e-06,2.37979769125568e-05
1.18281024486834e-05,1.84092194829557e-05,-6.48854544358665e-06,-5.76775969352837e-06,-4.80425800533567e-06,1.01679772075844e-05
-2.69561889317298e-06,-6.48854544358665e-06,1.13774666351062e-05,2.98705722187372e-06,4.13991079029221e-06,-5.02358349370823e-06
-1.03177274593625e-05,-5.76775969352837e-06,2.98705722187372e-06,8.55793327759882e-06,3.2320370447758e-06,-9.27851313308382e-06
-5.56281760020197e-06,-4.80425800533567e-06,4.13991079029221e-06,3.2320370447758e-06,4.85488988581627e-06,-5.42050291244151e-06
2.37979769125568e-05,1.01679772075844e-05,-5.02358349370823e-06,-9.27851313308382e-06,-5.42050291244151e-06,2.09619384427861e-05
