"V1","V2","V3","V4","V5","V6","V7","V8","V9","V10","V11","V12","V13","V14","V15","V16","V17","V18","V19","V20","V21","V22","V23","V24","V25","V26","V27","V28","V29","V30","V31","V32","V33","V34","V35","V36"
-1.13014543491375e-06,1.74804625278728e-07,7.51042882083312e-08,5.91193209213583e-08,-2.76444535832476e-08,-3.6217306441025e-07,1.74804625278728e-07,-4.37708388779125e-08,1.74402858938176e-08,-1.12271451015034e-09,3.14977068216316e-08,5.17978690794309e-08,7.51042882083312e-08,1.74402858938176e-08,-2.14352303533797e-09,-1.16001144881089e-08,2.47112060357918e-08,6.46258286029532e-08,5.91193209213583e-08,-1.12271451015034e-09,-1.16001144881089e-08,-9.86878991774335e-10,3.62415031937479e-09,4.90279082230466e-08,-2.76444535832476e-08,3.14977068216316e-08,2.47112060357918e-08,3.62415031937479e-09,4.45256110506587e-08,4.11597588275757e-08,-3.6217306441025e-07,5.17978690794309e-08,6.46258286029532e-08,4.90279082230466e-08,4.11597588275757e-08,-1.62986214578849e-08
1.74804625278728e-07,-4.37708388779125e-08,1.74402858938176e-08,-1.12271451015034e-09,3.14977068216316e-08,5.17978690794309e-08,-4.37708388779125e-08,-2.89541878048409e-07,4.64372281762832e-08,7.38701037044392e-08,4.61306157261833e-08,-6.59632645109201e-08,1.74402858938176e-08,4.64372281762832e-08,-3.73945266871861e-08,-1.94023999765665e-08,-3.31550444509472e-08,1.12375073135185e-08,-1.12271451015034e-09,7.38701037044392e-08,-1.94023999765665e-08,-3.41442126398665e-08,-2.16059538247567e-08,2.0502117590531e-08,3.14977068216316e-08,4.61306157261833e-08,-3.31550444509472e-08,-2.16059538247567e-08,-3.44842871734178e-08,1.16839375621096e-08,5.17978690794309e-08,-6.59632645109201e-08,1.12375073135185e-08,2.0502117590531e-08,1.16839375621096e-08,-6.50827189554968e-08
7.51042882083312e-08,1.74402858938176e-08,-2.14352303533797e-09,-1.16001144881089e-08,2.47112060357918e-08,6.46258286029532e-08,1.74402858938176e-08,4.64372281762832e-08,-3.73945266871861e-08,-1.94023999765665e-08,-3.31550444509472e-08,1.12375073135185e-08,-2.14352303533797e-09,-3.73945266871861e-08,6.76023613498283e-09,1.71146634999775e-08,-1.07420091329012e-08,-4.36822751591976e-08,-1.16001144881089e-08,-1.94023999765665e-08,1.71146634999775e-08,9.98590993888301e-09,4.99693010353481e-09,-3.91075658295752e-08,2.47112060357918e-08,-3.31550444509472e-08,-1.07420091329012e-08,4.99693010353481e-09,-2.56346281040738e-08,-4.51397649499794e-08,6.46258286029532e-08,1.12375073135185e-08,-4.36822751591976e-08,-3.91075658295752e-08,-4.51397649499794e-08,-2.88849531109186e-08
5.91193209213583e-08,-1.12271451015034e-09,-1.16001144881089e-08,-9.86878991774335e-10,3.62415031937479e-09,4.90279082230466e-08,-1.12271451015034e-09,7.38701037044392e-08,-1.94023999765665e-08,-3.41442126398665e-08,-2.16059538247567e-08,2.0502117590531e-08,-1.16001144881089e-08,-1.94023999765665e-08,1.71146634999775e-08,9.98590993888301e-09,4.99693010353481e-09,-3.91075658295752e-08,-9.86878991774335e-10,-3.41442126398665e-08,9.98590993888301e-09,2.66724096317978e-08,4.65036143544582e-09,-3.4620195258511e-08,3.62415031937479e-09,-2.16059538247567e-08,4.99693010353481e-09,4.65036143544582e-09,-5.588729396236e-09,-3.56130548078943e-08,4.90279082230466e-08,2.0502117590531e-08,-3.91075658295752e-08,-3.4620195258511e-08,-3.56130548078943e-08,2.22814286015959e-08
-2.76444535832476e-08,3.14977068216316e-08,2.47112060357918e-08,3.62415031937479e-09,4.45256110506587e-08,4.11597588275757e-08,3.14977068216316e-08,4.61306157261833e-08,-3.31550444509472e-08,-2.16059538247567e-08,-3.44842871734178e-08,1.16839375621096e-08,2.47112060357918e-08,-3.31550444509472e-08,-1.07420091329012e-08,4.99693010353481e-09,-2.56346281040738e-08,-4.51397649499794e-08,3.62415031937479e-09,-2.16059538247567e-08,4.99693010353481e-09,4.65036143544582e-09,-5.588729396236e-09,-3.56130548078943e-08,4.45256110506587e-08,-3.44842871734178e-08,-2.56346281040738e-08,-5.588729396236e-09,-4.1938463916205e-08,-5.72313870104743e-08,4.11597588275757e-08,1.16839375621096e-08,-4.51397649499794e-08,-3.56130548078943e-08,-5.72313870104743e-08,-6.11493973187763e-08
-3.6217306441025e-07,5.17978690794309e-08,6.46258286029532e-08,4.90279082230466e-08,4.11597588275757e-08,-1.62986214578849e-08,5.17978690794309e-08,-6.59632645109201e-08,1.12375073135185e-08,2.0502117590531e-08,1.16839375621096e-08,-6.50827189554968e-08,6.46258286029532e-08,1.12375073135185e-08,-4.36822751591976e-08,-3.91075658295752e-08,-4.51397649499794e-08,-2.88849531109186e-08,4.90279082230466e-08,2.0502117590531e-08,-3.91075658295752e-08,-3.4620195258511e-08,-3.56130548078943e-08,2.22814286015959e-08,4.11597588275757e-08,1.16839375621096e-08,-4.51397649499794e-08,-3.56130548078943e-08,-5.72313870104743e-08,-6.11493973187763e-08,-1.62986214578849e-08,-6.50827189554968e-08,-2.88849531109186e-08,2.22814286015959e-08,-6.11493973187763e-08,-2.80983005926364e-07
