"Mkt.RF","SMB","HML","RMW","CMA","MOM"
0.00012937889216835,-6.86732215302404e-06,-6.69724701188622e-06,-1.66289495489744e-05,-1.62612052113524e-05,-1.57484331061173e-05
-6.86732215302404e-06,3.51352769862445e-05,1.77283072440327e-06,-7.63147716642058e-06,5.9560639419976e-07,4.66767496098505e-07
-6.69724701188622e-06,1.77283072440327e-06,3.366682436787e-05,1.32220389864325e-06,1.1707719045148e-05,-1.62347943415663e-05
-1.66289495489744e-05,-7.63147716642058e-06,1.32220389864325e-06,1.97212145533756e-05,4.17297924351956e-06,5.20291035481652e-06
-1.62612052113524e-05,5.9560639419976e-07,1.1707719045148e-05,4.17297924351956e-06,1.64123871642784e-05,1.72182338913836e-06
-1.57484331061173e-05,4.66767496098505e-07,-1.62347943415663e-05,5.20291035481652e-06,1.72182338913836e-06,6.9158260498578e-05
