"V1","V2","V3","V4","V5","V6","V7","V8","V9","V10","V11","V12","V13","V14","V15","V16","V17","V18","V19","V20","V21","V22","V23","V24","V25","V26","V27","V28","V29","V30","V31","V32","V33","V34","V35","V36"
-0.932974171096032,0.0774267809896074,-0.0586817595895134,0.102969645053752,-0.016211459604629,-0.277464308351874,0.0774267809896074,-0.00463903123171366,0.0295394797017237,-0.0123219752746416,0.0272961837904482,0.0374483142779542,-0.0586817595895134,0.0295394797017237,0.00720570290317878,-0.019164298171072,0.0160170284485709,0.00600645111506948,0.102969645053752,-0.0123219752746416,-0.019164298171072,0.0014623577114659,0.0041312638119408,0.0474982269010339,-0.016211459604629,0.0272961837904482,0.0160170284485709,0.0041312638119408,0.0412082431988758,0.0327905597766442,-0.277464308351874,0.0374483142779542,0.00600645111506948,0.0474982269010339,0.0327905597766442,0.112872390999266
0.0774267809896074,-0.00463903123171366,0.0295394797017237,-0.0123219752746416,0.0272961837904482,0.0374483142779542,-0.00463903123171366,-0.192699004498692,0.0538781834986038,0.0589494372447898,0.0373335147041539,-0.0642181882139501,0.0295394797017237,0.0538781834986038,-0.0166047658186649,-0.0253349447118113,-0.0297230473086483,-0.014774841264802,-0.0123219752746416,0.0589494372447898,-0.0253349447118113,-0.0300144653225326,-0.0216792861152943,0.0233650867262303,0.0272961837904482,0.0373335147041539,-0.0297230473086483,-0.0216792861152943,-0.0301924292865233,0.00919824214616741,0.0374483142779542,-0.0642181882139501,-0.014774841264802,0.0233650867262303,0.00919824214616741,0.00160026939053288
-0.0586817595895134,0.0295394797017237,0.00720570290317878,-0.019164298171072,0.0160170284485709,0.00600645111506948,0.0295394797017237,0.0538781834986038,-0.0166047658186649,-0.0253349447118113,-0.0297230473086483,-0.014774841264802,0.00720570290317878,-0.0166047658186649,0.0823058021525506,0.00196176623105451,-0.00998742564349099,-0.151846771686566,-0.019164298171072,-0.0253349447118113,0.00196176623105451,0.0268201646747191,0.0110779388202398,-0.0110276339781974,0.0160170284485709,-0.0297230473086483,-0.00998742564349099,0.0110779388202398,-0.0147905716139163,-0.0337511319857911,0.00600645111506948,-0.014774841264802,-0.151846771686566,-0.0110276339781974,-0.0337511319857911,0.148020802857307
0.102969645053752,-0.0123219752746416,-0.019164298171072,0.0014623577114659,0.0041312638119408,0.0474982269010339,-0.0123219752746416,0.0589494372447898,-0.0253349447118113,-0.0300144653225326,-0.0216792861152943,0.0233650867262303,-0.019164298171072,-0.0253349447118113,0.00196176623105451,0.0268201646747191,0.0110779388202398,-0.0110276339781974,0.0014623577114659,-0.0300144653225326,0.0268201646747191,0.0264657498356857,0.00797718045318734,-0.044529563142157,0.0041312638119408,-0.0216792861152943,0.0110779388202398,0.00797718045318734,-0.00212886591652537,-0.0347425687978439,0.0474982269010339,0.0233650867262303,-0.0110276339781974,-0.044529563142157,-0.0347425687978439,-0.00715460754334462
-0.016211459604629,0.0272961837904482,0.0160170284485709,0.0041312638119408,0.0412082431988758,0.0327905597766442,0.0272961837904482,0.0373335147041539,-0.0297230473086483,-0.0216792861152943,-0.0301924292865233,0.00919824214616741,0.0160170284485709,-0.0297230473086483,-0.00998742564349099,0.0110779388202398,-0.0147905716139163,-0.0337511319857911,0.0041312638119408,-0.0216792861152943,0.0110779388202398,0.00797718045318734,-0.00212886591652537,-0.0347425687978439,0.0412082431988758,-0.0301924292865233,-0.0147905716139163,-0.00212886591652537,-0.0328437380878172,-0.0557201230966693,0.0327905597766442,0.00919824214616741,-0.0337511319857911,-0.0347425687978439,-0.0557201230966693,-0.0603793222333414
-0.277464308351874,0.0374483142779542,0.00600645111506948,0.0474982269010339,0.0327905597766442,0.112872390999266,0.0374483142779542,-0.0642181882139501,-0.014774841264802,0.0233650867262303,0.00919824214616741,0.00160026939053288,0.00600645111506948,-0.014774841264802,-0.151846771686566,-0.0110276339781974,-0.0337511319857911,0.148020802857307,0.0474982269010339,0.0233650867262303,-0.0110276339781974,-0.044529563142157,-0.0347425687978439,-0.00715460754334462,0.0327905597766442,0.00919824214616741,-0.0337511319857911,-0.0347425687978439,-0.0557201230966693,-0.0603793222333414,0.112872390999266,0.00160026939053288,0.148020802857307,-0.00715460754334462,-0.0603793222333414,-0.532719676909024
