"V1","V2","V3","V4","V5","V6","V7","V8","V9","V10","V11","V12","V13","V14","V15","V16","V17","V18","V19","V20","V21","V22","V23","V24","V25","V26","V27","V28","V29","V30","V31","V32","V33","V34","V35","V36"
-1.40615834069656e-06,1.30126163020107e-07,-6.31030112275745e-08,1.15597456275125e-07,-3.85895043687186e-09,-3.16442724087227e-07,1.30126163020107e-07,-9.02211988097353e-09,2.67183014371469e-08,-1.35047934025203e-08,2.64255636018296e-08,4.01810599246099e-08,-6.31030112275745e-08,2.67183014371469e-08,-1.09714616218772e-08,-1.50448754005688e-08,1.82550254779508e-08,1.63773554076113e-08,1.15597456275125e-07,-1.35047934025203e-08,-1.50448754005688e-08,3.67722659062494e-09,5.42375354449423e-09,5.36638272397301e-08,-3.85895043687186e-09,2.64255636018296e-08,1.82550254779508e-08,5.42375354449423e-09,4.26688791195111e-08,3.70626004502079e-08,-3.16442724087227e-07,4.01810599246099e-08,1.63773554076113e-08,5.36638272397301e-08,3.70626004502079e-08,1.24273726275344e-07
1.30126163020107e-07,-9.02211988097353e-09,2.67183014371469e-08,-1.35047934025203e-08,2.64255636018296e-08,4.01810599246099e-08,-9.02211988097353e-09,-2.38998631229075e-07,5.74537277893427e-08,6.35953439418097e-08,4.19550089879345e-08,-6.8337841078011e-08,2.67183014371469e-08,5.74537277893427e-08,-1.84149153005283e-08,-2.49978391891215e-08,-3.06384194127205e-08,-1.47670958722358e-08,-1.35047934025203e-08,6.35953439418097e-08,-2.49978391891215e-08,-2.90201479996533e-08,-2.1789340138192e-08,2.48074073060363e-08,2.64255636018296e-08,4.19550089879345e-08,-3.06384194127205e-08,-2.1789340138192e-08,-3.13513838686863e-08,9.72130101249683e-09,4.01810599246099e-08,-6.8337841078011e-08,-1.47670958722358e-08,2.48074073060363e-08,9.72130101249683e-09,3.00674873817291e-09
-6.31030112275745e-08,2.67183014371469e-08,-1.09714616218772e-08,-1.50448754005688e-08,1.82550254779508e-08,1.63773554076113e-08,2.67183014371469e-08,5.74537277893427e-08,-1.84149153005283e-08,-2.49978391891215e-08,-3.06384194127205e-08,-1.47670958722358e-08,-1.09714616218772e-08,-1.84149153005283e-08,6.23001077409126e-08,4.11600245264017e-10,-1.29715703725008e-08,-1.52536959376357e-07,-1.50448754005688e-08,-2.49978391891215e-08,4.11600245264017e-10,2.28973059561752e-08,7.73918603628848e-09,-1.12044227870755e-08,1.82550254779508e-08,-3.06384194127205e-08,-1.29715703725008e-08,7.73918603628848e-09,-1.95119355233348e-08,-3.73885228266075e-08,1.63773554076113e-08,-1.47670958722358e-08,-1.52536959376357e-07,-1.12044227870755e-08,-3.73885228266075e-08,1.63504745314968e-07
1.15597456275125e-07,-1.35047934025203e-08,-1.50448754005688e-08,3.67722659062494e-09,5.42375354449423e-09,5.36638272397301e-08,-1.35047934025203e-08,6.35953439418097e-08,-2.49978391891215e-08,-2.90201479996533e-08,-2.1789340138192e-08,2.48074073060363e-08,-1.50448754005688e-08,-2.49978391891215e-08,4.11600245264017e-10,2.28973059561752e-08,7.73918603628848e-09,-1.12044227870755e-08,3.67722659062494e-09,-2.90201479996533e-08,2.28973059561752e-08,1.93984331167287e-08,4.79424278793654e-09,-4.82285764639799e-08,5.42375354449423e-09,-2.1789340138192e-08,7.73918603628848e-09,4.79424278793654e-09,-5.50447531543952e-09,-3.7519150039961e-08,5.36638272397301e-08,2.48074073060363e-08,-1.12044227870755e-08,-4.82285764639799e-08,-3.7519150039961e-08,-1.91270413608988e-08
-3.85895043687186e-09,2.64255636018296e-08,1.82550254779508e-08,5.42375354449423e-09,4.26688791195111e-08,3.70626004502079e-08,2.64255636018296e-08,4.19550089879345e-08,-3.06384194127205e-08,-2.1789340138192e-08,-3.13513838686863e-08,9.72130101249683e-09,1.82550254779508e-08,-3.06384194127205e-08,-1.29715703725008e-08,7.73918603628848e-09,-1.95119355233348e-08,-3.73885228266075e-08,5.42375354449423e-09,-2.1789340138192e-08,7.73918603628848e-09,4.79424278793654e-09,-5.50447531543952e-09,-3.7519150039961e-08,4.26688791195111e-08,-3.13513838686863e-08,-1.95119355233348e-08,-5.50447531543952e-09,-3.91062359113615e-08,-6.18302410668224e-08,3.70626004502079e-08,9.72130101249683e-09,-3.73885228266075e-08,-3.7519150039961e-08,-6.18302410668224e-08,-7.14271205811328e-08
-3.16442724087227e-07,4.01810599246099e-08,1.63773554076113e-08,5.36638272397301e-08,3.70626004502079e-08,1.24273726275344e-07,4.01810599246099e-08,-6.8337841078011e-08,-1.47670958722358e-08,2.48074073060363e-08,9.72130101249683e-09,3.00674873817291e-09,1.63773554076113e-08,-1.47670958722358e-08,-1.52536959376357e-07,-1.12044227870755e-08,-3.73885228266075e-08,1.63504745314968e-07,5.36638272397301e-08,2.48074073060363e-08,-1.12044227870755e-08,-4.82285764639799e-08,-3.7519150039961e-08,-1.91270413608988e-08,3.70626004502079e-08,9.72130101249683e-09,-3.73885228266075e-08,-3.7519150039961e-08,-6.18302410668224e-08,-7.14271205811328e-08,1.24273726275344e-07,3.00674873817291e-09,1.63504745314968e-07,-1.91270413608988e-08,-7.14271205811328e-08,-6.4707034435363e-07
