"Mkt.RF","SMB","HML","RMW","CMA","Mom"
1.28211077871168,-0.0634965144414234,-0.0631120370635072,-0.167079230320156,-0.162055211570941,-0.165696352102271
-0.0634965144414234,0.348517191073301,0.017692191210306,-0.0766871722888309,0.00605261625978034,0.00235607893770966
-0.0631120370635072,0.017692191210306,0.338922585972156,0.0130858625122672,0.117023398217683,-0.163567015709109
-0.167079230320156,-0.0766871722888309,0.0130858625122672,0.198267799356445,0.0421919915151369,0.0533397062201677
-0.162055211570941,0.00605261625978034,0.117023398217683,0.0421919915151369,0.164229266536504,0.0176867863092399
-0.165696352102271,0.00235607893770966,-0.163567015709109,0.0533397062201677,0.0176867863092399,0.693178404641194
