"V1","V2","V3","V4","V5","V6","V7","V8","V9","V10","V11","V12","V13","V14","V15","V16","V17","V18","V19","V20","V21","V22","V23","V24","V25","V26","V27","V28","V29","V30","V31","V32","V33","V34","V35","V36"
-0.930939628104508,0.0790460609361618,-0.0542579988739169,0.0997200472134008,-0.0156441479121709,-0.282183854303203,0.0790460609361618,-0.00552816252649066,0.0280736521034104,-0.0134143301845945,0.0259459502940104,0.0374243060554965,-0.0542579988739169,0.0280736521034104,0.00771706894190371,-0.0185170123220018,0.0160414812903256,0.00501468166064626,0.0997200472134008,-0.0134143301845945,-0.0185170123220018,0.00272099319721978,0.00463775771977241,0.0493443722001739,-0.0156441479121709,0.0259459502940104,0.0160414812903256,0.00463775771977241,0.0411560515840707,0.0337613139369645,-0.282183854303203,0.0374243060554965,0.00501468166064626,0.0493443722001739,0.0337613139369645,0.110562736254801
0.0790460609361618,-0.00552816252649066,0.0280736521034104,-0.0134143301845945,0.0259459502940104,0.0374243060554965,-0.00552816252649066,-0.193510049426697,0.054119861676617,0.0587719800853358,0.0376762745729296,-0.0664825406066161,0.0280736521034104,0.054119861676617,-0.0162311585780915,-0.0247387545078088,-0.0298485877689874,-0.0149112372364246,-0.0134143301845945,0.0587719800853358,-0.0247387545078088,-0.0299258967802608,-0.0212545475591675,0.0241546390647283,0.0259459502940104,0.0376762745729296,-0.0298485877689874,-0.0212545475591675,-0.0304202405864941,0.00989614689138709,0.0374243060554965,-0.0664825406066161,-0.0149112372364246,0.0241546390647283,0.00989614689138709,0.00702784777252504
-0.0542579988739169,0.0280736521034104,0.00771706894190371,-0.0185170123220018,0.0160414812903256,0.00501468166064626,0.0280736521034104,0.054119861676617,-0.0162311585780915,-0.0247387545078088,-0.0298485877689874,-0.0149112372364246,0.00771706894190371,-0.0162311585780915,0.0806300537935267,0.000511635892766926,-0.0104270309203332,-0.150546411726846,-0.0185170123220018,-0.0247387545078088,0.000511635892766926,0.0257041592230102,0.0101575389123225,-0.00956358356063269,0.0160414812903256,-0.0298485877689874,-0.0104270309203332,0.0101575389123225,-0.0154871434655933,-0.0330556183566985,0.00501468166064626,-0.0149112372364246,-0.150546411726846,-0.00956358356063269,-0.0330556183566985,0.145838231621109
0.0997200472134008,-0.0134143301845945,-0.0185170123220018,0.00272099319721978,0.00463775771977241,0.0493443722001739,-0.0134143301845945,0.0587719800853358,-0.0247387545078088,-0.0299258967802608,-0.0212545475591675,0.0241546390647283,-0.0185170123220018,-0.0247387545078088,0.000511635892766926,0.0257041592230102,0.0101575389123225,-0.00956358356063269,0.00272099319721978,-0.0299258967802608,0.0257041592230102,0.0260433411120808,0.00747771264967688,-0.0452277161295573,0.00463775771977241,-0.0212545475591675,0.0101575389123225,0.00747771264967688,-0.00242498763991743,-0.0345220717408822,0.0493443722001739,0.0241546390647283,-0.00956358356063269,-0.0452277161295573,-0.0345220717408822,-0.0116921131506934
-0.0156441479121709,0.0259459502940104,0.0160414812903256,0.00463775771977241,0.0411560515840707,0.0337613139369645,0.0259459502940104,0.0376762745729296,-0.0298485877689874,-0.0212545475591675,-0.0304202405864941,0.00989614689138709,0.0160414812903256,-0.0298485877689874,-0.0104270309203332,0.0101575389123225,-0.0154871434655933,-0.0330556183566985,0.00463775771977241,-0.0212545475591675,0.0101575389123225,0.00747771264967688,-0.00242498763991743,-0.0345220717408822,0.0411560515840707,-0.0304202405864941,-0.0154871434655933,-0.00242498763991743,-0.0333582482962877,-0.0553598379833012,0.0337613139369645,0.00989614689138709,-0.0330556183566985,-0.0345220717408822,-0.0553598379833012,-0.0625853970854743
-0.282183854303203,0.0374243060554965,0.00501468166064626,0.0493443722001739,0.0337613139369645,0.110562736254801,0.0374243060554965,-0.0664825406066161,-0.0149112372364246,0.0241546390647283,0.00989614689138709,0.00702784777252504,0.00501468166064626,-0.0149112372364246,-0.150546411726846,-0.00956358356063269,-0.0330556183566985,0.145838231621109,0.0493443722001739,0.0241546390647283,-0.00956358356063269,-0.0452277161295573,-0.0345220717408822,-0.0116921131506934,0.0337613139369645,0.00989614689138709,-0.0330556183566985,-0.0345220717408822,-0.0553598379833012,-0.0625853970854743,0.110562736254801,0.00702784777252504,0.145838231621109,-0.0116921131506934,-0.0625853970854743,-0.530069616971637
