"Mkt.RF","SMB","HML","RMW","CMA","MOM"
9.11012141867683e-05,-1.80542690900966e-05,-2.61169099215462e-05,-8.53948202778508e-06,-1.70524060238124e-05,4.25921830609569e-06
-1.80542690900966e-05,2.97010890871982e-05,1.53735746039736e-06,-6.57030340805155e-06,1.10483650430485e-06,3.45983907714045e-06
-2.61169099215462e-05,1.53735746039736e-06,2.19565494465427e-05,4.01503511969862e-06,1.29553608218758e-05,-1.35223234422566e-06
-8.53948202778508e-06,-6.57030340805155e-06,4.01503511969862e-06,1.68649774528795e-05,3.19540558468424e-06,1.44589595828009e-06
-1.70524060238124e-05,1.10483650430485e-06,1.29553608218758e-05,3.19540558468424e-06,1.58613575428253e-05,1.14253146027009e-06
4.25921830609569e-06,3.45983907714045e-06,-1.35223234422566e-06,1.44589595828009e-06,1.14253146027009e-06,3.93820394097877e-05
