"V1","V2","V3","V4","V5","V6","V7","V8","V9","V10","V11","V12","V13","V14","V15","V16","V17","V18","V19","V20","V21","V22","V23","V24","V25","V26","V27","V28","V29","V30","V31","V32","V33","V34","V35","V36"
-0.815400566758856,0.125128027140704,0.052155006320319,0.049281369113767,-0.0347526774588751,-0.307353348787472,0.125128027140704,-0.0402576516493478,0.0187434224620869,-0.000516319648746544,0.0312650638107324,0.0474714100660489,0.052155006320319,0.0187434224620869,-0.00308207618757764,-0.0122808459526389,0.023646690028055,0.0584614504795744,0.049281369113767,-0.000516319648746544,-0.0122808459526389,-0.00183513053664987,0.00269086776420688,0.046045700483913,-0.0347526774588751,0.0312650638107324,0.023646690028055,0.00269086776420688,0.0430247433050977,0.037183532656175,-0.307353348787472,0.0474714100660489,0.0584614504795744,0.046045700483913,0.037183532656175,-0.00445589705659258
0.125128027140704,-0.0402576516493478,0.0187434224620869,-0.000516319648746544,0.0312650638107324,0.0474714100660489,-0.0402576516493478,-0.243627431129072,0.0418980986691738,0.068783896358147,0.0416655357983777,-0.0625810654923046,0.0187434224620869,0.0418980986691738,-0.0366450107005315,-0.0193141680604229,-0.0323437559789531,0.0107990391332009,-0.000516319648746544,0.068783896358147,-0.0193141680604229,-0.0347770418140331,-0.0212796589463903,0.0197955791314318,0.0312650638107324,0.0416655357983777,-0.0323437559789531,-0.0212796589463903,-0.0335972274754802,0.0116466834427515,0.0474714100660489,-0.0625810654923046,0.0107990391332009,0.0197955791314318,0.0116466834427515,-0.0588806372496212
0.052155006320319,0.0187434224620869,-0.00308207618757764,-0.0122808459526389,0.023646690028055,0.0584614504795744,0.0187434224620869,0.0418980986691738,-0.0366450107005315,-0.0193141680604229,-0.0323437559789531,0.0107990391332009,-0.00308207618757764,-0.0366450107005315,0.0127244476688409,0.0203163714422314,-0.0061370056592754,-0.0405705855589077,-0.0122808459526389,-0.0193141680604229,0.0203163714422314,0.0133301780643432,0.00776454389838175,-0.0373294163143568,0.023646690028055,-0.0323437559789531,-0.0061370056592754,0.00776454389838175,-0.0209226786565399,-0.0412082580168138,0.0584614504795744,0.0107990391332009,-0.0405705855589077,-0.0373294163143568,-0.0412082580168138,-0.0242288179176942
0.049281369113767,-0.000516319648746544,-0.0122808459526389,-0.00183513053664987,0.00269086776420688,0.046045700483913,-0.000516319648746544,0.068783896358147,-0.0193141680604229,-0.0347770418140331,-0.0212796589463903,0.0197955791314318,-0.0122808459526389,-0.0193141680604229,0.0203163714422314,0.0133301780643432,0.00776454389838175,-0.0373294163143568,-0.00183513053664987,-0.0347770418140331,0.0133301780643432,0.0327482875154586,0.00751732404458853,-0.0331811102282601,0.00269086776420688,-0.0212796589463903,0.00776454389838175,0.00751732404458853,-0.0024540473735691,-0.0334279174468175,0.046045700483913,0.0197955791314318,-0.0373294163143568,-0.0331811102282601,-0.0334279174468175,0.025387864128493
-0.0347526774588751,0.0312650638107324,0.023646690028055,0.00269086776420688,0.0430247433050977,0.037183532656175,0.0312650638107324,0.0416655357983777,-0.0323437559789531,-0.0212796589463903,-0.0335972274754802,0.0116466834427515,0.023646690028055,-0.0323437559789531,-0.0061370056592754,0.00776454389838175,-0.0209226786565399,-0.0412082580168138,0.00269086776420688,-0.0212796589463903,0.00776454389838175,0.00751732404458853,-0.0024540473735691,-0.0334279174468175,0.0430247433050977,-0.0335972274754802,-0.0209226786565399,-0.0024540473735691,-0.036026537059331,-0.0517338795820802,0.037183532656175,0.0116466834427515,-0.0412082580168138,-0.0334279174468175,-0.0517338795820802,-0.0542716158945985
-0.307353348787472,0.0474714100660489,0.0584614504795744,0.046045700483913,0.037183532656175,-0.00445589705659258,0.0474714100660489,-0.0625810654923046,0.0107990391332009,0.0197955791314318,0.0116466834427515,-0.0588806372496212,0.0584614504795744,0.0107990391332009,-0.0405705855589077,-0.0373294163143568,-0.0412082580168138,-0.0242288179176942,0.046045700483913,0.0197955791314318,-0.0373294163143568,-0.0331811102282601,-0.0334279174468175,0.025387864128493,0.037183532656175,0.0116466834427515,-0.0412082580168138,-0.0334279174468175,-0.0517338795820802,-0.0542716158945985,-0.00445589705659258,-0.0588806372496212,-0.0242288179176942,0.025387864128493,-0.0542716158945985,-0.245738509896179
