"Mkt.RF","SMB","HML","RMW","CMA","MOM"
0.000119969456470087,-5.66832911072129e-07,-4.39301054029878e-06,-1.74633878193303e-05,-1.6121988656567e-05,-1.88720005686992e-05
-5.66832911072129e-07,3.19304111713321e-05,1.75853853278123e-06,-7.35274866060068e-06,9.34905235211385e-07,3.90740254563162e-07
-4.39301054029878e-06,1.75853853278123e-06,3.54826622703811e-05,1.19013457998382e-06,1.21784287488571e-05,-1.69180624258076e-05
-1.74633878193303e-05,-7.35274866060068e-06,1.19013457998382e-06,2.05771471477474e-05,4.18436226981893e-06,5.3234993069948e-06
-1.6121988656567e-05,9.34905235211385e-07,1.21784287488571e-05,4.18436226981893e-06,1.68924396757782e-05,1.44293163736166e-06
-1.88720005686992e-05,3.90740254563162e-07,-1.69180624258076e-05,5.3234993069948e-06,1.44293163736166e-06,7.14777061200324e-05
