"Mkt.RF","SMB","HML","RMW","CMA","Mom"
1.18033230762411,-0.0131729957992807,-0.0404142546328075,-0.172090915782638,-0.156122485072167,-0.18500762818442
-0.0131729957992807,0.315910404858307,0.0177307072353982,-0.0730709461261109,0.0102820934134278,0.00759306055622487
-0.0404142546328075,0.0177307072353982,0.347287390836536,0.0110846849128921,0.118804339999787,-0.164320438606825
-0.172090915782638,-0.0730709461261109,0.0110846849128921,0.20350294102884,0.0411182947460205,0.0528391377503978
-0.156122485072167,0.0102820934134278,0.118804339999787,0.0411182947460205,0.166099117779136,0.0138349557579734
-0.18500762818442,0.00759306055622487,-0.164320438606825,0.0528391377503978,0.0138349557579734,0.698373936300348
