"V1","V2","V3","V4","V5","V6","V7","V8","V9","V10","V11","V12","V13","V14","V15","V16","V17","V18","V19","V20","V21","V22","V23","V24","V25","V26","V27","V28","V29","V30","V31","V32","V33","V34","V35","V36"
-1.10904052957042e-06,1.53224752632912e-07,7.31808158146611e-08,5.86166653766333e-08,-2.91383441822577e-08,-3.7148298455723e-07,1.53224752632912e-07,-2.89451013824339e-08,2.45582602697065e-08,-4.58927069464923e-09,3.52315105545949e-08,5.72370242310417e-08,7.31808158146611e-08,2.45582602697065e-08,4.47827783916427e-09,-1.41738037763704e-08,2.78628024128582e-08,6.3242059610021e-08,5.86166653766333e-08,-4.58927069464923e-09,-1.41738037763704e-08,1.68166207889321e-09,2.26690092249262e-09,4.98106416068412e-08,-2.91383441822577e-08,3.52315105545949e-08,2.78628024128582e-08,2.26690092249262e-09,4.75740031533311e-08,4.19752024851104e-08,-3.7148298455723e-07,5.72370242310417e-08,6.3242059610021e-08,4.98106416068412e-08,4.19752024851104e-08,-3.21957770367103e-09
1.53224752632912e-07,-2.89451013824339e-08,2.45582602697065e-08,-4.58927069464923e-09,3.52315105545949e-08,5.72370242310417e-08,-2.89451013824339e-08,-2.93894976657029e-07,4.4111296877714e-08,7.40849517122619e-08,4.51078247574398e-08,-6.80426654173188e-08,2.45582602697065e-08,4.4111296877714e-08,-3.73009290930761e-08,-1.97071144278307e-08,-3.27864940366936e-08,7.76825105548371e-09,-4.58927069464923e-09,7.40849517122619e-08,-1.97071144278307e-08,-3.27701241462974e-08,-2.28940297154069e-08,2.17567760645987e-08,3.52315105545949e-08,4.51078247574398e-08,-3.27864940366936e-08,-2.28940297154069e-08,-3.35429452046701e-08,1.03925808039829e-08,5.72370242310417e-08,-6.80426654173188e-08,7.76825105548371e-09,2.17567760645987e-08,1.03925808039829e-08,-6.21847714916555e-08
7.31808158146611e-08,2.45582602697065e-08,4.47827783916427e-09,-1.41738037763704e-08,2.78628024128582e-08,6.3242059610021e-08,2.45582602697065e-08,4.4111296877714e-08,-3.73009290930761e-08,-1.97071144278307e-08,-3.27864940366936e-08,7.76825105548371e-09,4.47827783916427e-09,-3.73009290930761e-08,6.50858547548993e-09,1.62438496365744e-08,-1.12886613504988e-08,-4.61262665181674e-08,-1.41738037763704e-08,-1.97071144278307e-08,1.62438496365744e-08,1.06027640769499e-08,4.32775477787085e-09,-3.67789260908188e-08,2.78628024128582e-08,-3.27864940366936e-08,-1.12886613504988e-08,4.32775477787085e-09,-2.6661266343194e-08,-4.60423025309439e-08,6.3242059610021e-08,7.76825105548371e-09,-4.61262665181674e-08,-3.67789260908188e-08,-4.60423025309439e-08,-2.69144700840897e-08
5.86166653766333e-08,-4.58927069464923e-09,-1.41738037763704e-08,1.68166207889321e-09,2.26690092249262e-09,4.98106416068412e-08,-4.58927069464923e-09,7.40849517122619e-08,-1.97071144278307e-08,-3.27701241462974e-08,-2.28940297154069e-08,2.17567760645987e-08,-1.41738037763704e-08,-1.97071144278307e-08,1.62438496365744e-08,1.06027640769499e-08,4.32775477787085e-09,-3.67789260908188e-08,1.68166207889321e-09,-3.27701241462974e-08,1.06027640769499e-08,2.62943845098202e-08,6.16540875157636e-09,-3.47824395389302e-08,2.26690092249262e-09,-2.28940297154069e-08,4.32775477787085e-09,6.16540875157636e-09,-7.08138247163578e-09,-3.54394903782752e-08,4.98106416068412e-08,2.17567760645987e-08,-3.67789260908188e-08,-3.47824395389302e-08,-3.54394903782752e-08,2.15930199601788e-08
-2.91383441822577e-08,3.52315105545949e-08,2.78628024128582e-08,2.26690092249262e-09,4.75740031533311e-08,4.19752024851104e-08,3.52315105545949e-08,4.51078247574398e-08,-3.27864940366936e-08,-2.28940297154069e-08,-3.35429452046701e-08,1.03925808039829e-08,2.78628024128582e-08,-3.27864940366936e-08,-1.12886613504988e-08,4.32775477787085e-09,-2.6661266343194e-08,-4.60423025309439e-08,2.26690092249262e-09,-2.28940297154069e-08,4.32775477787085e-09,6.16540875157636e-09,-7.08138247163578e-09,-3.54394903782752e-08,4.75740031533311e-08,-3.35429452046701e-08,-2.6661266343194e-08,-7.08138247163578e-09,-4.27090164328143e-08,-5.74984816154653e-08,4.19752024851104e-08,1.03925808039829e-08,-4.60423025309439e-08,-3.54394903782752e-08,-5.74984816154653e-08,-6.17995289852025e-08
-3.7148298455723e-07,5.72370242310417e-08,6.3242059610021e-08,4.98106416068412e-08,4.19752024851104e-08,-3.21957770367103e-09,5.72370242310417e-08,-6.80426654173188e-08,7.76825105548371e-09,2.17567760645987e-08,1.03925808039829e-08,-6.21847714916555e-08,6.3242059610021e-08,7.76825105548371e-09,-4.61262665181674e-08,-3.67789260908188e-08,-4.60423025309439e-08,-2.69144700840897e-08,4.98106416068412e-08,2.17567760645987e-08,-3.67789260908188e-08,-3.47824395389302e-08,-3.54394903782752e-08,2.15930199601788e-08,4.19752024851104e-08,1.03925808039829e-08,-4.60423025309439e-08,-3.54394903782752e-08,-5.74984816154653e-08,-6.17995289852025e-08,-3.21957770367103e-09,-6.21847714916555e-08,-2.69144700840897e-08,2.15930199601788e-08,-6.17995289852025e-08,-2.80915852926002e-07
