"Mkt.RF","SMB","HML","RMW","CMA","Mom"
1.24155646331339,-0.122591897755096,-0.112700322578731,-0.139228372522769,-0.170090020817724,-0.150684374633164
-0.122591897755096,0.340268313340255,0.026222614456904,-0.0674852747937818,0.0139658163478124,0.020888937617163
-0.112700322578731,0.026222614456904,0.337343538208499,0.0128593199054825,0.122222375065295,-0.129346353454864
-0.139228372522769,-0.0674852747937818,0.0128593199054825,0.187942851933938,0.0350442540690814,0.0426509198526354
-0.170090020817724,0.0139658163478124,0.122222375065295,0.0350442540690814,0.166370729220716,0.0289447360112592
-0.150684374633164,0.020888937617163,-0.129346353454864,0.0426509198526354,0.0289447360112592,0.637407666891284
