"Mkt.RF","SMB","HML","RMW","CMA","MOM"
0.000132341422455322,1.41262763189943e-06,-8.52539233812767e-07,-1.69960888679736e-05,-1.61516946202839e-05,-2.06726205231354e-05
1.41262763189943e-06,3.37012411916578e-05,3.4768900211034e-06,-7.1375559800245e-06,7.33610836256578e-07,-1.39290955090157e-06
-8.52539233812767e-07,3.4768900211034e-06,3.98557430576176e-05,1.91450916480514e-06,1.24956458146689e-05,-2.04926880892251e-05
-1.69960888679736e-05,-7.1375559800245e-06,1.91450916480514e-06,2.10519112879363e-05,4.37877634273142e-06,4.4020144528942e-06
-1.61516946202839e-05,7.33610836256578e-07,1.24956458146689e-05,4.37877634273142e-06,1.71436639544112e-05,1.14955355833438e-06
-2.06726205231354e-05,-1.39290955090157e-06,-2.04926880892251e-05,4.4020144528942e-06,1.14955355833438e-06,7.66771008319761e-05
