"V1","V2","V3","V4","V5","V6","V7","V8","V9","V10","V11","V12","V13","V14","V15","V16","V17","V18","V19","V20","V21","V22","V23","V24","V25","V26","V27","V28","V29","V30","V31","V32","V33","V34","V35","V36"
-0.83395792191204,0.0595813785797827,-0.0495663584283335,0.0832100360091208,-0.0177233176252316,-0.291840091934761,0.0595813785797827,-0.00296085255485857,0.0386445173801154,-0.0119655981445185,0.0314018046685157,0.039769493883427,-0.0495663584283335,0.0386445173801154,0.0121284332324588,-0.0192852530089268,0.0194088213634955,0.0139630227655642,0.0832100360091208,-0.0119655981445185,-0.0192852530089268,0.00641385321470736,0.00481487405230907,0.0508197370203743,-0.0177233176252316,0.0314018046685157,0.0194088213634955,0.00481487405230907,0.0444142810012407,0.0374954114895283,-0.291840091934761,0.039769493883427,0.0139630227655642,0.0508197370203743,0.0374954114895283,0.114999391015389
0.0595813785797827,-0.00296085255485857,0.0386445173801154,-0.0119655981445185,0.0314018046685157,0.039769493883427,-0.00296085255485857,-0.223670184377059,0.0507965140149187,0.0670439375296485,0.0376270748134812,-0.074845516299804,0.0386445173801154,0.0507965140149187,-0.01901322889003,-0.0234585680891101,-0.0314906582253608,-0.0146829976115205,-0.0119655981445185,0.0670439375296485,-0.0234585680891101,-0.0331031141263023,-0.0212350044043057,0.024476003561758,0.0314018046685157,0.0376270748134812,-0.0314906582253608,-0.0212350044043057,-0.0321394765572173,0.00918089887419187,0.039769493883427,-0.074845516299804,-0.0146829976115205,0.024476003561758,0.00918089887419187,-0.00621054087293409
-0.0495663584283335,0.0386445173801154,0.0121284332324588,-0.0192852530089268,0.0194088213634955,0.0139630227655642,0.0386445173801154,0.0507965140149187,-0.01901322889003,-0.0234585680891101,-0.0314906582253608,-0.0146829976115205,0.0121284332324588,-0.01901322889003,0.0808064885706757,-0.00249052905854863,-0.0117301106934154,-0.150141366166855,-0.0192852530089268,-0.0234585680891101,-0.00249052905854863,0.0236960027429038,0.00877281790223208,-0.0113683915415336,0.0194088213634955,-0.0314906582253608,-0.0117301106934154,0.00877281790223208,-0.0179823448895547,-0.0338801705662158,0.0139630227655642,-0.0146829976115205,-0.150141366166855,-0.0113683915415336,-0.0338801705662158,0.139610028887968
0.0832100360091208,-0.0119655981445185,-0.0192852530089268,0.00641385321470736,0.00481487405230907,0.0508197370203743,-0.0119655981445185,0.0670439375296485,-0.0234585680891101,-0.0331031141263023,-0.0212350044043057,0.024476003561758,-0.0192852530089268,-0.0234585680891101,-0.00249052905854863,0.0236960027429038,0.00877281790223208,-0.0113683915415336,0.00641385321470736,-0.0331031141263023,0.0236960027429038,0.0264036683496846,0.00651590587396413,-0.0446699969106099,0.00481487405230907,-0.0212350044043057,0.00877281790223208,0.00651590587396413,-0.00325328007256861,-0.0354646934244575,0.0508197370203743,0.024476003561758,-0.0113683915415336,-0.0446699969106099,-0.0354646934244575,-0.00878265135820177
-0.0177233176252316,0.0314018046685157,0.0194088213634955,0.00481487405230907,0.0444142810012407,0.0374954114895283,0.0314018046685157,0.0376270748134812,-0.0314906582253608,-0.0212350044043057,-0.0321394765572173,0.00918089887419187,0.0194088213634955,-0.0314906582253608,-0.0117301106934154,0.00877281790223208,-0.0179823448895547,-0.0338801705662158,0.00481487405230907,-0.0212350044043057,0.00877281790223208,0.00651590587396413,-0.00325328007256861,-0.0354646934244575,0.0444142810012407,-0.0321394765572173,-0.0179823448895547,-0.00325328007256861,-0.0360916110316211,-0.056574731085022,0.0374954114895283,0.00918089887419187,-0.0338801705662158,-0.0354646934244575,-0.056574731085022,-0.0681910538155489
-0.291840091934761,0.039769493883427,0.0139630227655642,0.0508197370203743,0.0374954114895283,0.114999391015389,0.039769493883427,-0.074845516299804,-0.0146829976115205,0.024476003561758,0.00918089887419187,-0.00621054087293409,0.0139630227655642,-0.0146829976115205,-0.150141366166855,-0.0113683915415336,-0.0338801705662158,0.139610028887968,0.0508197370203743,0.024476003561758,-0.0113683915415336,-0.0446699969106099,-0.0354646934244575,-0.00878265135820177,0.0374954114895283,0.00918089887419187,-0.0338801705662158,-0.0354646934244575,-0.056574731085022,-0.0681910538155489,0.114999391015389,-0.00621054087293409,0.139610028887968,-0.00878265135820177,-0.0681910538155489,-0.551467642998396
