"Mkt.RF","SMB","HML","RMW","CMA","Mom"
0.717158156926335,-0.152169861705598,-0.183930877854169,0.0346989375560781,-0.112266542961077,0.0403406200288914
-0.152169861705598,0.224603348958843,0.0192849683955605,-0.0388195926337231,0.000613402474425946,-0.00695879681304522
-0.183930877854169,0.0192849683955605,0.152242729802593,-0.0348243940476808,0.0836355079547337,-0.0111719544383656
0.0346989375560781,-0.0388195926337231,-0.0348243940476808,0.0577398437658439,-0.0227369813043644,0.00497440171470468
-0.112266542961077,0.000613402474425946,0.0836355079547337,-0.0227369813043644,0.0941153629671749,0.00366042101787291
0.0403406200288914,-0.00695879681304522,-0.0111719544383656,0.00497440171470468,0.00366042101787291,0.212298510016086
