"V1","V2","V3","V4","V5","V6","V7","V8","V9","V10","V11","V12","V13","V14","V15","V16","V17","V18","V19","V20","V21","V22","V23","V24","V25","V26","V27","V28","V29","V30","V31","V32","V33","V34","V35","V36"
-1.01709874457894e-06,2.01710322429739e-07,7.16967536644565e-08,4.01222089310109e-08,-1.74262558605461e-08,-3.29893403312503e-07,2.01710322429739e-07,-5.881510323419e-08,2.47286675799245e-09,-1.55569283230583e-08,1.24185022404071e-08,4.70347630975965e-08,7.16967536644565e-08,2.47286675799245e-09,8.92682417828737e-09,-1.08743534498528e-08,1.40994950734189e-08,3.00488761131196e-08,4.01222089310109e-08,-1.55569283230583e-08,-1.08743534498528e-08,6.03919833848851e-09,-4.8849559124507e-09,1.79331067687238e-08,-1.74262558605461e-08,1.24185022404071e-08,1.40994950734189e-08,-4.8849559124507e-09,1.42932603085157e-08,1.02674486476667e-08,-3.29893403312503e-07,4.70347630975965e-08,3.00488761131196e-08,1.79331067687238e-08,1.02674486476667e-08,-4.70496601709268e-08
2.01710322429739e-07,-5.881510323419e-08,2.47286675799245e-09,-1.55569283230583e-08,1.24185022404071e-08,4.70347630975965e-08,-5.881510323419e-08,-2.61869746713725e-07,4.53953262603557e-08,5.95304374269634e-08,4.11073593185743e-08,-4.73022310809429e-08,2.47286675799245e-09,4.53953262603557e-08,-1.68186583202615e-08,-6.40543649346662e-09,-1.37728997299344e-08,-1.83510449846246e-09,-1.55569283230583e-08,5.95304374269634e-08,-6.40543649346662e-09,-1.35681098159313e-08,-7.46698241295729e-09,1.92436808259685e-09,1.24185022404071e-08,4.11073593185743e-08,-1.37728997299344e-08,-7.46698241295729e-09,-1.23431548914451e-08,4.78897835052401e-09,4.70347630975965e-08,-4.73022310809429e-08,-1.83510449846246e-09,1.92436808259685e-09,4.78897835052401e-09,-9.67439558202282e-10
7.16967536644565e-08,2.47286675799245e-09,8.92682417828737e-09,-1.08743534498528e-08,1.40994950734189e-08,3.00488761131196e-08,2.47286675799245e-09,4.53953262603557e-08,-1.68186583202615e-08,-6.40543649346662e-09,-1.37728997299344e-08,-1.83510449846246e-09,8.92682417828737e-09,-1.68186583202615e-08,1.97577221418725e-09,2.96094165135488e-09,-4.11645772106046e-09,-1.66377669243431e-08,-1.08743534498528e-08,-6.40543649346662e-09,2.96094165135488e-09,1.09691822486951e-09,2.9275995154761e-09,6.8177730322015e-10,1.40994950734189e-08,-1.37728997299344e-08,-4.11645772106046e-09,2.9275995154761e-09,-4.91619048742108e-09,-8.61793692817324e-09,3.00488761131196e-08,-1.83510449846246e-09,-1.66377669243431e-08,6.8177730322015e-10,-8.61793692817324e-09,-1.4893771469455e-09
4.01222089310109e-08,-1.55569283230583e-08,-1.08743534498528e-08,6.03919833848851e-09,-4.8849559124507e-09,1.79331067687238e-08,-1.55569283230583e-08,5.95304374269634e-08,-6.40543649346662e-09,-1.35681098159313e-08,-7.46698241295729e-09,1.92436808259685e-09,-1.08743534498528e-08,-6.40543649346662e-09,2.96094165135488e-09,1.09691822486951e-09,2.9275995154761e-09,6.8177730322015e-10,6.03919833848851e-09,-1.35681098159313e-08,1.09691822486951e-09,3.83353776376747e-09,1.21123017645246e-09,-4.41664766192455e-09,-4.8849559124507e-09,-7.46698241295729e-09,2.9275995154761e-09,1.21123017645246e-09,2.55999246891938e-09,1.5712020029608e-09,1.79331067687238e-08,1.92436808259685e-09,6.8177730322015e-10,-4.41664766192455e-09,1.5712020029608e-09,5.77811780989806e-09
-1.74262558605461e-08,1.24185022404071e-08,1.40994950734189e-08,-4.8849559124507e-09,1.42932603085157e-08,1.02674486476667e-08,1.24185022404071e-08,4.11073593185743e-08,-1.37728997299344e-08,-7.46698241295729e-09,-1.23431548914451e-08,4.78897835052401e-09,1.40994950734189e-08,-1.37728997299344e-08,-4.11645772106046e-09,2.9275995154761e-09,-4.91619048742108e-09,-8.61793692817324e-09,-4.8849559124507e-09,-7.46698241295729e-09,2.9275995154761e-09,1.21123017645246e-09,2.55999246891938e-09,1.5712020029608e-09,1.42932603085157e-08,-1.23431548914451e-08,-4.91619048742108e-09,2.55999246891938e-09,-2.94819258888650e-09,-7.51815486224707e-09,1.02674486476667e-08,4.78897835052401e-09,-8.61793692817324e-09,1.5712020029608e-09,-7.51815486224707e-09,-1.21506164755778e-08
-3.29893403312503e-07,4.70347630975965e-08,3.00488761131196e-08,1.79331067687238e-08,1.02674486476667e-08,-4.70496601709268e-08,4.70347630975965e-08,-4.73022310809429e-08,-1.83510449846246e-09,1.92436808259685e-09,4.78897835052401e-09,-9.67439558202282e-10,3.00488761131196e-08,-1.83510449846246e-09,-1.66377669243431e-08,6.8177730322015e-10,-8.61793692817324e-09,-1.4893771469455e-09,1.79331067687238e-08,1.92436808259685e-09,6.8177730322015e-10,-4.41664766192455e-09,1.5712020029608e-09,5.77811780989806e-09,1.02674486476667e-08,4.78897835052401e-09,-8.61793692817324e-09,1.5712020029608e-09,-7.51815486224707e-09,-1.21506164755778e-08,-4.70496601709268e-08,-9.67439558202282e-10,-1.4893771469455e-09,5.77811780989806e-09,-1.21506164755778e-08,-9.09366885128366e-08
