"V1","V2","V3","V4","V5","V6","V7","V8","V9","V10","V11","V12","V13","V14","V15","V16","V17","V18","V19","V20","V21","V22","V23","V24","V25","V26","V27","V28","V29","V30","V31","V32","V33","V34","V35","V36"
-1.1179670257926e-06,1.59923408441019e-07,7.46990644413142e-08,6.52252337951165e-08,-3.27391498980996e-08,-3.63146348833339e-07,1.59923408441019e-07,-3.37110460748835e-08,2.40897409280107e-08,-6.15717567030424e-09,3.46902446705365e-08,5.74884015538289e-08,7.46990644413142e-08,2.40897409280107e-08,5.07668507897002e-09,-1.53421098630229e-08,2.90146026419332e-08,6.22868126020627e-08,6.52252337951165e-08,-6.15717567030424e-09,-1.53421098630229e-08,-2.48483239862896e-09,4.10803785335292e-09,4.30378927603421e-08,-3.27391498980996e-08,3.46902446705365e-08,2.90146026419332e-08,4.10803785335292e-09,4.70901341896476e-08,4.55332579460808e-08,-3.63146348833339e-07,5.74884015538289e-08,6.22868126020627e-08,4.30378927603421e-08,4.55332579460808e-08,-1.31422596672851e-08
1.59923408441019e-07,-3.37110460748835e-08,2.40897409280107e-08,-6.15717567030424e-09,3.46902446705365e-08,5.74884015538289e-08,-3.37110460748835e-08,-2.90690123273011e-07,4.38147363552603e-08,7.42865402538881e-08,4.42142612290645e-08,-6.75267455568439e-08,2.40897409280107e-08,4.38147363552603e-08,-3.64954582499174e-08,-1.9368155157136e-08,-3.20390402333149e-08,7.56679523368783e-09,-6.15717567030424e-09,7.42865402538881e-08,-1.9368155157136e-08,-3.1419032970571e-08,-2.29060787982051e-08,2.25616343315983e-08,3.46902446705365e-08,4.42142612290645e-08,-3.20390402333149e-08,-2.29060787982051e-08,-3.26065223125638e-08,1.04728543335407e-08,5.74884015538289e-08,-6.75267455568439e-08,7.56679523368783e-09,2.25616343315983e-08,1.04728543335407e-08,-6.11910921162591e-08
7.46990644413142e-08,2.40897409280107e-08,5.07668507897002e-09,-1.53421098630229e-08,2.90146026419332e-08,6.22868126020627e-08,2.40897409280107e-08,4.38147363552603e-08,-3.64954582499174e-08,-1.9368155157136e-08,-3.20390402333149e-08,7.56679523368783e-09,5.07668507897002e-09,-3.64954582499174e-08,6.40084392467651e-09,1.55965686957874e-08,-1.1429781026674e-08,-4.69742500662285e-08,-1.53421098630229e-08,-1.9368155157136e-08,1.55965686957874e-08,1.17152470554586e-08,3.35874046319022e-09,-3.48808238445955e-08,2.90146026419332e-08,-3.20390402333149e-08,-1.1429781026674e-08,3.35874046319022e-09,-2.64026356196604e-08,-4.79455579740275e-08,6.22868126020627e-08,7.56679523368783e-09,-4.69742500662285e-08,-3.48808238445955e-08,-4.79455579740275e-08,-2.54670826933882e-08
6.52252337951165e-08,-6.15717567030424e-09,-1.53421098630229e-08,-2.48483239862896e-09,4.10803785335292e-09,4.30378927603421e-08,-6.15717567030424e-09,7.42865402538881e-08,-1.9368155157136e-08,-3.1419032970571e-08,-2.29060787982051e-08,2.25616343315983e-08,-1.53421098630229e-08,-1.9368155157136e-08,1.55965686957874e-08,1.17152470554586e-08,3.35874046319022e-09,-3.48808238445955e-08,-2.48483239862896e-09,-3.1419032970571e-08,1.17152470554586e-08,2.74811892434325e-08,6.17810208247821e-09,-3.17443750597205e-08,4.10803785335292e-09,-2.29060787982051e-08,3.35874046319022e-09,6.17810208247821e-09,-7.66699302738195e-09,-3.59386100676783e-08,4.30378927603421e-08,2.25616343315983e-08,-3.48808238445955e-08,-3.17443750597205e-08,-3.59386100676783e-08,2.95703637556276e-08
-3.27391498980996e-08,3.46902446705365e-08,2.90146026419332e-08,4.10803785335292e-09,4.70901341896476e-08,4.55332579460808e-08,3.46902446705365e-08,4.42142612290645e-08,-3.20390402333149e-08,-2.29060787982051e-08,-3.26065223125638e-08,1.04728543335407e-08,2.90146026419332e-08,-3.20390402333149e-08,-1.1429781026674e-08,3.35874046319022e-09,-2.64026356196604e-08,-4.79455579740275e-08,4.10803785335292e-09,-2.29060787982051e-08,3.35874046319022e-09,6.17810208247821e-09,-7.66699302738195e-09,-3.59386100676783e-08,4.70901341896476e-08,-3.26065223125638e-08,-2.64026356196604e-08,-7.66699302738195e-09,-4.19835623453843e-08,-5.85895787355134e-08,4.55332579460808e-08,1.04728543335407e-08,-4.79455579740275e-08,-3.59386100676783e-08,-5.85895787355134e-08,-6.41583515802956e-08
-3.63146348833339e-07,5.74884015538289e-08,6.22868126020627e-08,4.30378927603421e-08,4.55332579460808e-08,-1.31422596672851e-08,5.74884015538289e-08,-6.75267455568439e-08,7.56679523368783e-09,2.25616343315983e-08,1.04728543335407e-08,-6.11910921162591e-08,6.22868126020627e-08,7.56679523368783e-09,-4.69742500662285e-08,-3.48808238445955e-08,-4.79455579740275e-08,-2.54670826933882e-08,4.30378927603421e-08,2.25616343315983e-08,-3.48808238445955e-08,-3.17443750597205e-08,-3.59386100676783e-08,2.95703637556276e-08,4.55332579460808e-08,1.04728543335407e-08,-4.79455579740275e-08,-3.59386100676783e-08,-5.85895787355134e-08,-6.41583515802956e-08,-1.31422596672851e-08,-6.11910921162591e-08,-2.54670826933882e-08,2.95703637556276e-08,-6.41583515802956e-08,-2.70579038310245e-07
