"Mkt.RF","SMB","HML","RMW","CMA","Mom"
1.17925788984583,-0.0186929164238543,-0.0388464411727388,-0.170847128042441,-0.154441268833993,-0.190269839819761
-0.0186929164238543,0.316079596937589,0.019626556699937,-0.0730920437828429,0.010976972940973,0.00781769888753979
-0.0388464411727388,0.019626556699937,0.342318819260863,0.0107634907944227,0.11666080388039,-0.15977158030924
-0.170847128042441,-0.0730920437828429,0.0107634907944227,0.202287839564252,0.040550414879716,0.0537543374010621
-0.154441268833993,0.010976972940973,0.11666080388039,0.040550414879716,0.164208138284978,0.0169122366085819
-0.190269839819761,0.00781769888753979,-0.15977158030924,0.0537543374010621,0.0169122366085819,0.692750194195785
