"V1","V2","V3","V4","V5","V6","V7","V8","V9","V10","V11","V12","V13","V14","V15","V16","V17","V18","V19","V20","V21","V22","V23","V24","V25","V26","V27","V28","V29","V30","V31","V32","V33","V34","V35","V36"
-0.901272782685038,0.0779116865968496,-0.065798666375237,0.0930475976632472,-0.0237609206800153,-0.290552484068403,0.0779116865968496,-0.00131681509042386,0.0292136292766986,-0.0143435799417801,0.0268414993068162,0.0412230272413632,-0.065798666375237,0.0292136292766986,0.0115486026520529,-0.0169880414699349,0.0196335533459241,0.0106603799727319,0.0930475976632472,-0.0143435799417801,-0.0169880414699349,0.00504286293321848,0.00610266236256836,0.0506169930580364,-0.0237609206800153,0.0268414993068162,0.0196335533459241,0.00610266236256836,0.044363923465652,0.0377723253998294,-0.290552484068403,0.0412230272413632,0.0106603799727319,0.0506169930580364,0.0377723253998294,0.118952790651725
0.0779116865968496,-0.00131681509042386,0.0292136292766986,-0.0143435799417801,0.0268414993068162,0.0412230272413632,-0.00131681509042386,-0.195253122434857,0.0515124006452667,0.0580278391218635,0.0363028609288215,-0.0660012750430018,0.0292136292766986,0.0515124006452667,-0.0161793996118609,-0.0243188625142577,-0.0299640261385112,-0.0174166516971295,-0.0143435799417801,0.0580278391218635,-0.0243188625142577,-0.0287176286150238,-0.0210155619593348,0.0232615089221919,0.0268414993068162,0.0363028609288215,-0.0299640261385112,-0.0210155619593348,-0.0304035995507231,0.00898494496604582,0.0412230272413632,-0.0660012750430018,-0.0174166516971295,0.0232615089221919,0.00898494496604582,0.00936925496779338
-0.065798666375237,0.0292136292766986,0.0115486026520529,-0.0169880414699349,0.0196335533459241,0.0106603799727319,0.0292136292766986,0.0515124006452667,-0.0161793996118609,-0.0243188625142577,-0.0299640261385112,-0.0174166516971295,0.0115486026520529,-0.0161793996118609,0.0747691751862853,-0.00112335151250581,-0.0137032658136604,-0.152102498723204,-0.0169880414699349,-0.0243188625142577,-0.00112335151250581,0.0242714614817443,0.0091648821194942,-0.00913867434205468,0.0196335533459241,-0.0299640261385112,-0.0137032658136604,0.0091648821194942,-0.0182040205276704,-0.0348387293995592,0.0106603799727319,-0.0174166516971295,-0.152102498723204,-0.00913867434205468,-0.0348387293995592,0.139454967397427
0.0930475976632472,-0.0143435799417801,-0.0169880414699349,0.00504286293321848,0.00610266236256836,0.0506169930580364,-0.0143435799417801,0.0580278391218635,-0.0243188625142577,-0.0287176286150238,-0.0210155619593348,0.0232615089221919,-0.0169880414699349,-0.0243188625142577,-0.00112335151250581,0.0242714614817443,0.0091648821194942,-0.00913867434205468,0.00504286293321848,-0.0287176286150238,0.0242714614817443,0.024380303343113,0.0065398356321837,-0.0448720494008214,0.00610266236256836,-0.0210155619593348,0.0091648821194942,0.0065398356321837,-0.00327107137525613,-0.0345828578708087,0.0506169930580364,0.0232615089221919,-0.00913867434205468,-0.0448720494008214,-0.0345828578708087,-0.0140763687873434
-0.0237609206800153,0.0268414993068162,0.0196335533459241,0.00610266236256836,0.044363923465652,0.0377723253998294,0.0268414993068162,0.0363028609288215,-0.0299640261385112,-0.0210155619593348,-0.0304035995507231,0.00898494496604582,0.0196335533459241,-0.0299640261385112,-0.0137032658136604,0.0091648821194942,-0.0182040205276704,-0.0348387293995592,0.00610266236256836,-0.0210155619593348,0.0091648821194942,0.0065398356321837,-0.00327107137525613,-0.0345828578708087,0.044363923465652,-0.0304035995507231,-0.0182040205276704,-0.00327107137525613,-0.0357581086482193,-0.0567462664019044,0.0377723253998294,0.00898494496604582,-0.0348387293995592,-0.0345828578708087,-0.0567462664019044,-0.0659331265261192
-0.290552484068403,0.0412230272413632,0.0106603799727319,0.0506169930580364,0.0377723253998294,0.118952790651725,0.0412230272413632,-0.0660012750430018,-0.0174166516971295,0.0232615089221919,0.00898494496604582,0.00936925496779338,0.0106603799727319,-0.0174166516971295,-0.152102498723204,-0.00913867434205468,-0.0348387293995592,0.139454967397427,0.0506169930580364,0.0232615089221919,-0.00913867434205468,-0.0448720494008214,-0.0345828578708087,-0.0140763687873434,0.0377723253998294,0.00898494496604582,-0.0348387293995592,-0.0345828578708087,-0.0567462664019044,-0.0659331265261192,0.118952790651725,0.00936925496779338,0.139454967397427,-0.0140763687873434,-0.0659331265261192,-0.529055848588151
