"V1","V2","V3","V4","V5","V6","V7","V8","V9","V10","V11","V12","V13","V14","V15","V16","V17","V18","V19","V20","V21","V22","V23","V24","V25","V26","V27","V28","V29","V30","V31","V32","V33","V34","V35","V36"
-0.832633230538331,0.0538007392546319,-0.0482640122335945,0.0836787545901423,-0.0166130174518117,-0.298115753633291,0.0538007392546319,-0.00530158850626421,0.0389287275928085,-0.0120847220038785,0.0314950231136031,0.0401752577281515,-0.0482640122335945,0.0389287275928085,0.0118556466871401,-0.0195043567302175,0.0194139994636471,0.0157486143818246,0.0836787545901423,-0.0120847220038785,-0.0195043567302175,0.00652223569486208,0.00458432027497615,0.0517629085151361,-0.0166130174518117,0.0314950231136031,0.0194139994636471,0.00458432027497615,0.0443109954970564,0.0392626159552561,-0.298115753633291,0.0401752577281515,0.0157486143818246,0.0517629085151361,0.0392626159552561,0.114572947366603
0.0538007392546319,-0.00530158850626421,0.0389287275928085,-0.0120847220038785,0.0314950231136031,0.0401752577281515,-0.00530158850626421,-0.227719525522888,0.0510602004899131,0.0677728148727732,0.0379571288969516,-0.0765619532970287,0.0389287275928085,0.0510602004899131,-0.0180941582751178,-0.0240148991085032,-0.031218849324227,-0.0141449810515084,-0.0120847220038785,0.0677728148727732,-0.0240148991085032,-0.0329872155997976,-0.021550187209428,0.0251280302360712,0.0314950231136031,0.0379571288969516,-0.031218849324227,-0.021550187209428,-0.0322161376772967,0.00935914385967084,0.0401752577281515,-0.0765619532970287,-0.0141449810515084,0.0251280302360712,0.00935914385967084,-0.0072517927960513
-0.0482640122335945,0.0389287275928085,0.0118556466871401,-0.0195043567302175,0.0194139994636471,0.0157486143818246,0.0389287275928085,0.0510602004899131,-0.0180941582751178,-0.0240148991085032,-0.031218849324227,-0.0141449810515084,0.0118556466871401,-0.0180941582751178,0.0811528124649212,-0.00185495952838991,-0.010650457656533,-0.149654394982774,-0.0195043567302175,-0.0240148991085032,-0.00185495952838991,0.0236800276081133,0.00860110274618455,-0.0117433766808471,0.0194139994636471,-0.031218849324227,-0.010650457656533,0.00860110274618455,-0.0174071276119532,-0.0344428990196924,0.0157486143818246,-0.0141449810515084,-0.149654394982774,-0.0117433766808471,-0.0344428990196924,0.139038914211595
0.0836787545901423,-0.0120847220038785,-0.0195043567302175,0.00652223569486208,0.00458432027497615,0.0517629085151361,-0.0120847220038785,0.0677728148727732,-0.0240148991085032,-0.0329872155997976,-0.021550187209428,0.0251280302360712,-0.0195043567302175,-0.0240148991085032,-0.00185495952838991,0.0236800276081133,0.00860110274618455,-0.0117433766808471,0.00652223569486208,-0.0329872155997976,0.0236800276081133,0.0266935479480139,0.00691821163356036,-0.0451237694007707,0.00458432027497615,-0.021550187209428,0.00860110274618455,0.00691821163356036,-0.00324023695381081,-0.0353058354970529,0.0517629085151361,0.0251280302360712,-0.0117433766808471,-0.0451237694007707,-0.0353058354970529,-0.00787911729384178
-0.0166130174518117,0.0314950231136031,0.0194139994636471,0.00458432027497615,0.0443109954970564,0.0392626159552561,0.0314950231136031,0.0379571288969516,-0.031218849324227,-0.021550187209428,-0.0322161376772967,0.00935914385967084,0.0194139994636471,-0.031218849324227,-0.010650457656533,0.00860110274618455,-0.0174071276119532,-0.0344428990196924,0.00458432027497615,-0.021550187209428,0.00860110274618455,0.00691821163356036,-0.00324023695381081,-0.0353058354970529,0.0443109954970564,-0.0322161376772967,-0.0174071276119532,-0.00324023695381081,-0.0356527464030685,-0.0571256681606428,0.0392626159552561,0.00935914385967084,-0.0344428990196924,-0.0353058354970529,-0.0571256681606428,-0.0679696395005126
-0.298115753633291,0.0401752577281515,0.0157486143818246,0.0517629085151361,0.0392626159552561,0.114572947366603,0.0401752577281515,-0.0765619532970287,-0.0141449810515084,0.0251280302360712,0.00935914385967084,-0.0072517927960513,0.0157486143818246,-0.0141449810515084,-0.149654394982774,-0.0117433766808471,-0.0344428990196924,0.139038914211595,0.0517629085151361,0.0251280302360712,-0.0117433766808471,-0.0451237694007707,-0.0353058354970529,-0.00787911729384178,0.0392626159552561,0.00935914385967084,-0.0344428990196924,-0.0353058354970529,-0.0571256681606428,-0.0679696395005126,0.114572947366603,-0.0072517927960513,0.139038914211595,-0.00787911729384178,-0.0679696395005126,-0.552907746984654
