"Mkt.RF","SMB","HML","RMW","CMA","MOM"
8.12747565704275e-05,-1.8365152277554e-05,-2.19821534835198e-05,3.89762003987577e-07,-1.40484833311586e-05,9.67210230804267e-06
-1.8365152277554e-05,2.7438722557865e-05,2.02043121053892e-06,-6.19513810898632e-06,3.86953170409607e-07,8.44225278375673e-07
-2.19821534835198e-05,2.02043121053892e-06,1.77210368650028e-05,-8.56063788886755e-07,9.80455850727824e-06,-4.91687483220966e-06
3.89762003987577e-07,-6.19513810898632e-06,-8.56063788886755e-07,9.44264436598248e-06,-3.61247903488632e-07,-3.45525324657827e-06
-1.40484833311586e-05,3.86953170409607e-07,9.80455850727824e-06,-3.61247903488632e-07,1.12364923141619e-05,-2.18823925950321e-06
9.67210230804267e-06,8.44225278375673e-07,-4.91687483220966e-06,-3.45525324657827e-06,-2.18823925950321e-06,2.76015039472471e-05
