"V1","V2","V3","V4","V5","V6","V7","V8","V9","V10","V11","V12","V13","V14","V15","V16","V17","V18","V19","V20","V21","V22","V23","V24","V25","V26","V27","V28","V29","V30","V31","V32","V33","V34","V35","V36"
-1.40025052195443e-06,1.2904920777175e-07,-6.64194876254166e-08,1.14431863594215e-07,-5.86855525887942e-09,-3.15686710660245e-07,1.2904920777175e-07,-8.63783606298121e-09,2.54578668696838e-08,-1.38875518166053e-08,2.60239044525062e-08,4.33444649262041e-08,-6.64194876254166e-08,2.54578668696838e-08,-9.07688976547917e-09,-1.45692875307023e-08,1.94728614481561e-08,1.71422488224758e-08,1.14431863594215e-07,-1.38875518166053e-08,-1.45692875307023e-08,3.6938741561525e-09,5.42275076581736e-09,5.38391778883197e-08,-5.86855525887942e-09,2.60239044525062e-08,1.94728614481561e-08,5.42275076581736e-09,4.3045269352241e-08,3.80773574853679e-08,-3.15686710660245e-07,4.33444649262041e-08,1.71422488224758e-08,5.38391778883197e-08,3.80773574853679e-08,1.20266390934784e-07
1.2904920777175e-07,-8.63783606298121e-09,2.54578668696838e-08,-1.38875518166053e-08,2.60239044525062e-08,4.33444649262041e-08,-8.63783606298121e-09,-2.40177765944924e-07,5.64396849150355e-08,6.37807367612568e-08,4.16580205585375e-08,-6.87984037866174e-08,2.54578668696838e-08,5.64396849150355e-08,-1.83128552048388e-08,-2.45821126208143e-08,-3.06009024404141e-08,-1.57556829462031e-08,-1.38875518166053e-08,6.37807367612568e-08,-2.45821126208143e-08,-2.90897376469209e-08,-2.15788039169217e-08,2.4852593116924e-08,2.60239044525062e-08,4.16580205585375e-08,-3.06009024404141e-08,-2.15788039169217e-08,-3.13842658568975e-08,9.40191161676491e-09,4.33444649262041e-08,-6.87984037866174e-08,-1.57556829462031e-08,2.4852593116924e-08,9.40191161676491e-09,6.35178438871341e-09
-6.64194876254166e-08,2.54578668696838e-08,-9.07688976547917e-09,-1.45692875307023e-08,1.94728614481561e-08,1.71422488224758e-08,2.54578668696838e-08,5.64396849150355e-08,-1.83128552048388e-08,-2.45821126208143e-08,-3.06009024404141e-08,-1.57556829462031e-08,-9.07688976547917e-09,-1.83128552048388e-08,5.77355311711328e-08,-8.38107157074299e-10,-1.46844107122544e-08,-1.49993105792828e-07,-1.45692875307023e-08,-2.45821126208143e-08,-8.38107157074299e-10,2.2159999874272e-08,7.13520035779952e-09,-9.75586026813815e-09,1.94728614481561e-08,-3.06009024404141e-08,-1.46844107122544e-08,7.13520035779952e-09,-2.06609758909035e-08,-3.6730542950928e-08,1.71422488224758e-08,-1.57556829462031e-08,-1.49993105792828e-07,-9.75586026813815e-09,-3.6730542950928e-08,1.58418524195658e-07
1.14431863594215e-07,-1.38875518166053e-08,-1.45692875307023e-08,3.6938741561525e-09,5.42275076581736e-09,5.38391778883197e-08,-1.38875518166053e-08,6.37807367612568e-08,-2.45821126208143e-08,-2.90897376469209e-08,-2.15788039169217e-08,2.4852593116924e-08,-1.45692875307023e-08,-2.45821126208143e-08,-8.38107157074299e-10,2.2159999874272e-08,7.13520035779952e-09,-9.75586026813815e-09,3.6938741561525e-09,-2.90897376469209e-08,2.2159999874272e-08,1.91495525000405e-08,4.53691408118803e-09,-4.7722997958327e-08,5.42275076581736e-09,-2.15788039169217e-08,7.13520035779952e-09,4.53691408118803e-09,-5.70486602267592e-09,-3.68842217086625e-08,5.38391778883197e-08,2.4852593116924e-08,-9.75586026813815e-09,-4.7722997958327e-08,-3.68842217086625e-08,-2.14812944288303e-08
-5.86855525887942e-09,2.60239044525062e-08,1.94728614481561e-08,5.42275076581736e-09,4.3045269352241e-08,3.80773574853679e-08,2.60239044525062e-08,4.16580205585375e-08,-3.06009024404141e-08,-2.15788039169217e-08,-3.13842658568975e-08,9.40191161676491e-09,1.94728614481561e-08,-3.06009024404141e-08,-1.46844107122544e-08,7.13520035779952e-09,-2.06609758909035e-08,-3.6730542950928e-08,5.42275076581736e-09,-2.15788039169217e-08,7.13520035779952e-09,4.53691408118803e-09,-5.70486602267592e-09,-3.68842217086625e-08,4.3045269352241e-08,-3.13842658568975e-08,-2.06609758909035e-08,-5.70486602267592e-09,-3.97836216085126e-08,-6.14190749680831e-08,3.80773574853679e-08,9.40191161676491e-09,-3.6730542950928e-08,-3.68842217086625e-08,-6.14190749680831e-08,-7.32258975785602e-08
-3.15686710660245e-07,4.33444649262041e-08,1.71422488224758e-08,5.38391778883197e-08,3.80773574853679e-08,1.20266390934784e-07,4.33444649262041e-08,-6.87984037866174e-08,-1.57556829462031e-08,2.4852593116924e-08,9.40191161676491e-09,6.35178438871341e-09,1.71422488224758e-08,-1.57556829462031e-08,-1.49993105792828e-07,-9.75586026813815e-09,-3.6730542950928e-08,1.58418524195658e-07,5.38391778883197e-08,2.4852593116924e-08,-9.75586026813815e-09,-4.7722997958327e-08,-3.68842217086625e-08,-2.14812944288303e-08,3.80773574853679e-08,9.40191161676491e-09,-3.6730542950928e-08,-3.68842217086625e-08,-6.14190749680831e-08,-7.32258975785602e-08,1.20266390934784e-07,6.35178438871341e-09,1.58418524195658e-07,-2.14812944288303e-08,-7.32258975785602e-08,-6.32661441244238e-07
