"V1","V2","V3","V4","V5","V6","V7","V8","V9","V10","V11","V12","V13","V14","V15","V16","V17","V18","V19","V20","V21","V22","V23","V24","V25","V26","V27","V28","V29","V30","V31","V32","V33","V34","V35","V36"
-1.29183031490138e-06,1.18083738392556e-07,-6.18917843316011e-08,9.67236211329658e-08,-5.34229282539619e-09,-3.13475137101077e-07,1.18083738392556e-07,4.01209991323959e-10,3.29984246685974e-08,-1.4556599435622e-08,3.08242691733537e-08,5.24700410819414e-08,-6.18917843316011e-08,3.29984246685974e-08,-8.66345672127162e-09,-1.29500892339478e-08,2.05328801353735e-08,2.36701618082455e-08,9.67236211329658e-08,-1.4556599435622e-08,-1.29500892339478e-08,5.92904277795759e-09,6.39736143307996e-09,5.13852657039884e-08,-5.34229282539619e-09,3.08242691733537e-08,2.05328801353735e-08,6.39736143307996e-09,4.52188108849277e-08,4.25001161781408e-08,-3.13475137101077e-07,5.24700410819414e-08,2.36701618082455e-08,5.13852657039884e-08,4.25001161781408e-08,1.28822873322624e-07
1.18083738392556e-07,4.01209991323959e-10,3.29984246685974e-08,-1.4556599435622e-08,3.08242691733537e-08,5.24700410819414e-08,4.01209991323959e-10,-2.51162382908152e-07,5.30267831316944e-08,6.46732425741417e-08,4.02705545542615e-08,-6.63438727368973e-08,3.29984246685974e-08,5.30267831316944e-08,-2.06197028573332e-08,-2.40163701799539e-08,-3.19225084539489e-08,-1.63870639536883e-08,-1.4556599435622e-08,6.46732425741417e-08,-2.40163701799539e-08,-2.94810715792092e-08,-2.15289320038455e-08,2.12801277872289e-08,3.08242691733537e-08,4.02705545542615e-08,-3.19225084539489e-08,-2.15289320038455e-08,-3.27470929917761e-08,8.02964637989452e-09,5.24700410819414e-08,-6.63438727368973e-08,-1.63870639536883e-08,2.12801277872289e-08,8.02964637989452e-09,1.91398717866073e-09
-6.18917843316011e-08,3.29984246685974e-08,-8.66345672127162e-09,-1.29500892339478e-08,2.05328801353735e-08,2.36701618082455e-08,3.29984246685974e-08,5.30267831316944e-08,-2.06197028573332e-08,-2.40163701799539e-08,-3.19225084539489e-08,-1.63870639536883e-08,-8.66345672127162e-09,-2.06197028573332e-08,5.75186843594355e-08,-3.36172092688787e-09,-1.56409938842147e-08,-1.50097089390253e-07,-1.29500892339478e-08,-2.40163701799539e-08,-3.36172092688787e-09,2.10159294395702e-08,5.7348592324506e-09,-1.12447859538563e-08,2.05328801353735e-08,-3.19225084539489e-08,-1.56409938842147e-08,5.7348592324506e-09,-2.25303434678729e-08,-3.8275173648138e-08,2.36701618082455e-08,-1.63870639536883e-08,-1.50097089390253e-07,-1.12447859538563e-08,-3.8275173648138e-08,1.51039261286108e-07
9.67236211329658e-08,-1.4556599435622e-08,-1.29500892339478e-08,5.92904277795759e-09,6.39736143307996e-09,5.13852657039884e-08,-1.4556599435622e-08,6.46732425741417e-08,-2.40163701799539e-08,-2.94810715792092e-08,-2.15289320038455e-08,2.12801277872289e-08,-1.29500892339478e-08,-2.40163701799539e-08,-3.36172092688787e-09,2.10159294395702e-08,5.7348592324506e-09,-1.12447859538563e-08,5.92904277795759e-09,-2.94810715792092e-08,2.10159294395702e-08,1.91525404162004e-08,3.88218016086896e-09,-4.56860340770426e-08,6.39736143307996e-09,-2.15289320038455e-08,5.7348592324506e-09,3.88218016086896e-09,-6.55662418004277e-09,-3.7154072236668e-08,5.13852657039884e-08,2.12801277872289e-08,-1.12447859538563e-08,-4.56860340770426e-08,-3.7154072236668e-08,-2.01168130844739e-08
-5.34229282539619e-09,3.08242691733537e-08,2.05328801353735e-08,6.39736143307996e-09,4.52188108849277e-08,4.25001161781408e-08,3.08242691733537e-08,4.02705545542615e-08,-3.19225084539489e-08,-2.15289320038455e-08,-3.27470929917761e-08,8.02964637989452e-09,2.05328801353735e-08,-3.19225084539489e-08,-1.56409938842147e-08,5.7348592324506e-09,-2.25303434678729e-08,-3.8275173648138e-08,6.39736143307996e-09,-2.15289320038455e-08,5.7348592324506e-09,3.88218016086896e-09,-6.55662418004277e-09,-3.7154072236668e-08,4.52188108849277e-08,-3.27470929917761e-08,-2.25303434678729e-08,-6.55662418004277e-09,-4.21622190711424e-08,-6.35987856717708e-08,4.25001161781408e-08,8.02964637989452e-09,-3.8275173648138e-08,-3.7154072236668e-08,-6.35987856717708e-08,-7.96167655870492e-08
-3.13475137101077e-07,5.24700410819414e-08,2.36701618082455e-08,5.13852657039884e-08,4.25001161781408e-08,1.28822873322624e-07,5.24700410819414e-08,-6.63438727368973e-08,-1.63870639536883e-08,2.12801277872289e-08,8.02964637989452e-09,1.91398717866073e-09,2.36701618082455e-08,-1.63870639536883e-08,-1.50097089390253e-07,-1.12447859538563e-08,-3.8275173648138e-08,1.51039261286108e-07,5.13852657039884e-08,2.12801277872289e-08,-1.12447859538563e-08,-4.56860340770426e-08,-3.7154072236668e-08,-2.01168130844739e-08,4.25001161781408e-08,8.02964637989452e-09,-3.8275173648138e-08,-3.7154072236668e-08,-6.35987856717708e-08,-7.96167655870492e-08,1.28822873322624e-07,1.91398717866073e-09,1.51039261286108e-07,-2.01168130844739e-08,-7.96167655870492e-08,-6.46957782271536e-07
