"V1","V2","V3","V4","V5","V6","V7","V8","V9","V10","V11","V12","V13","V14","V15","V16","V17","V18","V19","V20","V21","V22","V23","V24","V25","V26","V27","V28","V29","V30","V31","V32","V33","V34","V35","V36"
-0.922019391929111,0.0733798572506396,-0.0598956713417101,0.103271417576974,-0.0145546812952607,-0.273038897755066,0.0733798572506396,-0.00423632453805408,0.0300607229030415,-0.0121435561995294,0.027850813493882,0.0344091675869133,-0.0598956713417101,0.0300607229030415,0.00658351586339373,-0.0190312619845922,0.015836726379933,0.00478486592060095,0.103271417576974,-0.0121435561995294,-0.0190312619845922,0.00127535049986969,0.00367408252942818,0.0482079406367282,-0.0145546812952607,0.027850813493882,0.015836726379933,0.00367408252942818,0.0399703410635745,0.0323565077966589,-0.273038897755066,0.0344091675869133,0.00478486592060095,0.0482079406367282,0.0323565077966589,0.113850268808133
0.0733798572506396,-0.00423632453805408,0.0300607229030415,-0.0121435561995294,0.027850813493882,0.0344091675869133,-0.00423632453805408,-0.188928995229046,0.0549266392493923,0.0584621440603691,0.0378888529199192,-0.0668407159366704,0.0300607229030415,0.0549266392493923,-0.0161393980863068,-0.0255823433160818,-0.0294707652931457,-0.0165437877883055,-0.0121435561995294,0.0584621440603691,-0.0255823433160818,-0.0302202289712648,-0.0220599978641312,0.0244823693576984,0.027850813493882,0.0378888529199192,-0.0294707652931457,-0.0220599978641312,-0.0301173450042697,0.0087578920625708,0.0344091675869133,-0.0668407159366704,-0.0165437877883055,0.0244823693576984,0.0087578920625708,0.00269794315165686
-0.0598956713417101,0.0300607229030415,0.00658351586339373,-0.0190312619845922,0.015836726379933,0.00478486592060095,0.0300607229030415,0.0549266392493923,-0.0161393980863068,-0.0255823433160818,-0.0294707652931457,-0.0165437877883055,0.00658351586339373,-0.0161393980863068,0.0855480578176891,0.000935027996339926,-0.00748232247772249,-0.154165085335631,-0.0190312619845922,-0.0255823433160818,0.000935027996339926,0.0274175700792085,0.0100937583606416,-0.0100659905655246,0.015836726379933,-0.0294707652931457,-0.00748232247772249,0.0100937583606416,-0.013135513534552,-0.0348596937447463,0.00478486592060095,-0.0165437877883055,-0.154165085335631,-0.0100659905655246,-0.0348596937447463,0.149315732789137
0.103271417576974,-0.0121435561995294,-0.0190312619845922,0.00127535049986969,0.00367408252942818,0.0482079406367282,-0.0121435561995294,0.0584621440603691,-0.0255823433160818,-0.0302202289712648,-0.0220599978641312,0.0244823693576984,-0.0190312619845922,-0.0255823433160818,0.000935027996339926,0.0274175700792085,0.0100937583606416,-0.0100659905655246,0.00127535049986969,-0.0302202289712648,0.0274175700792085,0.0261627862717364,0.00892351404640714,-0.0451207104260944,0.00367408252942818,-0.0220599978641312,0.0100937583606416,0.00892351404640714,-0.00273657612058163,-0.0342952931366895,0.0482079406367282,0.0244823693576984,-0.0100659905655246,-0.0451207104260944,-0.0342952931366895,-0.0075559913785267
-0.0145546812952607,0.027850813493882,0.015836726379933,0.00367408252942818,0.0399703410635745,0.0323565077966589,0.027850813493882,0.0378888529199192,-0.0294707652931457,-0.0220599978641312,-0.0301173450042697,0.0087578920625708,0.015836726379933,-0.0294707652931457,-0.00748232247772249,0.0100937583606416,-0.013135513534552,-0.0348596937447463,0.00367408252942818,-0.0220599978641312,0.0100937583606416,0.00892351404640714,-0.00273657612058163,-0.0342952931366895,0.0399703410635745,-0.0301173450042697,-0.013135513534552,-0.00273657612058163,-0.0312495668386733,-0.0560151572773058,0.0323565077966589,0.0087578920625708,-0.0348596937447463,-0.0342952931366895,-0.0560151572773058,-0.0584187060073017
-0.273038897755066,0.0344091675869133,0.00478486592060095,0.0482079406367282,0.0323565077966589,0.113850268808133,0.0344091675869133,-0.0668407159366704,-0.0165437877883055,0.0244823693576984,0.0087578920625708,0.00269794315165686,0.00478486592060095,-0.0165437877883055,-0.154165085335631,-0.0100659905655246,-0.0348596937447463,0.149315732789137,0.0482079406367282,0.0244823693576984,-0.0100659905655246,-0.0451207104260944,-0.0342952931366895,-0.0075559913785267,0.0323565077966589,0.0087578920625708,-0.0348596937447463,-0.0342952931366895,-0.0560151572773058,-0.0584187060073017,0.113850268808133,0.00269794315165686,0.149315732789137,-0.0075559913785267,-0.0584187060073017,-0.535421449960775
