"Mkt.RF","SMB","HML","RMW","CMA","Mom"
1.1773002223245,-0.0205974841166246,-0.0393505195338072,-0.169803015808939,-0.154015571978659,-0.193803439881056
-0.0205974841166246,0.316902158793438,0.0200859690564988,-0.0731087956838477,0.0107221225631282,0.00853490005555233
-0.0393505195338072,0.0200859690564988,0.341203356484499,0.0106389707548327,0.11634939151964,-0.158789962132616
-0.169803015808939,-0.0731087956838477,0.0106389707548327,0.200860378911199,0.0405251682303521,0.0544274233720838
-0.154015571978659,0.0107221225631282,0.11634939151964,0.0405251682303521,0.163785165005071,0.0177464117961518
-0.193803439881056,0.00853490005555233,-0.158789962132616,0.0544274233720838,0.0177464117961518,0.690345506186763
