"Mkt.RF","SMB","HML","RMW","CMA","Mom"
1.26765423569301,-0.0490214668152949,-0.0576275291675895,-0.169032176033333,-0.159708437084241,-0.167485224805414
-0.0490214668152949,0.349483661901872,0.0187689163945336,-0.0781972391662927,0.00636054031138973,0.00247634592048181
-0.0576275291675895,0.0187689163945336,0.345781437147246,0.0113255314183052,0.119467507732036,-0.163919594471505
-0.169032176033333,-0.0781972391662927,0.0113255314183052,0.20087154525525,0.0411227423825857,0.0542041173838292
-0.159708437084241,0.00636054031138973,0.119467507732036,0.0411227423825857,0.165641206394783,0.0172070874995397
-0.167485224805414,0.00247634592048181,-0.163919594471505,0.0542041173838292,0.0172070874995397,0.699006835782749
