"Mkt.RF","SMB","HML","RMW","CMA","MOM"
7.26293530681415e-05,-1.52842767811047e-05,-1.84255235656442e-05,3.44285883732588e-06,-1.12215102734697e-05,4.20277243493451e-06
-1.52842767811047e-05,2.2699255254115e-05,1.91543959502016e-06,-3.90375248273295e-06,4.83207767001071e-08,-6.75791100840142e-07
-1.84255235656442e-05,1.91543959502016e-06,1.52147680643853e-05,-3.48437019693673e-06,8.36422189564739e-06,-1.10697122902303e-06
3.44285883732588e-06,-3.90375248273295e-06,-3.48437019693673e-06,5.76848318630982e-06,-2.27535781808244e-06,4.96218104116724e-07
-1.12215102734697e-05,4.83207767001071e-08,8.36422189564739e-06,-2.27535781808244e-06,9.41149182961228e-06,3.76225732896009e-07
4.20277243493451e-06,-6.75791100840142e-07,-1.10697122902303e-06,4.96218104116724e-07,3.76225732896009e-07,2.12984923722198e-05
