"Mkt.RF","SMB","HML","RMW","CMA","MOM"
0.000119896996796888,-1.58090415187416e-05,-1.59871553042415e-05,-1.12225623279512e-05,-1.90154066614528e-05,-1.40012407137557e-05
-1.58090415187416e-05,3.36353252351141e-05,2.19423954678271e-06,-6.78213369631136e-06,9.99597622258631e-07,1.3572287445733e-06
-1.59871553042415e-05,2.19423954678271e-06,3.2314444838317e-05,1.75688362417051e-06,1.23375740923486e-05,-1.35692703236678e-05
-1.12225623279512e-05,-6.78213369631136e-06,1.75688362417051e-06,1.83015867580976e-05,3.50554976527434e-06,4.8036717395148e-06
-1.90154066614528e-05,9.99597622258631e-07,1.23375740923486e-05,3.50554976527434e-06,1.67970628067339e-05,2.31523356882138e-06
-1.40012407137557e-05,1.3572287445733e-06,-1.35692703236678e-05,4.8036717395148e-06,2.31523356882138e-06,6.33841366772367e-05
