"Mkt.RF","SMB","HML","RMW","CMA","MOM"
0.00012685530308132,-7.34768015690748e-06,-6.87117314668768e-06,-1.63340403104676e-05,-1.60052786141322e-05,-1.49164077640619e-05
-7.34768015690748e-06,3.45880630745189e-05,1.95527102931955e-06,-7.45880590111229e-06,6.59474942170707e-07,1.01221818744746e-06
-6.87117314668768e-06,1.95527102931955e-06,3.28986379091737e-05,1.19652620769907e-06,1.14506380079616e-05,-1.51734101130541e-05
-1.63340403104676e-05,-7.45880590111229e-06,1.19652620769907e-06,1.94131329440099e-05,3.9984517208055e-06,5.17507664853098e-06
-1.60052786141322e-05,6.59474942170707e-07,1.14506380079616e-05,3.9984517208055e-06,1.62370483651844e-05,2.10069583780432e-06
-1.49164077640619e-05,1.01221818744746e-06,-1.51734101130541e-05,5.17507664853098e-06,2.10069583780432e-06,6.55709108755142e-05
