"Mkt.RF","SMB","HML","RMW","CMA","Mom"
1.25280891856741,-0.0851120543086388,-0.075883505060358,-0.160645388467491,-0.161285414831721,-0.163639279470789
-0.0851120543086388,0.340076581455017,0.024688943830367,-0.0708578312636906,0.00921524522346853,0.0103878682584337
-0.075883505060358,0.024688943830367,0.330513543266327,0.0115586047377775,0.115391244059714,-0.143114965374477
-0.160645388467491,-0.0708578312636906,0.0115586047377775,0.192162118618791,0.0388528148344783,0.0544170397992367
-0.161285414831721,0.00921524522346853,0.115391244059714,0.0388528148344783,0.163037290051735,0.0251394225071221
-0.163639279470789,0.0103878682584337,-0.143114965374477,0.0544170397992367,0.0251394225071221,0.644126585242279
