"Mkt.RF","SMB","HML","RMW","CMA","Mom"
0.905040200477055,-0.173423032172703,-0.26297273464575,-0.0855749223044076,-0.171185005496766,0.0446093764927615
-0.173423032172703,0.298608768708769,0.0142258363243104,-0.0657033510950685,0.0108046255418883,0.0379119245905525
-0.26297273464575,0.0142258363243104,0.21982644328453,0.0408001750482963,0.129174689707182,-0.0146332731420469
-0.0855749223044076,-0.0657033510950685,0.0408001750482963,0.169629753190943,0.0318959513017448,0.0146498904992606
-0.171185005496766,0.0108046255418883,0.129174689707182,0.0318959513017448,0.158356196473727,0.0100883858008741
0.0446093764927615,0.0379119245905525,-0.0146332731420469,0.0146498904992606,0.0100883858008741,0.39688212554407
