"Mkt.RF","SMB","HML","RMW","CMA","MOM"
0.000121503478104915,-1.50329705550029e-05,-1.43200986064289e-05,-1.17328711303373e-05,-1.86806747316763e-05,-1.52381620402173e-05
-1.50329705550029e-05,3.39724570950459e-05,2.45828157934281e-06,-6.72669410161007e-06,1.15198644485933e-06,1.26070796864684e-06
-1.43200986064289e-05,2.45828157934281e-06,3.35182454597434e-05,1.40309999895128e-06,1.24466845675106e-05,-1.40677596612937e-05
-1.17328711303373e-05,-6.72669410161007e-06,1.40309999895128e-06,1.85327543555784e-05,3.52353330214285e-06,4.98907475511912e-06
-1.86806747316763e-05,1.15198644485933e-06,1.24466845675106e-05,3.52353330214285e-06,1.68170845974424e-05,2.25547484589452e-06
-1.52381620402173e-05,1.26070796864684e-06,-1.40677596612937e-05,4.98907475511912e-06,2.25547484589452e-06,6.46882008246612e-05
