"Mkt.RF","SMB","HML","RMW","CMA","MOM"
9.05676254762369e-05,-2.0373286620698e-05,-2.73571866448745e-05,-4.53498969620202e-06,-1.9661755064893e-05,4.1693902886134e-06
-2.0373286620698e-05,2.89907111216423e-05,2.35524121920847e-06,-6.27088087478449e-06,1.29567489476026e-06,1.9712225540905e-06
-2.73571866448745e-05,2.35524121920847e-06,2.26168566257753e-05,3.06530077673551e-06,1.37715399930845e-05,-1.62054603740888e-06
-4.53498969620202e-06,-6.27088087478449e-06,3.06530077673551e-06,1.43387422556143e-05,3.89007964332773e-06,-4.85200460709343e-07
-1.9661755064893e-05,1.29567489476026e-06,1.37715399930845e-05,3.89007964332773e-06,1.58521440767041e-05,1.96087974368011e-06
4.1693902886134e-06,1.9712225540905e-06,-1.62054603740888e-06,-4.85200460709343e-07,1.96087974368011e-06,3.64338660591634e-05
