"Mkt.RF","SMB","HML","RMW","CMA","Mom"
1.27000303344676,-0.104246252996431,-0.0919304410345124,-0.156260020726969,-0.165442586542863,-0.164135978311729
-0.104246252996431,0.346101441369083,0.0268062220525808,-0.0712077829246145,0.0114485112412742,0.0113519158501801
-0.0919304410345124,0.0268062220525808,0.334017874201119,0.0117266841404303,0.117716061970078,-0.144172811228726
-0.156260020726969,-0.0712077829246145,0.0117266841404303,0.192163384592266,0.037708299421631,0.0546859602480604
-0.165442586542863,0.0114485112412742,0.117716061970078,0.037708299421631,0.163973203604775,0.0260412144876559
-0.164135978311729,0.0113519158501801,-0.144172811228726,0.0546859602480604,0.0260412144876559,0.65024787556593
