"V1","V2","V3","V4","V5","V6","V7","V8","V9","V10","V11","V12","V13","V14","V15","V16","V17","V18","V19","V20","V21","V22","V23","V24","V25","V26","V27","V28","V29","V30","V31","V32","V33","V34","V35","V36"
-1.0262654168287e-06,2.04770233633791e-07,7.5275277346752e-08,4.02445146281128e-08,-1.77108797431303e-08,-3.2657110945277e-07,2.04770233633791e-07,-5.85390932066984e-08,3.47737735848068e-09,-1.53231176121699e-08,1.30562078687242e-08,4.93266017666665e-08,7.5275277346752e-08,3.47737735848068e-09,6.20195374053809e-09,-1.14906548990649e-08,1.28992471687567e-08,3.04422296321001e-08,4.02445146281128e-08,-1.53231176121699e-08,-1.14906548990649e-08,5.71684500636982e-09,-5.01994069353115e-09,1.7909246405123e-08,-1.77108797431303e-08,1.30562078687242e-08,1.28992471687567e-08,-5.01994069353115e-09,1.39717065177585e-08,9.21628977938328e-09,-3.2657110945277e-07,4.93266017666665e-08,3.04422296321001e-08,1.7909246405123e-08,9.21628977938328e-09,-4.33708422053447e-08
2.04770233633791e-07,-5.85390932066984e-08,3.47737735848068e-09,-1.53231176121699e-08,1.30562078687242e-08,4.93266017666665e-08,-5.85390932066984e-08,-2.58674208884724e-07,4.65480305141392e-08,5.9352442964413e-08,4.08356366192709e-08,-4.56995997876231e-08,3.47737735848068e-09,4.65480305141392e-08,-1.77704726757854e-08,-6.8198403350075e-09,-1.39685866247094e-08,-6.23828187524977e-10,-1.53231176121699e-08,5.9352442964413e-08,-6.8198403350075e-09,-1.38678306664131e-08,-7.57584594317607e-09,1.67728526540146e-09,1.30562078687242e-08,4.08356366192709e-08,-1.39685866247094e-08,-7.57584594317607e-09,-1.23178695170323e-08,5.0979468194767e-09,4.93266017666665e-08,-4.56995997876231e-08,-6.23828187524977e-10,1.67728526540146e-09,5.0979468194767e-09,1.01493628456908e-09
7.5275277346752e-08,3.47737735848068e-09,6.20195374053809e-09,-1.14906548990649e-08,1.28992471687567e-08,3.04422296321001e-08,3.47737735848068e-09,4.65480305141392e-08,-1.77704726757854e-08,-6.8198403350075e-09,-1.39685866247094e-08,-6.23828187524977e-10,6.20195374053809e-09,-1.77704726757854e-08,3.58440437459558e-09,3.48435550246595e-09,-3.05814059519748e-09,-1.75369042446108e-08,-1.14906548990649e-08,-6.8198403350075e-09,3.48435550246595e-09,1.66862066041246e-09,3.07760786868804e-09,6.58481956245814e-10,1.28992471687567e-08,-1.39685866247094e-08,-3.05814059519748e-09,3.07760786868804e-09,-4.31838380475894e-09,-8.9356963495904e-09,3.04422296321001e-08,-6.23828187524977e-10,-1.75369042446108e-08,6.58481956245814e-10,-8.9356963495904e-09,-3.38838185674996e-10
4.02445146281128e-08,-1.53231176121699e-08,-1.14906548990649e-08,5.71684500636982e-09,-5.01994069353115e-09,1.7909246405123e-08,-1.53231176121699e-08,5.9352442964413e-08,-6.8198403350075e-09,-1.38678306664131e-08,-7.57584594317607e-09,1.67728526540146e-09,-1.14906548990649e-08,-6.8198403350075e-09,3.48435550246595e-09,1.66862066041246e-09,3.07760786868804e-09,6.58481956245814e-10,5.71684500636982e-09,-1.38678306664131e-08,1.66862066041246e-09,3.78651896428716e-09,1.48140534452045e-09,-4.69216677943462e-09,-5.01994069353115e-09,-7.57584594317607e-09,3.07760786868804e-09,1.48140534452045e-09,2.37375562444021e-09,1.66695710392963e-09,1.7909246405123e-08,1.67728526540146e-09,6.58481956245814e-10,-4.69216677943462e-09,1.66695710392963e-09,4.87645310525732e-09
-1.77108797431303e-08,1.30562078687242e-08,1.28992471687567e-08,-5.01994069353115e-09,1.39717065177585e-08,9.21628977938328e-09,1.30562078687242e-08,4.08356366192709e-08,-1.39685866247094e-08,-7.57584594317607e-09,-1.23178695170323e-08,5.0979468194767e-09,1.28992471687567e-08,-1.39685866247094e-08,-3.05814059519748e-09,3.07760786868804e-09,-4.31838380475894e-09,-8.9356963495904e-09,-5.01994069353115e-09,-7.57584594317607e-09,3.07760786868804e-09,1.48140534452045e-09,2.37375562444021e-09,1.66695710392963e-09,1.39717065177585e-08,-1.23178695170323e-08,-4.31838380475894e-09,2.37375562444021e-09,-2.83790913771410e-09,-7.62178605658934e-09,9.21628977938328e-09,5.0979468194767e-09,-8.9356963495904e-09,1.66695710392963e-09,-7.62178605658934e-09,-1.27121783969875e-08
-3.2657110945277e-07,4.93266017666665e-08,3.04422296321001e-08,1.7909246405123e-08,9.21628977938328e-09,-4.33708422053447e-08,4.93266017666665e-08,-4.56995997876231e-08,-6.23828187524977e-10,1.67728526540146e-09,5.0979468194767e-09,1.01493628456908e-09,3.04422296321001e-08,-6.23828187524977e-10,-1.75369042446108e-08,6.58481956245814e-10,-8.9356963495904e-09,-3.38838185674996e-10,1.7909246405123e-08,1.67728526540146e-09,6.58481956245814e-10,-4.69216677943462e-09,1.66695710392963e-09,4.87645310525732e-09,9.21628977938328e-09,5.0979468194767e-09,-8.9356963495904e-09,1.66695710392963e-09,-7.62178605658934e-09,-1.27121783969875e-08,-4.33708422053447e-08,1.01493628456908e-09,-3.38838185674996e-10,4.87645310525732e-09,-1.27121783969875e-08,-8.9596274472333e-08
