"V1","V2","V3","V4","V5","V6","V7","V8","V9","V10","V11","V12","V13","V14","V15","V16","V17","V18","V19","V20","V21","V22","V23","V24","V25","V26","V27","V28","V29","V30","V31","V32","V33","V34","V35","V36"
-0.791583233867153,0.111341837589382,0.0486814889750573,0.0496358809437989,-0.0369884496186185,-0.314206644689943,0.111341837589382,-0.0290437878186395,0.0244795947058851,-0.00163627502412926,0.0340619352001741,0.050256695701538,0.0486814889750573,0.0244795947058851,0.00220710582799263,-0.0142981241139497,0.0253757120538767,0.0573154408085476,0.0496358809437989,-0.00163627502412926,-0.0142981241139497,-0.00120507071984211,0.00254577348821888,0.0462845049154698,-0.0369884496186185,0.0340619352001741,0.0253757120538767,0.00254577348821888,0.0440500708376624,0.0380412858544062,-0.314206644689943,0.050256695701538,0.0573154408085476,0.0462845049154698,0.0380412858544062,0.00437482574856112
0.111341837589382,-0.0290437878186395,0.0244795947058851,-0.00163627502412926,0.0340619352001741,0.050256695701538,-0.0290437878186395,-0.25023089487261,0.0386454502982165,0.0705321641272466,0.0397376911987964,-0.0648040043524309,0.0244795947058851,0.0386454502982165,-0.0379188383294129,-0.0186776935088664,-0.0331868998520755,0.00864709614391655,-0.00163627502412926,0.0705321641272466,-0.0186776935088664,-0.0350589020172669,-0.0211508142138857,0.0204569167777617,0.0340619352001741,0.0397376911987964,-0.0331868998520755,-0.0211508142138857,-0.0340296279706839,0.0108260948850649,0.050256695701538,-0.0648040043524309,0.00864709614391655,0.0204569167777617,0.0108260948850649,-0.0583715548354775
0.0486814889750573,0.0244795947058851,0.00220710582799263,-0.0142981241139497,0.0253757120538767,0.0573154408085476,0.0244795947058851,0.0386454502982165,-0.0379188383294129,-0.0186776935088664,-0.0331868998520755,0.00864709614391655,0.00220710582799263,-0.0379188383294129,0.0122649173049682,0.0202530937561927,-0.00702726096111078,-0.0415689380807877,-0.0142981241139497,-0.0186776935088664,0.0202530937561927,0.0133500723254341,0.00781005396629733,-0.0359017501014527,0.0253757120538767,-0.0331868998520755,-0.00702726096111078,0.00781005396629733,-0.0220453194492554,-0.0412601177587317,0.0573154408085476,0.00864709614391655,-0.0415689380807877,-0.0359017501014527,-0.0412601177587317,-0.0233038137494284
0.0496358809437989,-0.00163627502412926,-0.0142981241139497,-0.00120507071984211,0.00254577348821888,0.0462845049154698,-0.00163627502412926,0.0705321641272466,-0.0186776935088664,-0.0350589020172669,-0.0211508142138857,0.0204569167777617,-0.0142981241139497,-0.0186776935088664,0.0202530937561927,0.0133500723254341,0.00781005396629733,-0.0359017501014527,-0.00120507071984211,-0.0350589020172669,0.0133500723254341,0.0332877751311173,0.0074221510307236,-0.0330747952652402,0.00254577348821888,-0.0211508142138857,0.00781005396629733,0.0074221510307236,-0.00280723216299365,-0.0329869236242393,0.0462845049154698,0.0204569167777617,-0.0359017501014527,-0.0330747952652402,-0.0329869236242393,0.026194891747542
-0.0369884496186185,0.0340619352001741,0.0253757120538767,0.00254577348821888,0.0440500708376624,0.0380412858544062,0.0340619352001741,0.0397376911987964,-0.0331868998520755,-0.0211508142138857,-0.0340296279706839,0.0108260948850649,0.0253757120538767,-0.0331868998520755,-0.00702726096111078,0.00781005396629733,-0.0220453194492554,-0.0412601177587317,0.00254577348821888,-0.0211508142138857,0.00781005396629733,0.0074221510307236,-0.00280723216299365,-0.0329869236242393,0.0440500708376624,-0.0340296279706839,-0.0220453194492554,-0.00280723216299365,-0.0370606498815818,-0.0516956074810386,0.0380412858544062,0.0108260948850649,-0.0412601177587317,-0.0329869236242393,-0.0516956074810386,-0.0559984946317084
-0.314206644689943,0.050256695701538,0.0573154408085476,0.0462845049154698,0.0380412858544062,0.00437482574856112,0.050256695701538,-0.0648040043524309,0.00864709614391655,0.0204569167777617,0.0108260948850649,-0.0583715548354775,0.0573154408085476,0.00864709614391655,-0.0415689380807877,-0.0359017501014527,-0.0412601177587317,-0.0233038137494284,0.0462845049154698,0.0204569167777617,-0.0359017501014527,-0.0330747952652402,-0.0329869236242393,0.026194891747542,0.0380412858544062,0.0108260948850649,-0.0412601177587317,-0.0329869236242393,-0.0516956074810386,-0.0559984946317084,0.00437482574856112,-0.0583715548354775,-0.0233038137494284,0.026194891747542,-0.0559984946317084,-0.245947184383519
