"Mkt.RF","SMB","HML","RMW","CMA","Mom"
0.902632729324386,-0.180307755317743,-0.259616565593894,-0.0849703717677595,-0.169998588379249,0.0409818488208787
-0.180307755317743,0.294527097370855,0.0158821376667988,-0.0656988902100674,0.0113775267538644,0.0337073853877659
-0.259616565593894,0.0158821376667988,0.220527301605502,0.0399592960579489,0.129903545510759,-0.013606250471008
-0.0849703717677595,-0.0656988902100674,0.0399592960579489,0.168875924487232,0.0319620885720155,0.013997620580226
-0.169998588379249,0.0113775267538644,0.129903545510759,0.0319620885720155,0.158348730785536,0.0113866260452276
0.0409818488208787,0.0337073853877659,-0.013606250471008,0.013997620580226,0.0113866260452276,0.390879038812105
