"V1","V2","V3","V4","V5","V6","V7","V8","V9","V10","V11","V12","V13","V14","V15","V16","V17","V18","V19","V20","V21","V22","V23","V24","V25","V26","V27","V28","V29","V30","V31","V32","V33","V34","V35","V36"
-0.732547648989796,0.155247554974998,0.0564490792185364,0.035750923700844,-0.0203720718359366,-0.273064376429223,0.155247554974998,-0.0558095245749388,0.002772295497039,-0.0148303675981725,0.012490594300243,0.039673344289129,0.0564490792185364,0.002772295497039,0.0100268071330702,-0.0111905546434944,0.0140490196346315,0.0283281116640863,0.035750923700844,-0.0148303675981725,-0.0111905546434944,0.00644147133824844,-0.00506569039533906,0.0168483396483205,-0.0203720718359366,0.012490594300243,0.0140490196346315,-0.00506569039533906,0.0142944563610849,0.00945895862090922,-0.273064376429223,0.039673344289129,0.0283281116640863,0.0168483396483205,0.00945895862090922,-0.0319591776795767
0.155247554974998,-0.0558095245749388,0.002772295497039,-0.0148303675981725,0.012490594300243,0.039673344289129,-0.0558095245749388,-0.21927803378784,0.0413600205708945,0.0546791626842994,0.0367348830716473,-0.046564362861982,0.002772295497039,0.0413600205708945,-0.0163579491722523,-0.00592133409999216,-0.0132636886743031,-0.00251062112982913,-0.0148303675981725,0.0546791626842994,-0.00592133409999216,-0.0133512082369145,-0.00722660556261761,0.00194766193985871,0.012490594300243,0.0367348830716473,-0.0132636886743031,-0.00722660556261761,-0.0120637326586023,0.00498855170609966,0.039673344289129,-0.046564362861982,-0.00251062112982913,0.00194766193985871,0.00498855170609966,-0.00180488228829451
0.0564490792185364,0.002772295497039,0.0100268071330702,-0.0111905546434944,0.0140490196346315,0.0283281116640863,0.002772295497039,0.0413600205708945,-0.0163579491722523,-0.00592133409999216,-0.0132636886743031,-0.00251062112982913,0.0100268071330702,-0.0163579491722523,0.00397495714898054,0.00288818750073269,-0.00318890419579035,-0.0155280499918076,-0.0111905546434944,-0.00592133409999216,0.00288818750073269,0.00103444095263763,0.00303051134606851,0.000387600873434525,0.0140490196346315,-0.0132636886743031,-0.00318890419579035,0.00303051134606851,-0.00422038057398652,-0.00823888556792727,0.0283281116640863,-0.00251062112982913,-0.0155280499918076,0.000387600873434525,-0.00823888556792727,-0.000792524459929614
0.035750923700844,-0.0148303675981725,-0.0111905546434944,0.00644147133824844,-0.00506569039533906,0.0168483396483205,-0.0148303675981725,0.0546791626842994,-0.00592133409999216,-0.0133512082369145,-0.00722660556261761,0.00194766193985871,-0.0111905546434944,-0.00592133409999216,0.00288818750073269,0.00103444095263763,0.00303051134606851,0.000387600873434525,0.00644147133824844,-0.0133512082369145,0.00103444095263763,0.00418797149195802,0.00117574411168559,-0.00420887347992126,-0.00506569039533906,-0.00722660556261761,0.00303051134606851,0.00117574411168559,0.00263418535350322,0.00144439736680497,0.0168483396483205,0.00194766193985871,0.000387600873434525,-0.00420887347992126,0.00144439736680497,0.0057190589052747
-0.0203720718359366,0.012490594300243,0.0140490196346315,-0.00506569039533906,0.0142944563610849,0.00945895862090922,0.012490594300243,0.0367348830716473,-0.0132636886743031,-0.00722660556261761,-0.0120637326586023,0.00498855170609966,0.0140490196346315,-0.0132636886743031,-0.00318890419579035,0.00303051134606851,-0.00422038057398652,-0.00823888556792727,-0.00506569039533906,-0.00722660556261761,0.00303051134606851,0.00117574411168559,0.00263418535350322,0.00144439736680497,0.0142944563610849,-0.0120637326586023,-0.00422038057398652,0.00263418535350322,-0.00218858976113219,-0.00713265837421896,0.00945895862090922,0.00498855170609966,-0.00823888556792727,0.00144439736680497,-0.00713265837421896,-0.0122374226068334
-0.273064376429223,0.039673344289129,0.0283281116640863,0.0168483396483205,0.00945895862090922,-0.0319591776795767,0.039673344289129,-0.046564362861982,-0.00251062112982913,0.00194766193985871,0.00498855170609966,-0.00180488228829451,0.0283281116640863,-0.00251062112982913,-0.0155280499918076,0.000387600873434525,-0.00823888556792727,-0.000792524459929614,0.0168483396483205,0.00194766193985871,0.000387600873434525,-0.00420887347992126,0.00144439736680497,0.0057190589052747,0.00945895862090922,0.00498855170609966,-0.00823888556792727,0.00144439736680497,-0.00713265837421896,-0.0122374226068334,-0.0319591776795767,-0.00180488228829451,-0.000792524459929614,0.0057190589052747,-0.0122374226068334,-0.0812733731046705
