"V1","V2","V3","V4","V5","V6","V7","V8","V9","V10","V11","V12","V13","V14","V15","V16","V17","V18","V19","V20","V21","V22","V23","V24","V25","V26","V27","V28","V29","V30","V31","V32","V33","V34","V35","V36"
-0.786175387266347,0.11005696854202,0.048767872427287,0.0501838228143062,-0.0380178812618776,-0.31624716830577,0.11005696854202,-0.0284463976790716,0.0242716151282714,-0.00211052471189277,0.0346152371099899,0.0508754938276431,0.048767872427287,0.0242716151282714,0.00209927825464627,-0.0142168756472498,0.0251850991518356,0.0574330763841462,0.0501838228143062,-0.00211052471189277,-0.0142168756472498,-0.000881923230143445,0.00211300220428413,0.046139142001872,-0.0380178812618776,0.0346152371099899,0.0251850991518356,0.00211300220428413,0.0444724307050675,0.0384756320134768,-0.31624716830577,0.0508754938276431,0.0574330763841462,0.046139142001872,0.0384756320134768,0.00471376588939376
0.11005696854202,-0.0284463976790716,0.0242716151282714,-0.00211052471189277,0.0346152371099899,0.0508754938276431,-0.0284463976790716,-0.250532005071206,0.0386946770785001,0.070597480735199,0.039727490411539,-0.0648770657007252,0.0242716151282714,0.0386946770785001,-0.0377993704749824,-0.0185184077613967,-0.0332959814787821,0.00869684988888731,-0.00211052471189277,0.070597480735199,-0.0185184077613967,-0.0348309534620975,-0.0213667875774124,0.0203703063183691,0.0346152371099899,0.039727490411539,-0.0332959814787821,-0.0213667875774124,-0.0339653991728009,0.0108027975477283,0.0508754938276431,-0.0648770657007252,0.00869684988888731,0.0203703063183691,0.0108027975477283,-0.0585364828790556
0.048767872427287,0.0242716151282714,0.00209927825464627,-0.0142168756472498,0.0251850991518356,0.0574330763841462,0.0242716151282714,0.0386946770785001,-0.0377993704749824,-0.0185184077613967,-0.0332959814787821,0.00869684988888731,0.00209927825464627,-0.0377993704749824,0.0122984075706123,0.0202131550028689,-0.00694055800276492,-0.0415648148404234,-0.0142168756472498,-0.0185184077613967,0.0202131550028689,0.0131247151658257,0.00803986536691411,-0.0358790183018202,0.0251850991518356,-0.0332959814787821,-0.00694055800276492,0.00803986536691411,-0.022210074292365,-0.0413020872136658,0.0574330763841462,0.00869684988888731,-0.0415648148404234,-0.0358790183018202,-0.0413020872136658,-0.0233266098869783
0.0501838228143062,-0.00211052471189277,-0.0142168756472498,-0.000881923230143445,0.00211300220428413,0.046139142001872,-0.00211052471189277,0.070597480735199,-0.0185184077613967,-0.0348309534620975,-0.0213667875774124,0.0203703063183691,-0.0142168756472498,-0.0185184077613967,0.0202131550028689,0.0131247151658257,0.00803986536691411,-0.0358790183018202,-0.000881923230143445,-0.0348309534620975,0.0131247151658257,0.0331027113841804,0.00776919806252504,-0.032938008030272,0.00211300220428413,-0.0213667875774124,0.00803986536691411,0.00776919806252504,-0.00293919948557958,-0.0330524942943075,0.046139142001872,0.0203703063183691,-0.0358790183018202,-0.032938008030272,-0.0330524942943075,0.0264327334883154
-0.0380178812618776,0.0346152371099899,0.0251850991518356,0.00211300220428413,0.0444724307050675,0.0384756320134768,0.0346152371099899,0.039727490411539,-0.0332959814787821,-0.0213667875774124,-0.0339653991728009,0.0108027975477283,0.0251850991518356,-0.0332959814787821,-0.00694055800276492,0.00803986536691411,-0.022210074292365,-0.0413020872136658,0.00211300220428413,-0.0213667875774124,0.00803986536691411,0.00776919806252504,-0.00293919948557958,-0.0330524942943075,0.0444724307050675,-0.0339653991728009,-0.022210074292365,-0.00293919948557958,-0.0371581861826054,-0.0517914943380029,0.0384756320134768,0.0108027975477283,-0.0413020872136658,-0.0330524942943075,-0.0517914943380029,-0.0562525823460943
-0.31624716830577,0.0508754938276431,0.0574330763841462,0.046139142001872,0.0384756320134768,0.00471376588939376,0.0508754938276431,-0.0648770657007252,0.00869684988888731,0.0203703063183691,0.0108027975477283,-0.0585364828790556,0.0574330763841462,0.00869684988888731,-0.0415648148404234,-0.0358790183018202,-0.0413020872136658,-0.0233266098869783,0.046139142001872,0.0203703063183691,-0.0358790183018202,-0.032938008030272,-0.0330524942943075,0.0264327334883154,0.0384756320134768,0.0108027975477283,-0.0413020872136658,-0.0330524942943075,-0.0517914943380029,-0.0562525823460943,0.00471376588939376,-0.0585364828790556,-0.0233266098869783,0.0264327334883154,-0.0562525823460943,-0.24636347639526
