"Mkt.RF","SMB","HML","RMW","CMA","Mom"
1.18016363960589,-0.02050791495869,-0.0389963416881729,-0.170503086897766,-0.154483899939142,-0.191797964346681
-0.02050791495869,0.316751276466111,0.0200544877850329,-0.0731366922088691,0.0107985998544784,0.008286365755612
-0.0389963416881729,0.0200544877850329,0.341302727999717,0.0107314725729803,0.116405275776376,-0.159196938291889
-0.170503086897766,-0.0731366922088691,0.0107314725729803,0.201308264514245,0.0405334211314908,0.0541820323878966
-0.154483899939142,0.0107985998544784,0.116405275776376,0.0405334211314908,0.163934266362848,0.0172220968638504
-0.191797964346681,0.008286365755612,-0.159196938291889,0.0541820323878966,0.0172220968638504,0.691676238158043
