"Mkt.RF","SMB","HML","RMW","CMA","Mom"
0.683920811823169,-0.123039169627974,-0.164189577507364,0.0387829935339046,-0.107535688399442,0.0489739920970139
-0.123039169627974,0.209369229960628,0.0199932559684718,-0.0317719084135334,-0.000330918299334367,0.00827763947464917
-0.164189577507364,0.0199932559684718,0.142175077058564,-0.0407657611619948,0.0773984432258885,-0.00925716493246719
0.0387829935339046,-0.0317719084135334,-0.0407657611619948,0.059603967355896,-0.0295177875478665,0.00952781816534907
-0.107535688399442,-0.000330918299334367,0.0773984432258885,-0.0295177875478665,0.0922057496221901,-0.00351373810961174
0.0489739920970139,0.00827763947464917,-0.00925716493246719,0.00952781816534907,-0.00351373810961174,0.233571936744696
