"V1","V2","V3","V4","V5","V6","V7","V8","V9","V10","V11","V12","V13","V14","V15","V16","V17","V18","V19","V20","V21","V22","V23","V24","V25","V26","V27","V28","V29","V30","V31","V32","V33","V34","V35","V36"
-1.10764508718803e-06,1.51500157325956e-07,7.30285206898517e-08,6.12934355460575e-08,-3.20822668183055e-08,-3.68413981323248e-07,1.51500157325956e-07,-2.89947594397177e-08,2.44300696314423e-08,-5.01525421329856e-09,3.44417965925501e-08,5.8443807818261e-08,7.30285206898517e-08,2.44300696314423e-08,5.07217407902261e-09,-1.44613577908117e-08,2.88612029079425e-08,6.28360733280517e-08,6.12934355460575e-08,-5.01525421329856e-09,-1.44613577908117e-08,-5.31126079377238e-10,3.44396575653701e-09,4.74705422467631e-08,-3.20822668183055e-08,3.44417965925501e-08,2.88612029079425e-08,3.44396575653701e-09,4.76356483767317e-08,4.41615098236907e-08,-3.68413981323248e-07,5.8443807818261e-08,6.28360733280517e-08,4.74705422467631e-08,4.41615098236907e-08,-5.21140971255191e-09
1.51500157325956e-07,-2.89947594397177e-08,2.44300696314423e-08,-5.01525421329856e-09,3.44417965925501e-08,5.8443807818261e-08,-2.89947594397177e-08,-2.94089918411406e-07,4.35255990343103e-08,7.43746305615281e-08,4.45989082523275e-08,-6.86920019783741e-08,2.44300696314423e-08,4.35255990343103e-08,-3.68982220052698e-08,-1.94791627124989e-08,-3.24035378349314e-08,7.91236856229295e-09,-5.01525421329856e-09,7.43746305615281e-08,-1.94791627124989e-08,-3.22648011061879e-08,-2.26691187203553e-08,2.20027465570902e-08,3.44417965925501e-08,4.45989082523275e-08,-3.24035378349314e-08,-2.26691187203553e-08,-3.31495249687746e-08,1.07168688676096e-08,5.8443807818261e-08,-6.86920019783741e-08,7.91236856229295e-09,2.20027465570902e-08,1.07168688676096e-08,-6.1420923134923e-08
7.30285206898517e-08,2.44300696314423e-08,5.07217407902261e-09,-1.44613577908117e-08,2.88612029079425e-08,6.28360733280517e-08,2.44300696314423e-08,4.35255990343103e-08,-3.68982220052698e-08,-1.94791627124989e-08,-3.24035378349314e-08,7.91236856229295e-09,5.07217407902261e-09,-3.68982220052698e-08,6.30370241950188e-09,1.61845793184202e-08,-1.15799890360428e-08,-4.65250270632799e-08,-1.44613577908117e-08,-1.94791627124989e-08,1.61845793184202e-08,1.09942200943364e-08,4.07941034488821e-09,-3.61073042322898e-08,2.88612029079425e-08,-3.24035378349314e-08,-1.15799890360428e-08,4.07941034488821e-09,-2.66511196783124e-08,-4.70501654141862e-08,6.28360733280517e-08,7.91236856229295e-09,-4.65250270632799e-08,-3.61073042322898e-08,-4.70501654141862e-08,-2.71287427528337e-08
6.12934355460575e-08,-5.01525421329856e-09,-1.44613577908117e-08,-5.31126079377238e-10,3.44396575653701e-09,4.74705422467631e-08,-5.01525421329856e-09,7.43746305615281e-08,-1.94791627124989e-08,-3.22648011061879e-08,-2.26691187203553e-08,2.20027465570902e-08,-1.44613577908117e-08,-1.94791627124989e-08,1.61845793184202e-08,1.09942200943364e-08,4.07941034488821e-09,-3.61073042322898e-08,-5.31126079377238e-10,-3.22648011061879e-08,1.09942200943364e-08,2.74583929984408e-08,5.62723042893386e-09,-3.3704875644808e-08,3.44396575653701e-09,-2.26691187203553e-08,4.07941034488821e-09,5.62723042893386e-09,-7.01823562256064e-09,-3.59344223792056e-08,4.74705422467631e-08,2.20027465570902e-08,-3.61073042322898e-08,-3.3704875644808e-08,-3.59344223792056e-08,2.34272427952772e-08
-3.20822668183055e-08,3.44417965925501e-08,2.88612029079425e-08,3.44396575653701e-09,4.76356483767317e-08,4.41615098236907e-08,3.44417965925501e-08,4.45989082523275e-08,-3.24035378349314e-08,-2.26691187203553e-08,-3.31495249687746e-08,1.07168688676096e-08,2.88612029079425e-08,-3.24035378349314e-08,-1.15799890360428e-08,4.07941034488821e-09,-2.66511196783124e-08,-4.70501654141862e-08,3.44396575653701e-09,-2.26691187203553e-08,4.07941034488821e-09,5.62723042893386e-09,-7.01823562256064e-09,-3.59344223792056e-08,4.76356483767317e-08,-3.31495249687746e-08,-2.66511196783124e-08,-7.01823562256064e-09,-4.25419980299974e-08,-5.79711520573105e-08,4.41615098236907e-08,1.07168688676096e-08,-4.70501654141862e-08,-3.59344223792056e-08,-5.79711520573105e-08,-6.3209552622967e-08
-3.68413981323248e-07,5.8443807818261e-08,6.28360733280517e-08,4.74705422467631e-08,4.41615098236907e-08,-5.21140971255191e-09,5.8443807818261e-08,-6.86920019783741e-08,7.91236856229295e-09,2.20027465570902e-08,1.07168688676096e-08,-6.1420923134923e-08,6.28360733280517e-08,7.91236856229295e-09,-4.65250270632799e-08,-3.61073042322898e-08,-4.70501654141862e-08,-2.71287427528337e-08,4.74705422467631e-08,2.20027465570902e-08,-3.61073042322898e-08,-3.3704875644808e-08,-3.59344223792056e-08,2.34272427952772e-08,4.41615098236907e-08,1.07168688676096e-08,-4.70501654141862e-08,-3.59344223792056e-08,-5.79711520573105e-08,-6.3209552622967e-08,-5.21140971255191e-09,-6.1420923134923e-08,-2.71287427528337e-08,2.34272427952772e-08,-6.3209552622967e-08,-2.82754822978217e-07
