"Mkt.RF","SMB","HML","RMW","CMA","Mom"
1.25595306147948,-0.0731383340131207,-0.069389091678443,-0.162849332330145,-0.160101156317406,-0.150472161249049
-0.0731383340131207,0.34355735029189,0.0201725178258743,-0.074418254431751,0.00672298652310675,0.00944031904104432
-0.069389091678443,0.0201725178258743,0.329475044280423,0.0120763763756531,0.114324155797487,-0.151166218623102
-0.162849332330145,-0.074418254431751,0.0120763763756531,0.194407327015063,0.0400358913966846,0.0516291469811944
-0.160101156317406,0.00672298652310675,0.114324155797487,0.0400358913966846,0.16209959870905,0.0206526372014193
-0.150472161249049,0.00944031904104432,-0.151166218623102,0.0516291469811944,0.0206526372014193,0.649244552304619
