"V1","V2","V3","V4","V5","V6","V7","V8","V9","V10","V11","V12","V13","V14","V15","V16","V17","V18","V19","V20","V21","V22","V23","V24","V25","V26","V27","V28","V29","V30","V31","V32","V33","V34","V35","V36"
-0.806923395457773,0.155539397007801,0.0690240545058249,0.0494768157601644,-0.00669919064263034,-0.27280292198116,0.155539397007801,-0.0502377313319517,0.00894069516459611,-0.0131770743636853,0.0174936359957261,0.0434860911809158,0.0690240545058249,0.00894069516459611,0.00510108063275377,-0.0170187997086677,0.00956650646538942,0.0305408429721588,0.0494768157601644,-0.0131770743636853,-0.0170187997086677,0.00401777371816965,-0.00958731953834766,0.0219828414076703,-0.00669919064263034,0.0174936359957261,0.00956650646538942,-0.00958731953834766,0.00949955744893485,0.00984472560311935,-0.27280292198116,0.0434860911809158,0.0305408429721588,0.0219828414076703,0.00984472560311935,-0.0327925285507472
0.155539397007801,-0.0502377313319517,0.00894069516459611,-0.0131770743636853,0.0174936359957261,0.0434860911809158,-0.0502377313319517,-0.213449308701964,0.0392951150109574,0.0541840712852022,0.0348484046357494,-0.0435887893301846,0.00894069516459611,0.0392951150109574,-0.0197108574206308,-0.00737852940901699,-0.0157909652345111,0.000195197897572387,-0.0131770743636853,0.0541840712852022,-0.00737852940901699,-0.013265278209411,-0.00861168420073041,0.00219983607620692,0.0174936359957261,0.0348484046357494,-0.0157909652345111,-0.00861168420073041,-0.0156079407888769,0.0046717525381555,0.0434860911809158,-0.0435887893301846,0.000195197897572387,0.00219983607620692,0.0046717525381555,0.00637420313985684
0.0690240545058249,0.00894069516459611,0.00510108063275377,-0.0170187997086677,0.00956650646538942,0.0305408429721588,0.00894069516459611,0.0392951150109574,-0.0197108574206308,-0.00737852940901699,-0.0157909652345111,0.000195197897572387,0.00510108063275377,-0.0197108574206308,0.00693042023615071,0.00754709490951659,-9.85597798351699e-05,-0.0227299127427208,-0.0170187997086677,-0.00737852940901699,0.00754709490951659,0.00345366091401531,0.00636351641146059,-0.00447489724431641,0.00956650646538942,-0.0157909652345111,-9.85597798351699e-05,0.00636351641146059,-0.00168354208180251,-0.0120233485919434,0.0305408429721588,0.000195197897572387,-0.0227299127427208,-0.00447489724431641,-0.0120233485919434,0.00696669409839387
0.0494768157601644,-0.0131770743636853,-0.0170187997086677,0.00401777371816965,-0.00958731953834766,0.0219828414076703,-0.0131770743636853,0.0541840712852022,-0.00737852940901699,-0.013265278209411,-0.00861168420073041,0.00219983607620692,-0.0170187997086677,-0.00737852940901699,0.00754709490951659,0.00345366091401531,0.00636351641146059,-0.00447489724431641,0.00401777371816965,-0.013265278209411,0.00345366091401531,0.00448111398032421,0.00243807146910447,-0.00695779129064939,-0.00958731953834766,-0.00861168420073041,0.00636351641146059,0.00243807146910447,0.00525924354605595,-0.0021595945465892,0.0219828414076703,0.00219983607620692,-0.00447489724431641,-0.00695779129064939,-0.0021595945465892,0.0118499241662966
-0.00669919064263034,0.0174936359957261,0.00956650646538942,-0.00958731953834766,0.00949955744893485,0.00984472560311935,0.0174936359957261,0.0348484046357494,-0.0157909652345111,-0.00861168420073041,-0.0156079407888769,0.0046717525381555,0.00956650646538942,-0.0157909652345111,-9.85597798351699e-05,0.00636351641146059,-0.00168354208180251,-0.0120233485919434,-0.00958731953834766,-0.00861168420073041,0.00636351641146059,0.00243807146910447,0.00525924354605595,-0.0021595945465892,0.00949955744893485,-0.0156079407888769,-0.00168354208180251,0.00525924354605595,0.000216835312608541,-0.00858890437996666,0.00984472560311935,0.0046717525381555,-0.0120233485919434,-0.0021595945465892,-0.00858890437996666,-0.0086916940693396
-0.27280292198116,0.0434860911809158,0.0305408429721588,0.0219828414076703,0.00984472560311935,-0.0327925285507472,0.0434860911809158,-0.0435887893301846,0.000195197897572387,0.00219983607620692,0.0046717525381555,0.00637420313985684,0.0305408429721588,0.000195197897572387,-0.0227299127427208,-0.00447489724431641,-0.0120233485919434,0.00696669409839387,0.0219828414076703,0.00219983607620692,-0.00447489724431641,-0.00695779129064939,-0.0021595945465892,0.0118499241662966,0.00984472560311935,0.0046717525381555,-0.0120233485919434,-0.0021595945465892,-0.00858890437996666,-0.0086916940693396,-0.0327925285507472,0.00637420313985684,0.00696669409839387,0.0118499241662966,-0.0086916940693396,-0.10079838688286
