"Mkt.RF","SMB","HML","RMW","CMA","MOM"
0.000126749908353727,-1.1625634469955e-05,-1.04052010521909e-05,-1.46938329006984e-05,-1.68477059905243e-05,-1.57704249611214e-05
-1.1625634469955e-05,3.46282327767821e-05,2.79660338771949e-06,-6.99817030767624e-06,1.36700344332105e-06,1.73864835651961e-06
-1.04052010521909e-05,2.79660338771949e-06,3.37236601521002e-05,1.10405828310649e-06,1.21375198833151e-05,-1.33729388083665e-05
-1.46938329006984e-05,-6.99817030767624e-06,1.10405828310649e-06,1.90055822740428e-05,3.54465309951762e-06,4.70388207695734e-06
-1.68477059905243e-05,1.36700344332105e-06,1.21375198833151e-05,3.54465309951762e-06,1.65956362651689e-05,2.90406047456907e-06
-1.57704249611214e-05,1.73864835651961e-06,-1.33729388083665e-05,4.70388207695734e-06,2.90406047456907e-06,6.48807521206961e-05
