"Mkt.RF","SMB","HML","RMW","CMA","Mom"
0.946704413458707,-0.206043075581358,-0.265267718516727,-0.078176083122896,-0.179695576045167,0.0252049162430431
-0.206043075581358,0.300073222706887,0.0237580539162994,-0.067925533657502,0.0153017882578473,0.0331048375343144
-0.265267718516727,0.0237580539162994,0.225441876054259,0.0349475091404783,0.134450678357962,-0.0138559832072454
-0.078176083122896,-0.067925533657502,0.0349475091404783,0.168239278969893,0.0305010058653693,0.00983754091682806
-0.179695576045167,0.0153017882578473,0.134450678357962,0.0305010058653693,0.161844628843962,0.0170242893202877
0.0252049162430431,0.0331048375343144,-0.0138559832072454,0.00983754091682806,0.0170242893202877,0.39202004576653
