"Mkt.RF","SMB","HML","RMW","CMA","Mom"
0.915973787895527,-0.167469094898488,-0.262009887685866,-0.0850228595328962,-0.17233387653142,0.047236536278392
-0.167469094898488,0.301847496001995,0.012922389908919,-0.0655387517428823,0.00956212968213353,0.0366544847011196
-0.262009887685866,0.012922389908919,0.220600931073053,0.0415894434522516,0.12935711042731,-0.0152986744233981
-0.0850228595328962,-0.0655387517428823,0.0415894434522516,0.1700837852235,0.0321680330723962,0.0155799341505093
-0.17233387653142,0.00956212968213353,0.12935711042731,0.0321680330723962,0.159274080137766,0.0100956028684059
0.047236536278392,0.0366544847011196,-0.0152986744233981,0.0155799341505093,0.0100956028684059,0.400099247418684
