"Mkt.RF","SMB","HML","RMW","CMA","MOM"
9.14565381245031e-05,-1.73955522055836e-05,-2.63180685459683e-05,-8.58113986479412e-06,-1.71187119283857e-05,4.63347554821943e-06
-1.73955522055836e-05,3.01278691036384e-05,1.41823980119506e-06,-6.58761961048573e-06,1.07490678761944e-06,3.85353738962778e-06
-2.63180685459683e-05,1.41823980119506e-06,2.19646571667084e-05,4.06369267651915e-06,1.29291615624308e-05,-1.42789889529491e-06
-8.58113986479412e-06,-6.58761961048573e-06,4.06369267651915e-06,1.69278365700201e-05,3.18782659611694e-06,1.46924273166115e-06
-1.71187119283857e-05,1.07490678761944e-06,1.29291615624308e-05,3.18782659611694e-06,1.58700557535139e-05,1.06486483566519e-06
4.63347554821943e-06,3.85353738962778e-06,-1.42789889529491e-06,1.46924273166115e-06,1.06486483566519e-06,3.9925987419076e-05
