"V1","V2","V3","V4","V5","V6","V7","V8","V9","V10","V11","V12","V13","V14","V15","V16","V17","V18","V19","V20","V21","V22","V23","V24","V25","V26","V27","V28","V29","V30","V31","V32","V33","V34","V35","V36"
-0.842410208603578,0.133126340933508,0.0859618989432239,0.0614600773154184,-0.00587030623810371,-0.277191254132768,0.133126340933508,-0.0385720871877876,0.0193718191398512,-0.00644156521078146,0.0271019627562943,0.0412880437773213,0.0859618989432239,0.0193718191398512,-0.0066692983877041,-0.0222198240981718,0.005714397559182,0.0274264026912976,0.0614600773154184,-0.00644156521078146,-0.0222198240981718,-0.0058302285999518,-0.00964760134818649,0.0294670840114122,-0.00587030623810371,0.0271019627562943,0.005714397559182,-0.00964760134818649,0.0125178757809391,0.00323392739556146,-0.277191254132768,0.0412880437773213,0.0274264026912976,0.0294670840114122,0.00323392739556146,-0.0479283107749364
0.133126340933508,-0.0385720871877876,0.0193718191398512,-0.00644156521078146,0.0271019627562943,0.0412880437773213,-0.0385720871877876,-0.239232317935385,0.0427281369263037,0.0689675772127634,0.0418227760852668,-0.0615704951528403,0.0193718191398512,0.0427281369263037,-0.0305832019447598,-0.0188001934151625,-0.025957222551267,0.0133487272983807,-0.00644156521078146,0.0689675772127634,-0.0188001934151625,-0.0316547443092277,-0.0211312581988294,0.0261906591949804,0.0271019627562943,0.0418227760852668,-0.025957222551267,-0.0211312581988294,-0.0256520272219016,0.0183393510712976,0.0412880437773213,-0.0615704951528403,0.0133487272983807,0.0261906591949804,0.0183393510712976,-0.0386783619888053
0.0859618989432239,0.0193718191398512,-0.0066692983877041,-0.0222198240981718,0.005714397559182,0.0274264026912976,0.0193718191398512,0.0427281369263037,-0.0305832019447598,-0.0188001934151625,-0.025957222551267,0.0133487272983807,-0.0066692983877041,-0.0305832019447598,0.0201605905126725,0.0167873542218997,0.00836698050170852,-0.0248119910886154,-0.0222198240981718,-0.0188001934151625,0.0167873542218997,0.0169152143670918,0.0127626917358539,-0.0209435403972956,0.005714397559182,-0.025957222551267,0.00836698050170852,0.0127626917358539,0.00205220616899374,-0.0131072028541802,0.0274264026912976,0.0133487272983807,-0.0248119910886154,-0.0209435403972956,-0.0131072028541802,0.0296243974043883
0.0614600773154184,-0.00644156521078146,-0.0222198240981718,-0.0058302285999518,-0.00964760134818649,0.0294670840114122,-0.00644156521078146,0.0689675772127634,-0.0188001934151625,-0.0316547443092277,-0.0211312581988294,0.0261906591949804,-0.0222198240981718,-0.0188001934151625,0.0167873542218997,0.0169152143670918,0.0127626917358539,-0.0209435403972956,-0.0058302285999518,-0.0316547443092277,0.0169152143670918,0.0270415101359597,0.0145370930164789,-0.0313497704802666,-0.00964760134818649,-0.0211312581988294,0.0127626917358539,0.0145370930164789,0.00855730655746644,-0.0173147689933437,0.0294670840114122,0.0261906591949804,-0.0209435403972956,-0.0313497704802666,-0.0173147689933437,0.0472146408299509
-0.00587030623810371,0.0271019627562943,0.005714397559182,-0.00964760134818649,0.0125178757809391,0.00323392739556146,0.0271019627562943,0.0418227760852668,-0.025957222551267,-0.0211312581988294,-0.0256520272219016,0.0183393510712976,0.005714397559182,-0.025957222551267,0.00836698050170852,0.0127626917358539,0.00205220616899374,-0.0131072028541802,-0.00964760134818649,-0.0211312581988294,0.0127626917358539,0.0145370930164789,0.00855730655746644,-0.0173147689933437,0.0125178757809391,-0.0256520272219016,0.00205220616899374,0.00855730655746644,0.000186930999539098,-0.00756060697177681,0.00323392739556146,0.0183393510712976,-0.0131072028541802,-0.0173147689933437,-0.00756060697177681,0.0107263868217608
-0.277191254132768,0.0412880437773213,0.0274264026912976,0.0294670840114122,0.00323392739556146,-0.0479283107749364,0.0412880437773213,-0.0615704951528403,0.0133487272983807,0.0261906591949804,0.0183393510712976,-0.0386783619888053,0.0274264026912976,0.0133487272983807,-0.0248119910886154,-0.0209435403972956,-0.0131072028541802,0.0296243974043883,0.0294670840114122,0.0261906591949804,-0.0209435403972956,-0.0313497704802666,-0.0173147689933437,0.0472146408299509,0.00323392739556146,0.0183393510712976,-0.0131072028541802,-0.0173147689933437,-0.00756060697177681,0.0107263868217608,-0.0479283107749364,-0.0386783619888053,0.0296243974043883,0.0472146408299509,0.0107263868217608,-0.136737295123503
