"Mkt.RF","SMB","HML","RMW","CMA","Mom"
0.80248512604165,-0.183590103231686,-0.217825621570848,0.00661949456632622,-0.139903986128149,0.0907899991430665
-0.183590103231686,0.270420790469643,0.0214348338116279,-0.0603653482003437,0.00427261450053606,0.00623331522777763
-0.217825621570848,0.0214348338116279,0.175571727206137,-0.010847506688357,0.0972043608140205,-0.0466034871851795
0.00661949456632622,-0.0603653482003437,-0.010847506688357,0.0917432197695774,-0.004789549914455,-0.0318547520730896
-0.139903986128149,0.00427261450053606,0.0972043608140205,-0.004789549914455,0.111840116886773,-0.0199420110326258
0.0907899991430665,0.00623331522777763,-0.0466034871851795,-0.0318547520730896,-0.0199420110326258,0.273141716907228
