"Mkt.RF","SMB","HML","RMW","CMA","Mom"
1.27598156696656,-0.0567760025292627,-0.060430664032687,-0.16797369416341,-0.161250711340302,-0.167683095812667
-0.0567760025292627,0.350596464093528,0.0184618518349808,-0.0777212730156885,0.00655445503307048,0.00079277100695617
-0.060430664032687,0.0184618518349808,0.342556090128458,0.0119534092321579,0.118313910442249,-0.16396450388526
-0.16797369416341,-0.0777212730156885,0.0119534092321579,0.200067710800835,0.0413734642312303,0.0547897882222435
-0.161250711340302,0.00655445503307048,0.118313910442249,0.0413734642312303,0.165003199536523,0.0185278671484343
-0.167683095812667,0.00079277100695617,-0.16396450388526,0.0547897882222435,0.0185278671484343,0.695566748949733
