"V1","V2","V3","V4","V5","V6","V7","V8","V9","V10","V11","V12","V13","V14","V15","V16","V17","V18","V19","V20","V21","V22","V23","V24","V25","V26","V27","V28","V29","V30","V31","V32","V33","V34","V35","V36"
-4.37230068216152e-07,-1.60601217860852e-07,-1.37605219783155e-07,8.8010688280263e-08,1.10965538371974e-08,-5.95220352565358e-08,-1.60601217860852e-07,5.8890270500629e-08,4.74295541600215e-08,5.40954325894607e-11,2.81201269740089e-08,-2.56254573837562e-08,-1.37605219783155e-07,4.74295541600215e-08,-8.67815457367142e-09,-1.38011902822836e-08,1.45103803291036e-08,2.39353032065682e-09,8.8010688280263e-08,5.40954325894607e-11,-1.38011902822836e-08,1.48908268425341e-09,3.08530410735261e-09,4.35974366430227e-08,1.10965538371974e-08,2.81201269740089e-08,1.45103803291036e-08,3.08530410735261e-09,3.73308567708198e-08,4.11841698040418e-08,-5.95220352565358e-08,-2.56254573837562e-08,2.39353032065682e-09,4.35974366430227e-08,4.11841698040418e-08,1.81513113382239e-07
-1.60601217860852e-07,5.8890270500629e-08,4.74295541600215e-08,5.40954325894607e-11,2.81201269740089e-08,-2.56254573837562e-08,5.8890270500629e-08,-3.77179183833084e-08,7.66712532733525e-09,1.7337632455649e-08,8.36791386024108e-10,-5.35180598665333e-08,4.74295541600215e-08,7.66712532733525e-09,-8.56376079732252e-09,-1.77901173771919e-08,-2.02831884271827e-08,-1.3048615189554e-08,5.40954325894607e-11,1.7337632455649e-08,-1.77901173771919e-08,-2.16734822898858e-08,-1.42609127970989e-08,2.92639969912436e-08,2.81201269740089e-08,8.36791386024108e-10,-2.02831884271827e-08,-1.42609127970989e-08,-2.27690764873494e-08,6.77378411626503e-09,-2.56254573837562e-08,-5.35180598665333e-08,-1.3048615189554e-08,2.92639969912436e-08,6.77378411626503e-09,-1.55599955118073e-08
-1.37605219783155e-07,4.74295541600215e-08,-8.67815457367142e-09,-1.38011902822836e-08,1.45103803291036e-08,2.39353032065682e-09,4.74295541600215e-08,7.66712532733525e-09,-8.56376079732252e-09,-1.77901173771919e-08,-2.02831884271827e-08,-1.3048615189554e-08,-8.67815457367142e-09,-8.56376079732252e-09,6.93588898704161e-08,-1.60120099468632e-09,-8.15240123013433e-09,-1.59313574390832e-07,-1.38011902822836e-08,-1.77901173771919e-08,-1.60120099468632e-09,2.34700169532492e-08,5.81639432939135e-09,-1.08102910386142e-08,1.45103803291036e-08,-2.02831884271827e-08,-8.15240123013433e-09,5.81639432939135e-09,-1.642622264269e-08,-4.28863437046306e-08,2.39353032065682e-09,-1.3048615189554e-08,-1.59313574390832e-07,-1.08102910386142e-08,-4.28863437046306e-08,1.6711478909236e-07
8.8010688280263e-08,5.40954325894607e-11,-1.38011902822836e-08,1.48908268425341e-09,3.08530410735261e-09,4.35974366430227e-08,5.40954325894607e-11,1.7337632455649e-08,-1.77901173771919e-08,-2.16734822898858e-08,-1.42609127970989e-08,2.92639969912436e-08,-1.38011902822836e-08,-1.77901173771919e-08,-1.60120099468632e-09,2.34700169532492e-08,5.81639432939135e-09,-1.08102910386142e-08,1.48908268425341e-09,-2.16734822898858e-08,2.34700169532492e-08,1.87667580360527e-08,5.13273468298066e-09,-4.83278638357904e-08,3.08530410735261e-09,-1.42609127970989e-08,5.81639432939135e-09,5.13273468298066e-09,-7.18498131083621e-09,-3.69474081951013e-08,4.35974366430227e-08,2.92639969912436e-08,-1.08102910386142e-08,-4.83278638357904e-08,-3.69474081951013e-08,-1.75865152413261e-08
1.10965538371974e-08,2.81201269740089e-08,1.45103803291036e-08,3.08530410735261e-09,3.73308567708198e-08,4.11841698040418e-08,2.81201269740089e-08,8.36791386024108e-10,-2.02831884271827e-08,-1.42609127970989e-08,-2.27690764873494e-08,6.77378411626503e-09,1.45103803291036e-08,-2.02831884271827e-08,-8.15240123013433e-09,5.81639432939135e-09,-1.642622264269e-08,-4.28863437046306e-08,3.08530410735261e-09,-1.42609127970989e-08,5.81639432939135e-09,5.13273468298066e-09,-7.18498131083621e-09,-3.69474081951013e-08,3.73308567708198e-08,-2.27690764873494e-08,-1.642622264269e-08,-7.18498131083621e-09,-3.66134940103735e-08,-6.43696506720095e-08,4.11841698040418e-08,6.77378411626503e-09,-4.28863437046306e-08,-3.69474081951013e-08,-6.43696506720095e-08,-6.38461619530042e-08
-5.95220352565358e-08,-2.56254573837562e-08,2.39353032065682e-09,4.35974366430227e-08,4.11841698040418e-08,1.81513113382239e-07,-2.56254573837562e-08,-5.35180598665333e-08,-1.3048615189554e-08,2.92639969912436e-08,6.77378411626503e-09,-1.55599955118073e-08,2.39353032065682e-09,-1.3048615189554e-08,-1.59313574390832e-07,-1.08102910386142e-08,-4.28863437046306e-08,1.6711478909236e-07,4.35974366430227e-08,2.92639969912436e-08,-1.08102910386142e-08,-4.83278638357904e-08,-3.69474081951013e-08,-1.75865152413261e-08,4.11841698040418e-08,6.77378411626503e-09,-4.28863437046306e-08,-3.69474081951013e-08,-6.43696506720095e-08,-6.38461619530042e-08,1.81513113382239e-07,-1.55599955118073e-08,1.6711478909236e-07,-1.75865152413261e-08,-6.38461619530042e-08,-6.36525445544729e-07
