"Mkt.RF","SMB","HML","RMW","CMA","Mom"
1.27763561245175,-0.0573255362230666,-0.0612893987241639,-0.167858782651827,-0.161533200053126,-0.168202943627565
-0.0573255362230666,0.349931530682145,0.0180157059709414,-0.0775600413666745,0.00646274593248935,0.000354788539012201
-0.0612893987241639,0.0180157059709414,0.342165121439341,0.0120547308399885,0.118314433049498,-0.164515449498258
-0.167858782651827,-0.0775600413666745,0.0120547308399885,0.199884586559269,0.0413543200006004,0.0548763790040478
-0.161533200053126,0.00646274593248935,0.118314433049498,0.0413543200006004,0.165038651371713,0.0184057517339813
-0.168202943627565,0.000354788539012201,-0.164515449498258,0.0548763790040478,0.0184057517339813,0.694993028296432
