"V1","V2","V3","V4","V5","V6","V7","V8","V9","V10","V11","V12","V13","V14","V15","V16","V17","V18","V19","V20","V21","V22","V23","V24","V25","V26","V27","V28","V29","V30","V31","V32","V33","V34","V35","V36"
-0.78746089224591,0.105773469898898,0.0494703190843614,0.0481525065582962,-0.0370642511020734,-0.316723562218849,0.105773469898898,-0.0266854734939215,0.0257443928455144,-0.00386069473147449,0.0349803223594518,0.0520477858674465,0.0494703190843614,0.0257443928455144,0.00403773558027331,-0.0145100414415115,0.0270753851961857,0.0579045467525357,0.0481525065582962,-0.00386069473147449,-0.0145100414415115,0.00057002383315582,0.0018139074354826,0.046980081273954,-0.0370642511020734,0.0349803223594518,0.0270753851961857,0.0018139074354826,0.0460050902840087,0.038770546480576,-0.316723562218849,0.0520477858674465,0.0579045467525357,0.046980081273954,0.038770546480576,0.0104713168187682
0.105773469898898,-0.0266854734939215,0.0257443928455144,-0.00386069473147449,0.0349803223594518,0.0520477858674465,-0.0266854734939215,-0.247504283337268,0.0399577408204295,0.0688447425746913,0.0407525397295575,-0.0656143460949554,0.0257443928455144,0.0399577408204295,-0.0362224685583689,-0.0196236474864205,-0.0318006489996627,0.00788684957402365,-0.00386069473147449,0.0688447425746913,-0.0196236474864205,-0.0333381511080773,-0.0225043301597066,0.0210152290104686,0.0349803223594518,0.0407525397295575,-0.0318006489996627,-0.0225043301597066,-0.0323482023215867,0.0107534834925168,0.0520477858674465,-0.0656143460949554,0.00788684957402365,0.0210152290104686,0.0107534834925168,-0.0554730893535384
0.0494703190843614,0.0257443928455144,0.00403773558027331,-0.0145100414415115,0.0270753851961857,0.0579045467525357,0.0257443928455144,0.0399577408204295,-0.0362224685583689,-0.0196236474864205,-0.0318006489996627,0.00788684957402365,0.00403773558027331,-0.0362224685583689,0.0126660171599649,0.0191796870796042,-0.00664748626587019,-0.043141900366317,-0.0145100414415115,-0.0196236474864205,0.0191796870796042,0.0138457232188301,0.00698736613163956,-0.0349672584086237,0.0270753851961857,-0.0318006489996627,-0.00664748626587019,0.00698736613163956,-0.0219982235931186,-0.0422121255698092,0.0579045467525357,0.00788684957402365,-0.043141900366317,-0.0349672584086237,-0.0422121255698092,-0.0233908916212725
0.0481525065582962,-0.00386069473147449,-0.0145100414415115,0.00057002383315582,0.0018139074354826,0.046980081273954,-0.00386069473147449,0.0688447425746913,-0.0196236474864205,-0.0333381511080773,-0.0225043301597066,0.0210152290104686,-0.0145100414415115,-0.0196236474864205,0.0191796870796042,0.0138457232188301,0.00698736613163956,-0.0349672584086237,0.00057002383315582,-0.0333381511080773,0.0138457232188301,0.032341224977002,0.0086817563990201,-0.0334581716257119,0.0018139074354826,-0.0225043301597066,0.00698736613163956,0.0086817563990201,-0.00401098796053558,-0.0331082725788487,0.046980081273954,0.0210152290104686,-0.0349672584086237,-0.0334581716257119,-0.0331082725788487,0.0241499487627967
-0.0370642511020734,0.0349803223594518,0.0270753851961857,0.0018139074354826,0.0460050902840087,0.038770546480576,0.0349803223594518,0.0407525397295575,-0.0318006489996627,-0.0225043301597066,-0.0323482023215867,0.0107534834925168,0.0270753851961857,-0.0318006489996627,-0.00664748626587019,0.00698736613163956,-0.0219982235931186,-0.0422121255698092,0.0018139074354826,-0.0225043301597066,0.00698736613163956,0.0086817563990201,-0.00401098796053558,-0.0331082725788487,0.0460050902840087,-0.0323482023215867,-0.0219982235931186,-0.00401098796053558,-0.036839293256666,-0.0519177958974379,0.038770546480576,0.0107534834925168,-0.0422121255698092,-0.0331082725788487,-0.0519177958974379,-0.0554039363911858
-0.316723562218849,0.0520477858674465,0.0579045467525357,0.046980081273954,0.038770546480576,0.0104713168187682,0.0520477858674465,-0.0656143460949554,0.00788684957402365,0.0210152290104686,0.0107534834925168,-0.0554730893535384,0.0579045467525357,0.00788684957402365,-0.043141900366317,-0.0349672584086237,-0.0422121255698092,-0.0233908916212725,0.046980081273954,0.0210152290104686,-0.0349672584086237,-0.0334581716257119,-0.0331082725788487,0.0241499487627967,0.038770546480576,0.0107534834925168,-0.0422121255698092,-0.0331082725788487,-0.0519177958974379,-0.0554039363911858,0.0104713168187682,-0.0554730893535384,-0.0233908916212725,0.0241499487627967,-0.0554039363911858,-0.247915805179819
