"V1","V2","V3","V4","V5","V6","V7","V8","V9","V10","V11","V12","V13","V14","V15","V16","V17","V18","V19","V20","V21","V22","V23","V24","V25","V26","V27","V28","V29","V30","V31","V32","V33","V34","V35","V36"
-1.13095306876848e-06,1.72317316154768e-07,7.45223403182746e-08,5.93022971403634e-08,-2.75533400013506e-08,-3.64271519230976e-07,1.72317316154768e-07,-4.29563638308136e-08,1.78123734998378e-08,-9.99904223739156e-10,3.14142728988835e-08,5.18535597686466e-08,7.45223403182746e-08,1.78123734998378e-08,-1.60077616213284e-09,-1.16421625589933e-08,2.49584091280149e-08,6.47856887440144e-08,5.93022971403634e-08,-9.99904223739156e-10,-1.16421625589933e-08,-9.44038526367401e-10,3.50320802069058e-09,4.91535689930888e-08,-2.75533400013506e-08,3.14142728988835e-08,2.49584091280149e-08,3.50320802069058e-09,4.46159992554705e-08,4.12097713756969e-08,-3.64271519230976e-07,5.18535597686466e-08,6.47856887440144e-08,4.91535689930888e-08,4.12097713756969e-08,-1.69045441357318e-08
1.72317316154768e-07,-4.29563638308136e-08,1.78123734998378e-08,-9.99904223739156e-10,3.14142728988835e-08,5.18535597686466e-08,-4.29563638308136e-08,-2.90307496894461e-07,4.60383380518625e-08,7.42528778998016e-08,4.60482457627056e-08,-6.59235101602974e-08,1.78123734998378e-08,4.60383380518625e-08,-3.75724824715025e-08,-1.94481920490678e-08,-3.32206674236969e-08,1.09950449280877e-08,-9.99904223739156e-10,7.42528778998016e-08,-1.94481920490678e-08,-3.4387823969571e-08,-2.16612553899608e-08,2.04605276016656e-08,3.14142728988835e-08,4.60482457627056e-08,-3.32206674236969e-08,-2.16612553899608e-08,-3.46135098029326e-08,1.15194296823371e-08,5.18535597686466e-08,-6.59235101602974e-08,1.09950449280877e-08,2.04605276016656e-08,1.15194296823371e-08,-6.61091440313244e-08
7.45223403182746e-08,1.78123734998378e-08,-1.60077616213284e-09,-1.16421625589933e-08,2.49584091280149e-08,6.47856887440144e-08,1.78123734998378e-08,4.60383380518625e-08,-3.75724824715025e-08,-1.94481920490678e-08,-3.32206674236969e-08,1.09950449280877e-08,-1.60077616213284e-09,-3.75724824715025e-08,6.23726539816001e-09,1.71433550811323e-08,-1.09448015654471e-08,-4.37726732245147e-08,-1.16421625589933e-08,-1.94481920490678e-08,1.71433550811323e-08,9.97193372276928e-09,5.03569542781435e-09,-3.90740301488282e-08,2.49584091280149e-08,-3.32206674236969e-08,-1.09448015654471e-08,5.03569542781435e-09,-2.57336832394041e-08,-4.52834241694173e-08,6.47856887440144e-08,1.09950449280877e-08,-4.37726732245147e-08,-3.90740301488282e-08,-4.52834241694173e-08,-2.90800044815014e-08
5.93022971403634e-08,-9.99904223739156e-10,-1.16421625589933e-08,-9.44038526367401e-10,3.50320802069058e-09,4.91535689930888e-08,-9.99904223739156e-10,7.42528778998016e-08,-1.94481920490678e-08,-3.4387823969571e-08,-2.16612553899608e-08,2.04605276016656e-08,-1.16421625589933e-08,-1.94481920490678e-08,1.71433550811323e-08,9.97193372276928e-09,5.03569542781435e-09,-3.90740301488282e-08,-9.44038526367401e-10,-3.4387823969571e-08,9.97193372276928e-09,2.69656990776758e-08,4.74317536798875e-09,-3.46035020194889e-08,3.50320802069058e-09,-2.16612553899608e-08,5.03569542781435e-09,4.74317536798875e-09,-5.45927734257227e-09,-3.57035555234748e-08,4.91535689930888e-08,2.04605276016656e-08,-3.90740301488282e-08,-3.46035020194889e-08,-3.57035555234748e-08,2.2645168957612e-08
-2.75533400013506e-08,3.14142728988835e-08,2.49584091280149e-08,3.50320802069058e-09,4.46159992554705e-08,4.12097713756969e-08,3.14142728988835e-08,4.60482457627056e-08,-3.32206674236969e-08,-2.16612553899608e-08,-3.46135098029326e-08,1.15194296823371e-08,2.49584091280149e-08,-3.32206674236969e-08,-1.09448015654471e-08,5.03569542781435e-09,-2.57336832394041e-08,-4.52834241694173e-08,3.50320802069058e-09,-2.16612553899608e-08,5.03569542781435e-09,4.74317536798875e-09,-5.45927734257227e-09,-3.57035555234748e-08,4.46159992554705e-08,-3.46135098029326e-08,-2.57336832394041e-08,-5.45927734257227e-09,-4.20006431024312e-08,-5.72756564085238e-08,4.12097713756969e-08,1.15194296823371e-08,-4.52834241694173e-08,-3.57035555234748e-08,-5.72756564085238e-08,-6.1268356469438e-08
-3.64271519230976e-07,5.18535597686466e-08,6.47856887440144e-08,4.91535689930888e-08,4.12097713756969e-08,-1.69045441357318e-08,5.18535597686466e-08,-6.59235101602974e-08,1.09950449280877e-08,2.04605276016656e-08,1.15194296823371e-08,-6.61091440313244e-08,6.47856887440144e-08,1.09950449280877e-08,-4.37726732245147e-08,-3.90740301488282e-08,-4.52834241694173e-08,-2.90800044815014e-08,4.91535689930888e-08,2.04605276016656e-08,-3.90740301488282e-08,-3.46035020194889e-08,-3.57035555234748e-08,2.2645168957612e-08,4.12097713756969e-08,1.15194296823371e-08,-4.52834241694173e-08,-3.57035555234748e-08,-5.72756564085238e-08,-6.1268356469438e-08,-1.69045441357318e-08,-6.61091440313244e-08,-2.90800044815014e-08,2.2645168957612e-08,-6.1268356469438e-08,-2.82057240227081e-07
