"Mkt.RF","SMB","HML","RMW","CMA","Mom"
0.689476864358252,-0.123719750623633,-0.16804572443428,0.0383413791794487,-0.109030049908085,0.0477558729961763
-0.123719750623633,0.213066323991013,0.0188117165808599,-0.0322559258729857,-0.000893094114507604,0.0108145387786831
-0.16804572443428,0.0188117165808599,0.142431767735076,-0.0399054441384965,0.0782287823778176,-0.01185044528951
0.0383413791794487,-0.0322559258729857,-0.0399054441384965,0.0591093232599146,-0.028965783887312,0.00858302675011209
-0.109030049908085,-0.000893094114507604,0.0782287823778176,-0.028965783887312,0.0921259078721469,-0.00355986992587613
0.0477558729961763,0.0108145387786831,-0.01185044528951,0.00858302675011209,-0.00355986992587613,0.2342015798799
