"V1","V2","V3","V4","V5","V6","V7","V8","V9","V10","V11","V12","V13","V14","V15","V16","V17","V18","V19","V20","V21","V22","V23","V24","V25","V26","V27","V28","V29","V30","V31","V32","V33","V34","V35","V36"
-0.737350518573042,0.156471268531325,0.0553166449133195,0.0363115711550155,-0.0199865685693748,-0.277168705736306,0.156471268531325,-0.0562044596655793,0.00370842418682327,-0.0151246193591457,0.012374555161377,0.0416026839533861,0.0553166449133195,0.00370842418682327,0.00898879076169977,-0.0108534987220739,0.0140350492392254,0.0272176167428937,0.0363115711550155,-0.0151246193591457,-0.0108534987220739,0.00639254625707599,-0.00504767232558011,0.0172276999115956,-0.0199865685693748,0.012374555161377,0.0140350492392254,-0.00504767232558011,0.0142588564292833,0.00977349700452029,-0.277168705736306,0.0416026839533861,0.0272176167428937,0.0172276999115956,0.00977349700452029,-0.0348947133222822
0.156471268531325,-0.0562044596655793,0.00370842418682327,-0.0151246193591457,0.012374555161377,0.0416026839533861,-0.0562044596655793,-0.219531108770687,0.0414364347272515,0.0547418940923928,0.0367731353301992,-0.0471827523203937,0.00370842418682327,0.0414364347272515,-0.0163988075646379,-0.00610554365479746,-0.0134461702586879,-0.00185498264053115,-0.0151246193591457,0.0547418940923928,-0.00610554365479746,-0.0132654590274788,-0.00718474403405114,0.00173403605022256,0.012374555161377,0.0367731353301992,-0.0134461702586879,-0.00718474403405114,-0.0120096618389585,0.00468635588243816,0.0416026839533861,-0.0471827523203937,-0.00185498264053115,0.00173403605022256,0.00468635588243816,-0.000615348374834237
0.0553166449133195,0.00370842418682327,0.00898879076169977,-0.0108534987220739,0.0140350492392254,0.0272176167428937,0.00370842418682327,0.0414364347272515,-0.0163988075646379,-0.00610554365479746,-0.0134461702586879,-0.00185498264053115,0.00898879076169977,-0.0163988075646379,0.00407395740604204,0.00290473684874966,-0.00293946559273451,-0.0160836030709022,-0.0108534987220739,-0.00610554365479746,0.00290473684874966,0.00118546578502602,0.0028922124358152,0.000563714216168856,0.0140350492392254,-0.0134461702586879,-0.00293946559273451,0.0028922124358152,-0.00403796110162804,-0.00817060139388589,0.0272176167428937,-0.00185498264053115,-0.0160836030709022,0.000563714216168856,-0.00817060139388589,-0.00137740373992466
0.0363115711550155,-0.0151246193591457,-0.0108534987220739,0.00639254625707599,-0.00504767232558011,0.0172276999115956,-0.0151246193591457,0.0547418940923928,-0.00610554365479746,-0.0132654590274788,-0.00718474403405114,0.00173403605022256,-0.0108534987220739,-0.00610554365479746,0.00290473684874966,0.00118546578502602,0.0028922124358152,0.000563714216168856,0.00639254625707599,-0.0132654590274788,0.00118546578502602,0.00402537709275069,0.00127353481718683,-0.00432421281231517,-0.00504767232558011,-0.00718474403405114,0.0028922124358152,0.00127353481718683,0.00247911235368213,0.00150565032429982,0.0172276999115956,0.00173403605022256,0.000563714216168856,-0.00432421281231517,0.00150565032429982,0.00585417533633045
-0.0199865685693748,0.012374555161377,0.0140350492392254,-0.00504767232558011,0.0142588564292833,0.00977349700452029,0.012374555161377,0.0367731353301992,-0.0134461702586879,-0.00718474403405114,-0.0120096618389585,0.00468635588243816,0.0140350492392254,-0.0134461702586879,-0.00293946559273451,0.0028922124358152,-0.00403796110162804,-0.00817060139388589,-0.00504767232558011,-0.00718474403405114,0.0028922124358152,0.00127353481718683,0.00247911235368213,0.00150565032429982,0.0142588564292833,-0.0120096618389585,-0.00403796110162804,0.00247911235368213,-0.00203877668545216,-0.00714580112128418,0.00977349700452029,0.00468635588243816,-0.00817060139388589,0.00150565032429982,-0.00714580112128418,-0.0118997875834828
-0.277168705736306,0.0416026839533861,0.0272176167428937,0.0172276999115956,0.00977349700452029,-0.0348947133222822,0.0416026839533861,-0.0471827523203937,-0.00185498264053115,0.00173403605022256,0.00468635588243816,-0.000615348374834237,0.0272176167428937,-0.00185498264053115,-0.0160836030709022,0.000563714216168856,-0.00817060139388589,-0.00137740373992466,0.0172276999115956,0.00173403605022256,0.000563714216168856,-0.00432421281231517,0.00150565032429982,0.00585417533633045,0.00977349700452029,0.00468635588243816,-0.00817060139388589,0.00150565032429982,-0.00714580112128418,-0.0118997875834828,-0.0348947133222822,-0.000615348374834237,-0.00137740373992466,0.00585417533633045,-0.0118997875834828,-0.083429790521587
