"V1","V2","V3","V4","V5","V6","V7","V8","V9","V10","V11","V12","V13","V14","V15","V16","V17","V18","V19","V20","V21","V22","V23","V24","V25","V26","V27","V28","V29","V30","V31","V32","V33","V34","V35","V36"
-1.40579823737863e-06,1.27597131776402e-07,-6.71947305903285e-08,1.19041505120613e-07,-4.63912582022941e-09,-3.07878681570195e-07,1.27597131776402e-07,-8.65672352217876e-09,2.67001759555172e-08,-1.2594376715836e-08,2.70931094861729e-08,4.18961135503517e-08,-6.71947305903285e-08,2.67001759555172e-08,-1.0599916699399e-08,-1.53361354816148e-08,1.86276913064373e-08,1.71315275095259e-08,1.19041505120613e-07,-1.2594376715836e-08,-1.53361354816148e-08,2.17377175234866e-09,4.66729429377317e-09,5.14690299635098e-08,-4.63912582022941e-09,2.70931094861729e-08,1.86276913064373e-08,4.66729429377317e-09,4.25443901461274e-08,3.61298457099625e-08,-3.07878681570195e-07,4.18961135503517e-08,1.71315275095259e-08,5.14690299635098e-08,3.61298457099625e-08,1.21407601114108e-07
1.27597131776402e-07,-8.65672352217876e-09,2.67001759555172e-08,-1.2594376715836e-08,2.70931094861729e-08,4.18961135503517e-08,-8.65672352217876e-09,-2.39712796098734e-07,5.72075479649232e-08,6.42944381676734e-08,4.17847699518204e-08,-6.63703629837962e-08,2.67001759555172e-08,5.72075479649232e-08,-1.87300011269912e-08,-2.5317475123199e-08,-3.04427229207345e-08,-1.47604417134549e-08,-1.2594376715836e-08,6.42944381676734e-08,-2.5317475123199e-08,-2.95709751590098e-08,-2.20648852086098e-08,2.39228924327529e-08,2.70931094861729e-08,4.17847699518204e-08,-3.04427229207345e-08,-2.20648852086098e-08,-3.12163548880367e-08,8.83721267834788e-09,4.18961135503517e-08,-6.63703629837962e-08,-1.47604417134549e-08,2.39228924327529e-08,8.83721267834788e-09,-2.69796101397378e-10
-6.71947305903285e-08,2.67001759555172e-08,-1.0599916699399e-08,-1.53361354816148e-08,1.86276913064373e-08,1.71315275095259e-08,2.67001759555172e-08,5.72075479649232e-08,-1.87300011269912e-08,-2.5317475123199e-08,-3.04427229207345e-08,-1.47604417134549e-08,-1.0599916699399e-08,-1.87300011269912e-08,6.11107762086989e-08,1.27862379840903e-09,-1.34144667497942e-08,-1.51026709368702e-07,-1.53361354816148e-08,-2.5317475123199e-08,1.27862379840903e-09,2.36225227435414e-08,8.38956298421736e-09,-1.17434502680949e-08,1.86276913064373e-08,-3.04427229207345e-08,-1.34144667497942e-08,8.38956298421736e-09,-1.93172515139588e-08,-3.72096672104664e-08,1.71315275095259e-08,-1.47604417134549e-08,-1.51026709368702e-07,-1.17434502680949e-08,-3.72096672104664e-08,1.6187261958744e-07
1.19041505120613e-07,-1.2594376715836e-08,-1.53361354816148e-08,2.17377175234866e-09,4.66729429377317e-09,5.14690299635098e-08,-1.2594376715836e-08,6.42944381676734e-08,-2.5317475123199e-08,-2.95709751590098e-08,-2.20648852086098e-08,2.39228924327529e-08,-1.53361354816148e-08,-2.5317475123199e-08,1.27862379840903e-09,2.36225227435414e-08,8.38956298421736e-09,-1.17434502680949e-08,2.17377175234866e-09,-2.95709751590098e-08,2.36225227435414e-08,2.01839112436477e-08,5.21812574919386e-09,-4.6923402990674e-08,4.66729429377317e-09,-2.20648852086098e-08,8.38956298421736e-09,5.21812574919386e-09,-5.12698048943796e-09,-3.72369931904837e-08,5.14690299635098e-08,2.39228924327529e-08,-1.17434502680949e-08,-4.6923402990674e-08,-3.72369931904837e-08,-1.64629323982155e-08
-4.63912582022941e-09,2.70931094861729e-08,1.86276913064373e-08,4.66729429377317e-09,4.25443901461274e-08,3.61298457099625e-08,2.70931094861729e-08,4.17847699518204e-08,-3.04427229207345e-08,-2.20648852086098e-08,-3.12163548880367e-08,8.83721267834788e-09,1.86276913064373e-08,-3.04427229207345e-08,-1.34144667497942e-08,8.38956298421736e-09,-1.93172515139588e-08,-3.72096672104664e-08,4.66729429377317e-09,-2.20648852086098e-08,8.38956298421736e-09,5.21812574919386e-09,-5.12698048943796e-09,-3.72369931904837e-08,4.25443901461274e-08,-3.12163548880367e-08,-1.93172515139588e-08,-5.12698048943796e-09,-3.87134937704871e-08,-6.15988517119004e-08,3.61298457099625e-08,8.83721267834788e-09,-3.72096672104664e-08,-3.72369931904837e-08,-6.15988517119004e-08,-7.08618747261384e-08
-3.07878681570195e-07,4.18961135503517e-08,1.71315275095259e-08,5.14690299635098e-08,3.61298457099625e-08,1.21407601114108e-07,4.18961135503517e-08,-6.63703629837962e-08,-1.47604417134549e-08,2.39228924327529e-08,8.83721267834788e-09,-2.69796101397378e-10,1.71315275095259e-08,-1.47604417134549e-08,-1.51026709368702e-07,-1.17434502680949e-08,-3.72096672104664e-08,1.6187261958744e-07,5.14690299635098e-08,2.39228924327529e-08,-1.17434502680949e-08,-4.6923402990674e-08,-3.72369931904837e-08,-1.64629323982155e-08,3.61298457099625e-08,8.83721267834788e-09,-3.72096672104664e-08,-3.72369931904837e-08,-6.15988517119004e-08,-7.08618747261384e-08,1.21407601114108e-07,-2.69796101397378e-10,1.6187261958744e-07,-1.64629323982155e-08,-7.08618747261384e-08,-6.39063847438482e-07
