"Mkt.RF","SMB","HML","RMW","CMA","MOM"
7.89716643501251e-05,-1.80479103767604e-05,-2.10823751571872e-05,2.62305444044367e-06,-1.3707610427467e-05,5.64112117353947e-06
-1.80479103767604e-05,2.49752061497454e-05,2.6767060836736e-06,-4.05911833600791e-06,4.79758601734928e-07,-1.85418906915453e-06
-2.10823751571872e-05,2.6767060836736e-06,1.69071364088794e-05,-2.81430345325691e-06,9.61963962048841e-06,-2.2984440158951e-06
2.62305444044367e-06,-4.05911833600791e-06,-2.81430345325691e-06,6.51777704321881e-06,-1.50131746241463e-06,4.90205209322172e-08
-1.3707610427467e-05,4.79758601734928e-07,9.61963962048841e-06,-1.50131746241463e-06,1.09943682535273e-05,-3.68697921111509e-07
5.64112117353947e-06,-1.85418906915453e-06,-2.2984440158951e-06,4.90205209322172e-08,-3.68697921111509e-07,2.34812272751119e-05
