"V1","V2","V3","V4","V5","V6","V7","V8","V9","V10","V11","V12","V13","V14","V15","V16","V17","V18","V19","V20","V21","V22","V23","V24","V25","V26","V27","V28","V29","V30","V31","V32","V33","V34","V35","V36"
-0.836543381866398,0.0611016531191929,-0.0499565598557261,0.0839936111345283,-0.0154429526804519,-0.286897253642757,0.0611016531191929,0.00213216423420164,0.0396954003267213,-0.0140671385906989,0.0323610210676621,0.0445559352189861,-0.0499565598557261,0.0396954003267213,0.0102370499239665,-0.0191178755806849,0.018891146587645,0.0140950042911622,0.0839936111345283,-0.0140671385906989,-0.0191178755806849,0.00669425226466325,0.00466653600643714,0.049618984510378,-0.0154429526804519,0.0323610210676621,0.018891146587645,0.00466653600643714,0.0438250370168426,0.0382061758637362,-0.286897253642757,0.0445559352189861,0.0140950042911622,0.049618984510378,0.0382061758637362,0.11837238224138
0.0611016531191929,0.00213216423420164,0.0396954003267213,-0.0140671385906989,0.0323610210676621,0.0445559352189861,0.00213216423420164,-0.205398160867801,0.0501361749769983,0.0601569680914454,0.0362498932438665,-0.0650683031014747,0.0396954003267213,0.0501361749769983,-0.020127002474763,-0.023280491140836,-0.031864895181404,-0.0142630864093137,-0.0140671385906989,0.0601569680914454,-0.023280491140836,-0.0305267497822711,-0.0208941347868209,0.0204595250847236,0.0323610210676621,0.0362498932438665,-0.031864895181404,-0.0208941347868209,-0.0322498716158758,0.0094842954554974,0.0445559352189861,-0.0650683031014747,-0.0142630864093137,0.0204595250847236,0.0094842954554974,0.000596519917270881
-0.0499565598557261,0.0396954003267213,0.0102370499239665,-0.0191178755806849,0.018891146587645,0.0140950042911622,0.0396954003267213,0.0501361749769983,-0.020127002474763,-0.023280491140836,-0.031864895181404,-0.0142630864093137,0.0102370499239665,-0.020127002474763,0.0805523111956078,-0.00212953992705309,-0.0115588709470639,-0.151154329243634,-0.0191178755806849,-0.023280491140836,-0.00212953992705309,0.0235840025582812,0.00895160251906132,-0.0112057103937708,0.018891146587645,-0.031864895181404,-0.0115588709470639,0.00895160251906132,-0.0179752789930406,-0.0342681212769799,0.0140950042911622,-0.0142630864093137,-0.151154329243634,-0.0112057103937708,-0.0342681212769799,0.138657725430237
0.0839936111345283,-0.0140671385906989,-0.0191178755806849,0.00669425226466325,0.00466653600643714,0.049618984510378,-0.0140671385906989,0.0601569680914454,-0.023280491140836,-0.0305267497822711,-0.0208941347868209,0.0204595250847236,-0.0191178755806849,-0.023280491140836,-0.00212953992705309,0.0235840025582812,0.00895160251906132,-0.0112057103937708,0.00669425226466325,-0.0305267497822711,0.0235840025582812,0.0253436362919844,0.00631576516125616,-0.0432331584074912,0.00466653600643714,-0.0208941347868209,0.00895160251906132,0.00631576516125616,-0.00305857505278926,-0.0353030496553655,0.049618984510378,0.0204595250847236,-0.0112057103937708,-0.0432331584074912,-0.0353030496553655,-0.0108019860187434
-0.0154429526804519,0.0323610210676621,0.018891146587645,0.00466653600643714,0.0438250370168426,0.0382061758637362,0.0323610210676621,0.0362498932438665,-0.031864895181404,-0.0208941347868209,-0.0322498716158758,0.0094842954554974,0.018891146587645,-0.031864895181404,-0.0115588709470639,0.00895160251906132,-0.0179752789930406,-0.0342681212769799,0.00466653600643714,-0.0208941347868209,0.00895160251906132,0.00631576516125616,-0.00305857505278926,-0.0353030496553655,0.0438250370168426,-0.0322498716158758,-0.0179752789930406,-0.00305857505278926,-0.0361305073030625,-0.0569985000705098,0.0382061758637362,0.0094842954554974,-0.0342681212769799,-0.0353030496553655,-0.0569985000705098,-0.0684052028940766
-0.286897253642757,0.0445559352189861,0.0140950042911622,0.049618984510378,0.0382061758637362,0.11837238224138,0.0445559352189861,-0.0650683031014747,-0.0142630864093137,0.0204595250847236,0.0094842954554974,0.000596519917270881,0.0140950042911622,-0.0142630864093137,-0.151154329243634,-0.0112057103937708,-0.0342681212769799,0.138657725430237,0.049618984510378,0.0204595250847236,-0.0112057103937708,-0.0432331584074912,-0.0353030496553655,-0.0108019860187434,0.0382061758637362,0.0094842954554974,-0.0342681212769799,-0.0353030496553655,-0.0569985000705098,-0.0684052028940766,0.11837238224138,0.000596519917270881,0.138657725430237,-0.0108019860187434,-0.0684052028940766,-0.546419820182883
