"Mkt.RF","SMB","HML","RMW","CMA","MOM"
7.2413509082686e-05,-1.49780106134329e-05,-1.83695083762925e-05,3.5085669698714e-06,-1.12765748435404e-05,4.47276632747767e-06
-1.49780106134329e-05,2.27324475574438e-05,1.87526327646773e-06,-3.82414030261229e-06,2.65289091093867e-08,-4.88601033882629e-07
-1.83695083762925e-05,1.87526327646773e-06,1.51876764575053e-05,-3.57435577283479e-06,8.40622003007317e-06,-1.30298614556436e-06
3.5085669698714e-06,-3.82414030261229e-06,-3.57435577283479e-06,5.82668787656222e-06,-2.41313531792842e-06,6.33049720321559e-07
-1.12765748435404e-05,2.65289091093867e-08,8.40622003007317e-06,-2.41313531792842e-06,9.51352662100576e-06,9.68313650252973e-08
4.47276632747767e-06,-4.88601033882629e-07,-1.30298614556436e-06,6.33049720321559e-07,9.68313650252973e-08,2.16314945795625e-05
