"V1","V2","V3","V4","V5","V6","V7","V8","V9","V10","V11","V12","V13","V14","V15","V16","V17","V18","V19","V20","V21","V22","V23","V24","V25","V26","V27","V28","V29","V30","V31","V32","V33","V34","V35","V36"
-0.199711581250893,-0.174603250462046,-0.119599670949802,0.0791321283865247,-0.000739415759001569,-0.0725116978677392,-0.174603250462046,0.0613291511744597,0.0501027695377105,5.11944319872621e-06,0.0287116846945411,-0.0263183377877296,-0.119599670949802,0.0501027695377105,0.00873939430946189,-0.0180551702893411,0.0115735051571823,-0.00725592259200198,0.0791321283865247,5.11944319872621e-06,-0.0180551702893411,0.000189609476767467,0.00217648728013698,0.040246980532516,-0.000739415759001569,0.0287116846945411,0.0115735051571823,0.00217648728013698,0.0353303926424391,0.0372748304816164,-0.0725116978677392,-0.0263183377877296,-0.00725592259200198,0.040246980532516,0.0372748304816164,0.163501315179616
-0.174603250462046,0.0613291511744597,0.0501027695377105,5.11944319872621e-06,0.0287116846945411,-0.0263183377877296,0.0613291511744597,-0.0239360958900497,0.00975952556945393,0.015348924752109,0.00124964854771973,-0.0515996940713475,0.0501027695377105,0.00975952556945393,-0.00533225665109845,-0.0177341210506544,-0.0196880849558596,-0.0156448197171779,5.11944319872621e-06,0.015348924752109,-0.0177341210506544,-0.0220908499986017,-0.014182823000815,0.0280647552814613,0.0287116846945411,0.00124964854771973,-0.0196880849558596,-0.014182823000815,-0.0220932072492193,0.00640812887648864,-0.0263183377877296,-0.0515996940713475,-0.0156448197171779,0.0280647552814613,0.00640812887648864,-0.00902093935745949
-0.119599670949802,0.0501027695377105,0.00873939430946189,-0.0180551702893411,0.0115735051571823,-0.00725592259200198,0.0501027695377105,0.00975952556945393,-0.00533225665109845,-0.0177341210506544,-0.0196880849558596,-0.0156448197171779,0.00873939430946189,-0.00533225665109845,0.0941490068352663,-0.000149095235292591,-0.0041063948818161,-0.165120601047197,-0.0180551702893411,-0.0177341210506544,-0.000149095235292591,0.0266978927281694,0.00847508391264721,-0.0115690533950316,0.0115735051571823,-0.0196880849558596,-0.0041063948818161,0.00847508391264721,-0.0118149877788834,-0.0401689979622995,-0.00725592259200198,-0.0156448197171779,-0.165120601047197,-0.0115690533950316,-0.0401689979622995,0.161828848603979
0.0791321283865247,5.11944319872621e-06,-0.0180551702893411,0.000189609476767467,0.00217648728013698,0.040246980532516,5.11944319872621e-06,0.015348924752109,-0.0177341210506544,-0.0220908499986017,-0.014182823000815,0.0280647552814613,-0.0180551702893411,-0.0177341210506544,-0.000149095235292591,0.0266978927281694,0.00847508391264721,-0.0115690533950316,0.000189609476767467,-0.0220908499986017,0.0266978927281694,0.0248962413973028,0.00787371082577799,-0.0461395160270604,0.00217648728013698,-0.014182823000815,0.00847508391264721,0.00787371082577799,-0.00426917136757721,-0.0344890330487443,0.040246980532516,0.0280647552814613,-0.0115690533950316,-0.0461395160270604,-0.0344890330487443,-0.00605384264875747
-0.000739415759001569,0.0287116846945411,0.0115735051571823,0.00217648728013698,0.0353303926424391,0.0372748304816164,0.0287116846945411,0.00124964854771973,-0.0196880849558596,-0.014182823000815,-0.0220932072492193,0.00640812887648864,0.0115735051571823,-0.0196880849558596,-0.0041063948818161,0.00847508391264721,-0.0118149877788834,-0.0401689979622995,0.00217648728013698,-0.014182823000815,0.00847508391264721,0.00787371082577799,-0.00426917136757721,-0.0344890330487443,0.0353303926424391,-0.0220932072492193,-0.0118149877788834,-0.00426917136757721,-0.030595282333071,-0.0583698653052446,0.0372748304816164,0.00640812887648864,-0.0401689979622995,-0.0344890330487443,-0.0583698653052446,-0.051030426077146
-0.0725116978677392,-0.0263183377877296,-0.00725592259200198,0.040246980532516,0.0372748304816164,0.163501315179616,-0.0263183377877296,-0.0515996940713475,-0.0156448197171779,0.0280647552814613,0.00640812887648864,-0.00902093935745949,-0.00725592259200198,-0.0156448197171779,-0.165120601047197,-0.0115690533950316,-0.0401689979622995,0.161828848603979,0.040246980532516,0.0280647552814613,-0.0115690533950316,-0.0461395160270604,-0.0344890330487443,-0.00605384264875747,0.0372748304816164,0.00640812887648864,-0.0401689979622995,-0.0344890330487443,-0.0583698653052446,-0.051030426077146,0.163501315179616,-0.00902093935745949,0.161828848603979,-0.00605384264875747,-0.051030426077146,-0.544136454434211
