"V1","V2","V3","V4","V5","V6","V7","V8","V9","V10","V11","V12","V13","V14","V15","V16","V17","V18","V19","V20","V21","V22","V23","V24","V25","V26","V27","V28","V29","V30","V31","V32","V33","V34","V35","V36"
-1.35131830825858e-06,1.13616575333531e-07,-7.26446302920372e-08,1.07315160681161e-07,-1.09971287515684e-08,-3.22612720805389e-07,1.13616575333531e-07,1.31998269745263e-09,2.80932747949407e-08,-1.27775482273204e-08,2.78105025733326e-08,4.75586258993741e-08,-7.26446302920372e-08,2.80932747949407e-08,-7.66901705894825e-09,-1.21330262570763e-08,2.08145734530622e-08,2.07026915639399e-08,1.07315160681161e-07,-1.27775482273204e-08,-1.21330262570763e-08,5.0516847186737e-09,7.30257077843422e-09,5.55885576843621e-08,-1.09971287515684e-08,2.78105025733326e-08,2.08145734530622e-08,7.30257077843422e-09,4.53282950072697e-08,4.13214926543022e-08,-3.22612720805389e-07,4.75586258993741e-08,2.07026915639399e-08,5.55885576843621e-08,4.13214926543022e-08,1.29826617141951e-07
1.13616575333531e-07,1.31998269745263e-09,2.80932747949407e-08,-1.27775482273204e-08,2.78105025733326e-08,4.75586258993741e-08,1.31998269745263e-09,-2.45072371102782e-07,5.40360407221045e-08,6.31042816092999e-08,4.0301640530693e-08,-6.96199182999583e-08,2.80932747949407e-08,5.40360407221045e-08,-1.97429823128808e-08,-2.42648305893702e-08,-3.11966593144226e-08,-1.69999155804735e-08,-1.27775482273204e-08,6.31042816092999e-08,-2.42648305893702e-08,-2.89364122076682e-08,-2.16372745951077e-08,2.31125812287205e-08,2.78105025733326e-08,4.0301640530693e-08,-3.11966593144226e-08,-2.16372745951077e-08,-3.2042372222139e-08,8.35642950873075e-09,4.75586258993741e-08,-6.96199182999583e-08,-1.69999155804735e-08,2.31125812287205e-08,8.35642950873075e-09,5.15119334742512e-09
-7.26446302920372e-08,2.80932747949407e-08,-7.66901705894825e-09,-1.21330262570763e-08,2.08145734530622e-08,2.07026915639399e-08,2.80932747949407e-08,5.40360407221045e-08,-1.97429823128808e-08,-2.42648305893702e-08,-3.11966593144226e-08,-1.69999155804735e-08,-7.66901705894825e-09,-1.97429823128808e-08,5.76360141866935e-08,-3.08828494564989e-09,-1.5532593843131e-08,-1.50690519007182e-07,-1.21330262570763e-08,-2.42648305893702e-08,-3.08828494564989e-09,2.15551032380228e-08,5.67730395960123e-09,-1.08644806853548e-08,2.08145734530622e-08,-3.11966593144226e-08,-1.5532593843131e-08,5.67730395960123e-09,-2.21476602094642e-08,-3.81068818287054e-08,2.07026915639399e-08,-1.69999155804735e-08,-1.50690519007182e-07,-1.08644806853548e-08,-3.81068818287054e-08,1.52290445552691e-07
1.07315160681161e-07,-1.27775482273204e-08,-1.21330262570763e-08,5.0516847186737e-09,7.30257077843422e-09,5.55885576843621e-08,-1.27775482273204e-08,6.31042816092999e-08,-2.42648305893702e-08,-2.89364122076682e-08,-2.16372745951077e-08,2.31125812287205e-08,-1.21330262570763e-08,-2.42648305893702e-08,-3.08828494564989e-09,2.15551032380228e-08,5.67730395960123e-09,-1.08644806853548e-08,5.0516847186737e-09,-2.89364122076682e-08,2.15551032380228e-08,1.81161609587516e-08,4.01716828560736e-09,-4.70816611779164e-08,7.30257077843422e-09,-2.16372745951077e-08,5.67730395960123e-09,4.01716828560736e-09,-6.79299935474081e-09,-3.73325913152416e-08,5.55885576843621e-08,2.31125812287205e-08,-1.08644806853548e-08,-4.70816611779164e-08,-3.73325913152416e-08,-2.15882602664334e-08
-1.09971287515684e-08,2.78105025733326e-08,2.08145734530622e-08,7.30257077843422e-09,4.53282950072697e-08,4.13214926543022e-08,2.78105025733326e-08,4.0301640530693e-08,-3.11966593144226e-08,-2.16372745951077e-08,-3.2042372222139e-08,8.35642950873075e-09,2.08145734530622e-08,-3.11966593144226e-08,-1.5532593843131e-08,5.67730395960123e-09,-2.21476602094642e-08,-3.81068818287054e-08,7.30257077843422e-09,-2.16372745951077e-08,5.67730395960123e-09,4.01716828560736e-09,-6.79299935474081e-09,-3.73325913152416e-08,4.53282950072697e-08,-3.2042372222139e-08,-2.21476602094642e-08,-6.79299935474081e-09,-4.18305032813433e-08,-6.33628289932456e-08,4.13214926543022e-08,8.35642950873075e-09,-3.81068818287054e-08,-3.73325913152416e-08,-6.33628289932456e-08,-7.95016525456578e-08
-3.22612720805389e-07,4.75586258993741e-08,2.07026915639399e-08,5.55885576843621e-08,4.13214926543022e-08,1.29826617141951e-07,4.75586258993741e-08,-6.96199182999583e-08,-1.69999155804735e-08,2.31125812287205e-08,8.35642950873075e-09,5.15119334742512e-09,2.07026915639399e-08,-1.69999155804735e-08,-1.50690519007182e-07,-1.08644806853548e-08,-3.81068818287054e-08,1.52290445552691e-07,5.55885576843621e-08,2.31125812287205e-08,-1.08644806853548e-08,-4.70816611779164e-08,-3.73325913152416e-08,-2.15882602664334e-08,4.13214926543022e-08,8.35642950873075e-09,-3.81068818287054e-08,-3.73325913152416e-08,-6.33628289932456e-08,-7.95016525456578e-08,1.29826617141951e-07,5.15119334742512e-09,1.52290445552691e-07,-2.15882602664334e-08,-7.95016525456578e-08,-6.49365242387694e-07
