"Mkt.RF","SMB","HML","RMW","CMA","Mom"
1.27107497833494,-0.103552448325254,-0.0914555511783882,-0.156406297536028,-0.165640688597532,-0.165110836197777
-0.103552448325254,0.346275803924895,0.0263844628798585,-0.071025910422004,0.0111195745246768,0.0111213349819267
-0.0914555511783882,0.0263844628798585,0.334269372134792,0.0117645290103396,0.117820583681648,-0.144373285455012
-0.156406297536028,-0.071025910422004,0.0117645290103396,0.192063576225978,0.0377329424250659,0.0546379030750648
-0.165640688597532,0.0111195745246768,0.117820583681648,0.0377329424250659,0.164161514192721,0.0262634619274581
-0.165110836197777,0.0111213349819267,-0.144373285455012,0.0546379030750648,0.0262634619274581,0.651046722946776
