"V1","V2","V3","V4","V5","V6","V7","V8","V9","V10","V11","V12","V13","V14","V15","V16","V17","V18","V19","V20","V21","V22","V23","V24","V25","V26","V27","V28","V29","V30","V31","V32","V33","V34","V35","V36"
-0.803622361551427,0.154864405296947,0.0679985553245155,0.04914063164391,-0.007888139095006,-0.272092278753887,0.154864405296947,-0.0500972187903402,0.00913203801354188,-0.0129088060918947,0.0178504821816289,0.0430363834513176,0.0679985553245155,0.00913203801354188,0.00546291500733452,-0.016819113168758,0.0100381492099037,0.0303048026193879,0.04914063164391,-0.0129088060918947,-0.016819113168758,0.00401220750058457,-0.0093951797785094,0.0218610427193786,-0.007888139095006,0.0178504821816289,0.0100381492099037,-0.0093951797785094,0.0101440553518558,0.00932619403523464,-0.272092278753887,0.0430363834513176,0.0303048026193879,0.0218610427193786,0.00932619403523464,-0.0322682535994214
0.154864405296947,-0.0500972187903402,0.00913203801354188,-0.0129088060918947,0.0178504821816289,0.0430363834513176,-0.0500972187903402,-0.213411901661082,0.0391669616368497,0.0540169843585492,0.0346072529542821,-0.0432886302321847,0.00913203801354188,0.0391669616368497,-0.0197387360136332,-0.00748643079742227,-0.0159425258641433,0.000310535891749723,-0.0129088060918947,0.0540169843585492,-0.00748643079742227,-0.0133339565046591,-0.00879948734077626,0.00221755387290749,0.0178504821816289,0.0346072529542821,-0.0159425258641433,-0.00879948734077626,-0.0159506124845902,0.0049248146402426,0.0430363834513176,-0.0432886302321847,0.000310535891749723,0.00221755387290749,0.0049248146402426,0.00627223389088997
0.0679985553245155,0.00913203801354188,0.00546291500733452,-0.016819113168758,0.0100381492099037,0.0303048026193879,0.00913203801354188,0.0391669616368497,-0.0197387360136332,-0.00748643079742227,-0.0159425258641433,0.000310535891749723,0.00546291500733452,-0.0197387360136332,0.00691148525456602,0.00738737270529276,-0.00024305434939234,-0.0226708796299157,-0.016819113168758,-0.00748643079742227,0.00738737270529276,0.00334251848247165,0.00611145419236246,-0.00426767673633323,0.0100381492099037,-0.0159425258641433,-0.00024305434939234,0.00611145419236246,-0.00199612550188128,-0.0117200002321527,0.0303048026193879,0.000310535891749723,-0.0226708796299157,-0.00426767673633323,-0.0117200002321527,0.00664985313272553
0.04914063164391,-0.0129088060918947,-0.016819113168758,0.00401220750058457,-0.0093951797785094,0.0218610427193786,-0.0129088060918947,0.0540169843585492,-0.00748643079742227,-0.0133339565046591,-0.00879948734077626,0.00221755387290749,-0.016819113168758,-0.00748643079742227,0.00738737270529276,0.00334251848247165,0.00611145419236246,-0.00426767673633323,0.00401220750058457,-0.0133339565046591,0.00334251848247165,0.00446576665959764,0.00229242106504654,-0.00668837125451382,-0.0093951797785094,-0.00879948734077626,0.00611145419236246,0.00229242106504654,0.00489557635758859,-0.00172809582276331,0.0218610427193786,0.00221755387290749,-0.00426767673633323,-0.00668837125451382,-0.00172809582276331,0.0113594145266464
-0.007888139095006,0.0178504821816289,0.0100381492099037,-0.0093951797785094,0.0101440553518558,0.00932619403523464,0.0178504821816289,0.0346072529542821,-0.0159425258641433,-0.00879948734077626,-0.0159506124845902,0.0049248146402426,0.0100381492099037,-0.0159425258641433,-0.00024305434939234,0.00611145419236246,-0.00199612550188128,-0.0117200002321527,-0.0093951797785094,-0.00879948734077626,0.00611145419236246,0.00229242106504654,0.00489557635758859,-0.00172809582276331,0.0101440553518558,-0.0159506124845902,-0.00199612550188128,0.00489557635758859,-0.000320743808432443,-0.00795281977267744,0.00932619403523464,0.0049248146402426,-0.0117200002321527,-0.00172809582276331,-0.00795281977267744,-0.00943773488774331
-0.272092278753887,0.0430363834513176,0.0303048026193879,0.0218610427193786,0.00932619403523464,-0.0322682535994214,0.0430363834513176,-0.0432886302321847,0.000310535891749723,0.00221755387290749,0.0049248146402426,0.00627223389088997,0.0303048026193879,0.000310535891749723,-0.0226708796299157,-0.00426767673633323,-0.0117200002321527,0.00664985313272553,0.0218610427193786,0.00221755387290749,-0.00426767673633323,-0.00668837125451382,-0.00172809582276331,0.0113594145266464,0.00932619403523464,0.0049248146402426,-0.0117200002321527,-0.00172809582276331,-0.00795281977267744,-0.00943773488774331,-0.0322682535994214,0.00627223389088997,0.00664985313272553,0.0113594145266464,-0.00943773488774331,-0.100070450786132
