"V1","V2","V3","V4","V5","V6","V7","V8","V9","V10","V11","V12","V13","V14","V15","V16","V17","V18","V19","V20","V21","V22","V23","V24","V25","V26","V27","V28","V29","V30","V31","V32","V33","V34","V35","V36"
-0.21039385672128,-0.16705264205755,-0.115769117470822,0.0776762432296967,-0.00124873017379349,-0.08316803758736,-0.16705264205755,0.0625811045961733,0.0492813363566589,-0.000401576002237789,0.028203724710735,-0.0253872817932558,-0.115769117470822,0.0492813363566589,0.00795623498717587,-0.0170918562825915,0.0117809501628483,-0.00638880220533438,0.0776762432296967,-0.000401576002237789,-0.0170918562825915,0.000743700436990797,0.00306499374244368,0.0403892662807626,-0.00124873017379349,0.028203724710735,0.0117809501628483,0.00306499374244368,0.0361785922233931,0.0383331332271532,-0.08316803758736,-0.0253872817932558,-0.00638880220533438,0.0403892662807626,0.0383331332271532,0.163753736386646
-0.16705264205755,0.0625811045961733,0.0492813363566589,-0.000401576002237789,0.028203724710735,-0.0253872817932558,0.0625811045961733,-0.029908928501209,0.00839273764550329,0.0163544971672383,0.000429165359529706,-0.0512590793554973,0.0492813363566589,0.00839273764550329,-0.00697107523371747,-0.0178523615490071,-0.0202081151591854,-0.0135622929434174,-0.000401576002237789,0.0163544971672383,-0.0178523615490071,-0.0223040595117487,-0.0140414069169102,0.0284712451760186,0.028203724710735,0.000429165359529706,-0.0202081151591854,-0.0140414069169102,-0.0221404422020788,0.00726924786557934,-0.0253872817932558,-0.0512590793554973,-0.0135622929434174,0.0284712451760186,0.00726924786557934,-0.0117779718754397
-0.115769117470822,0.0492813363566589,0.00795623498717587,-0.0170918562825915,0.0117809501628483,-0.00638880220533438,0.0492813363566589,0.00839273764550329,-0.00697107523371747,-0.0178523615490071,-0.0202081151591854,-0.0135622929434174,0.00795623498717587,-0.00697107523371747,0.0909039597999967,-0.00131773237491211,-0.00517089261900349,-0.160793661044624,-0.0170918562825915,-0.0178523615490071,-0.00131773237491211,0.0262940077862447,0.00827571626269905,-0.0101419378718275,0.0117809501628483,-0.0202081151591854,-0.00517089261900349,0.00827571626269905,-0.0125837308652938,-0.0394212150529346,-0.00638880220533438,-0.0135622929434174,-0.160793661044624,-0.0101419378718275,-0.0394212150529346,0.154437383900329
0.0776762432296967,-0.000401576002237789,-0.0170918562825915,0.000743700436990797,0.00306499374244368,0.0403892662807626,-0.000401576002237789,0.0163544971672383,-0.0178523615490071,-0.0223040595117487,-0.0140414069169102,0.0284712451760186,-0.0170918562825915,-0.0178523615490071,-0.00131773237491211,0.0262940077862447,0.00827571626269905,-0.0101419378718275,0.000743700436990797,-0.0223040595117487,0.0262940077862447,0.0249664869785182,0.00783894659202718,-0.0457904764933517,0.00306499374244368,-0.0140414069169102,0.00827571626269905,0.00783894659202718,-0.00443392225590052,-0.0346868386585836,0.0403892662807626,0.0284712451760186,-0.0101419378718275,-0.0457904764933517,-0.0346868386585836,-0.00820746635846634
-0.00124873017379349,0.028203724710735,0.0117809501628483,0.00306499374244368,0.0361785922233931,0.0383331332271532,0.028203724710735,0.000429165359529706,-0.0202081151591854,-0.0140414069169102,-0.0221404422020788,0.00726924786557934,0.0117809501628483,-0.0202081151591854,-0.00517089261900349,0.00827571626269905,-0.0125837308652938,-0.0394212150529346,0.00306499374244368,-0.0140414069169102,0.00827571626269905,0.00783894659202718,-0.00443392225590052,-0.0346868386585836,0.0361785922233931,-0.0221404422020788,-0.0125837308652938,-0.00443392225590052,-0.0314563992778771,-0.0584433147925338,0.0383331332271532,0.00726924786557934,-0.0394212150529346,-0.0346868386585836,-0.0584433147925338,-0.0533058788643931
-0.08316803758736,-0.0253872817932558,-0.00638880220533438,0.0403892662807626,0.0383331332271532,0.163753736386646,-0.0253872817932558,-0.0512590793554973,-0.0135622929434174,0.0284712451760186,0.00726924786557934,-0.0117779718754397,-0.00638880220533438,-0.0135622929434174,-0.160793661044624,-0.0101419378718275,-0.0394212150529346,0.154437383900329,0.0403892662807626,0.0284712451760186,-0.0101419378718275,-0.0457904764933517,-0.0346868386585836,-0.00820746635846634,0.0383331332271532,0.00726924786557934,-0.0394212150529346,-0.0346868386585836,-0.0584433147925338,-0.0533058788643931,0.163753736386646,-0.0117779718754397,0.154437383900329,-0.00820746635846634,-0.0533058788643931,-0.533781638463188
