"Mkt.RF","SMB","HML","RMW","CMA","Mom"
0.68053433844125,-0.122285141681122,-0.164889660495524,0.0389117580697041,-0.107040204194506,0.0466953534833124
-0.122285141681122,0.209546157693561,0.0197290628795443,-0.0317420726620246,-0.000566751745674711,0.00912346172500534
-0.164889660495524,0.0197290628795443,0.142067943263674,-0.0405300475920955,0.0775219060783461,-0.00961675638637961
0.0389117580697041,-0.0317420726620246,-0.0405300475920955,0.0594661963637747,-0.029392449070489,0.00935460478001331
-0.107040204194506,-0.000566751745674711,0.0775219060783461,-0.029392449070489,0.0920407134660551,-0.00300670844697301
0.0466953534833124,0.00912346172500534,-0.00961675638637961,0.00935460478001331,-0.00300670844697301,0.232376182361377
