"Mkt.RF","SMB","HML","RMW","CMA","Mom"
0.903773215444769,-0.170801010945885,-0.263404438470344,-0.0857632005365695,-0.171867575801525,0.0438628022806647
-0.170801010945885,0.29969512391066,0.0136438225114504,-0.0656874216826508,0.0103624920358418,0.0379096530955282
-0.263404438470344,0.0136438225114504,0.219844366850951,0.0409582865379591,0.129191157846273,-0.0147263060704574
-0.0857632005365695,-0.0656874216826508,0.0409582865379591,0.169715774818827,0.0318435087638464,0.0148326329342048
-0.171867575801525,0.0103624920358418,0.129191157846273,0.0318435087638464,0.158575771897225,0.00986467161384309
0.0438628022806647,0.0379096530955282,-0.0147263060704574,0.0148326329342048,0.00986467161384309,0.39708738392522
