"Mkt.RF","SMB","HML","RMW","CMA","Mom"
1.27892468786242,-0.0605822406558909,-0.0621454466482121,-0.167553984421264,-0.161610612777245,-0.167254195561992
-0.0605822406558909,0.347735155940076,0.0178452706085955,-0.0769708244520294,0.00645567878991918,0.00171953547399155
-0.0621454466482121,0.0178452706085955,0.339500330985754,0.0126467901942377,0.117238085732791,-0.163444835003656
-0.167553984421264,-0.0769708244520294,0.0126467901942377,0.198756574807238,0.0418908604921032,0.053811845944654
-0.161610612777245,0.00645567878991918,0.117238085732791,0.0418908604921032,0.164343339810075,0.0186406857003634
-0.167254195561992,0.00171953547399155,-0.163444835003656,0.053811845944654,0.0186406857003634,0.692685144150696
