"Mkt.RF","SMB","HML","RMW","CMA","MOM"
8.90366445307605e-05,-1.99705955079388e-05,-2.69558042668766e-05,-4.00759695412421e-06,-1.89045720899232e-05,5.46095663689657e-06
-1.99705955079388e-05,2.86646260722704e-05,2.28632891813165e-06,-6.35514795369981e-06,1.08747255287386e-06,1.6821499609857e-06
-2.69558042668766e-05,2.28632891813165e-06,2.22178702219533e-05,2.9728988573433e-06,1.35371742036067e-05,-2.04799299768339e-06
-4.00759695412421e-06,-6.35514795369981e-06,2.9728988573433e-06,1.38276059485942e-05,3.46206955073961e-06,-1.04722167345365e-06
-1.89045720899232e-05,1.08747255287386e-06,1.35371742036067e-05,3.46206955073961e-06,1.53903653103422e-05,1.20859481343047e-06
5.46095663689657e-06,1.6821499609857e-06,-2.04799299768339e-06,-1.04722167345365e-06,1.20859481343047e-06,3.5291294102027e-05
