"Mkt.RF","SMB","HML","RMW","CMA","MOM"
8.48150582354072e-05,-1.90211384609674e-05,-2.49186230672933e-05,-2.53828074121799e-06,-1.66668906062391e-05,9.98196039202778e-06
-1.90211384609674e-05,2.77511073359704e-05,2.10125826097023e-06,-6.29966948616605e-06,7.17288456563402e-07,1.22921194157397e-06
-2.49186230672933e-05,2.10125826097023e-06,2.06501623424129e-05,2.02847032658382e-06,1.22866535803673e-05,-4.56470444763313e-06
-2.53828074121799e-06,-6.29966948616605e-06,2.02847032658382e-06,1.25876732744e-05,2.22823945741592e-06,-3.16375569683895e-06
-1.66668906062391e-05,7.17288456563402e-07,1.22866535803673e-05,2.22823945741592e-06,1.37907668412699e-05,-1.72252209189769e-06
9.98196039202778e-06,1.22921194157397e-06,-4.56470444763313e-06,-3.16375569683895e-06,-1.72252209189769e-06,3.00560587466016e-05
