"V1","V2","V3","V4","V5","V6","V7","V8","V9","V10","V11","V12","V13","V14","V15","V16","V17","V18","V19","V20","V21","V22","V23","V24","V25","V26","V27","V28","V29","V30","V31","V32","V33","V34","V35","V36"
-1.40759933314979e-06,1.30098040454126e-07,-6.3361856119274e-08,1.1582538911378e-07,-4.02974144197135e-09,-3.15352667661855e-07,1.30098040454126e-07,-9.56555461638348e-09,2.57985086525662e-08,-1.35247746114267e-08,2.57546983110094e-08,4.12466138676909e-08,-6.3361856119274e-08,2.57985086525662e-08,-1.08187089411424e-08,-1.51876768544763e-08,1.83248422136444e-08,1.66135873572773e-08,1.1582538911378e-07,-1.35247746114267e-08,-1.51876768544763e-08,3.23298501728102e-09,5.16881557979524e-09,5.37935399122277e-08,-4.02974144197135e-09,2.57546983110094e-08,1.83248422136444e-08,5.16881557979524e-09,4.24494257366397e-08,3.72970541524483e-08,-3.15352667661855e-07,4.12466138676909e-08,1.66135873572773e-08,5.37935399122277e-08,3.72970541524483e-08,1.22796007031707e-07
1.30098040454126e-07,-9.56555461638348e-09,2.57985086525662e-08,-1.35247746114267e-08,2.57546983110094e-08,4.12466138676909e-08,-9.56555461638348e-09,-2.39460385191229e-07,5.80098774782781e-08,6.36002269600515e-08,4.23107570836177e-08,-6.9077881896912e-08,2.57985086525662e-08,5.80098774782781e-08,-1.8812972407192e-08,-2.51174313533099e-08,-3.08841239294954e-08,-1.48561830452649e-08,-1.35247746114267e-08,6.36002269600515e-08,-2.51174313533099e-08,-2.92145042701746e-08,-2.18144532971509e-08,2.49891956732627e-08,2.57546983110094e-08,4.23107570836177e-08,-3.08841239294954e-08,-2.18144532971509e-08,-3.1501417546168e-08,9.60911569177092e-09,4.12466138676909e-08,-6.9077881896912e-08,-1.48561830452649e-08,2.49891956732627e-08,9.60911569177092e-09,4.57615416244832e-09
-6.3361856119274e-08,2.57985086525662e-08,-1.08187089411424e-08,-1.51876768544763e-08,1.83248422136444e-08,1.66135873572773e-08,2.57985086525662e-08,5.80098774782781e-08,-1.8812972407192e-08,-2.51174313533099e-08,-3.08841239294954e-08,-1.48561830452649e-08,-1.08187089411424e-08,-1.8812972407192e-08,6.20234675869461e-08,5.80982198172532e-10,-1.29636071834327e-08,-1.52359314100904e-07,-1.51876768544763e-08,-2.51174313533099e-08,5.80982198172532e-10,2.28321530336549e-08,7.76881368778165e-09,-1.09309713562993e-08,1.83248422136444e-08,-3.08841239294954e-08,-1.29636071834327e-08,7.76881368778165e-09,-1.97127949031458e-08,-3.7122218552729e-08,1.66135873572773e-08,-1.48561830452649e-08,-1.52359314100904e-07,-1.09309713562993e-08,-3.7122218552729e-08,1.62949463453214e-07
1.1582538911378e-07,-1.35247746114267e-08,-1.51876768544763e-08,3.23298501728102e-09,5.16881557979524e-09,5.37935399122277e-08,-1.35247746114267e-08,6.36002269600515e-08,-2.51174313533099e-08,-2.92145042701746e-08,-2.18144532971509e-08,2.49891956732627e-08,-1.51876768544763e-08,-2.51174313533099e-08,5.80982198172532e-10,2.28321530336549e-08,7.76881368778165e-09,-1.09309713562993e-08,3.23298501728102e-09,-2.92145042701746e-08,2.28321530336549e-08,1.97077843343169e-08,4.86857287845583e-09,-4.79738157896133e-08,5.16881557979524e-09,-2.18144532971509e-08,7.76881368778165e-09,4.86857287845583e-09,-5.38986914576101e-09,-3.72380632039892e-08,5.37935399122277e-08,2.49891956732627e-08,-1.09309713562993e-08,-4.79738157896133e-08,-3.72380632039892e-08,-2.0310559226472e-08
-4.02974144197135e-09,2.57546983110094e-08,1.83248422136444e-08,5.16881557979524e-09,4.24494257366397e-08,3.72970541524483e-08,2.57546983110094e-08,4.23107570836177e-08,-3.08841239294954e-08,-2.18144532971509e-08,-3.1501417546168e-08,9.60911569177092e-09,1.83248422136444e-08,-3.08841239294954e-08,-1.29636071834327e-08,7.76881368778165e-09,-1.97127949031458e-08,-3.7122218552729e-08,5.16881557979524e-09,-2.18144532971509e-08,7.76881368778165e-09,4.86857287845583e-09,-5.38986914576101e-09,-3.72380632039892e-08,4.24494257366397e-08,-3.1501417546168e-08,-1.97127949031458e-08,-5.38986914576101e-09,-3.91635345146449e-08,-6.14067803906529e-08,3.72970541524483e-08,9.60911569177092e-09,-3.7122218552729e-08,-3.72380632039892e-08,-6.14067803906529e-08,-7.23710564765885e-08
-3.15352667661855e-07,4.12466138676909e-08,1.66135873572773e-08,5.37935399122277e-08,3.72970541524483e-08,1.22796007031707e-07,4.12466138676909e-08,-6.9077881896912e-08,-1.48561830452649e-08,2.49891956732627e-08,9.60911569177092e-09,4.57615416244832e-09,1.66135873572773e-08,-1.48561830452649e-08,-1.52359314100904e-07,-1.09309713562993e-08,-3.7122218552729e-08,1.62949463453214e-07,5.37935399122277e-08,2.49891956732627e-08,-1.09309713562993e-08,-4.79738157896133e-08,-3.72380632039892e-08,-2.0310559226472e-08,3.72970541524483e-08,9.60911569177092e-09,-3.7122218552729e-08,-3.72380632039892e-08,-6.14067803906529e-08,-7.23710564765885e-08,1.22796007031707e-07,4.57615416244832e-09,1.62949463453214e-07,-2.0310559226472e-08,-7.23710564765885e-08,-6.4362257053555e-07
