"Mkt.RF","SMB","HML","RMW","CMA","MOM"
0.000120959318300853,-1.54648196285577e-05,-1.54249486081503e-05,-1.13704933128022e-05,-1.8960169926483e-05,-1.49779811181661e-05
-1.54648196285577e-05,3.39207819012083e-05,2.25377787998386e-06,-6.75602078832677e-06,1.02409440367734e-06,1.1775946086541e-06
-1.54249486081503e-05,2.25377787998386e-06,3.2821870711552e-05,1.59422929794441e-06,1.23709593863488e-05,-1.4207530127123e-05
-1.13704933128022e-05,-6.75602078832677e-06,1.59422929794441e-06,1.84249926564712e-05,3.51793354837199e-06,4.98177456765234e-06
-1.8960169926483e-05,1.02409440367734e-06,1.23709593863488e-05,3.51793354837199e-06,1.68281681030605e-05,2.29302792731264e-06
-1.49779811181661e-05,1.1775946086541e-06,-1.4207530127123e-05,4.98177456765234e-06,2.29302792731264e-06,6.4692292375096e-05
