"V1","V2","V3","V4","V5","V6","V7","V8","V9","V10","V11","V12","V13","V14","V15","V16","V17","V18","V19","V20","V21","V22","V23","V24","V25","V26","V27","V28","V29","V30","V31","V32","V33","V34","V35","V36"
-0.745177919432814,0.164382626711577,0.0565852018574382,0.0372224104656966,-0.0222134606269578,-0.270266052662389,0.164382626711577,-0.0570278601042825,0.00329043248892593,-0.0139992589489635,0.0114631909698785,0.0472889526201687,0.0565852018574382,0.00329043248892593,0.00645518600178943,-0.0114362512367807,0.0132309921088897,0.0268342869167996,0.0372224104656966,-0.0139992589489635,-0.0114362512367807,0.00606831235823805,-0.00527658823216724,0.0180911491903946,-0.0222134606269578,0.0114631909698785,0.0132309921088897,-0.00527658823216724,0.0144147526359983,0.00739656726233565,-0.270266052662389,0.0472889526201687,0.0268342869167996,0.0180911491903946,0.00739656726233565,-0.0297463404428172
0.164382626711577,-0.0570278601042825,0.00329043248892593,-0.0139992589489635,0.0114631909698785,0.0472889526201687,-0.0570278601042825,-0.213615598445608,0.0422111680124765,0.0541200916046481,0.0359919593672458,-0.0448991699159605,0.00329043248892593,0.0422111680124765,-0.0168091778435482,-0.00699331207072308,-0.0129466277783705,-0.00177763479609197,-0.0139992589489635,0.0541200916046481,-0.00699331207072308,-0.0131321903489148,-0.00779968035572309,0.00257916598438651,0.0114631909698785,0.0359919593672458,-0.0129466277783705,-0.00779968035572309,-0.0111508348512835,0.00332485856220163,0.0472889526201687,-0.0448991699159605,-0.00177763479609197,0.00257916598438651,0.00332485856220163,0.00341133103040184
0.0565852018574382,0.00329043248892593,0.00645518600178943,-0.0114362512367807,0.0132309921088897,0.0268342869167996,0.00329043248892593,0.0422111680124765,-0.0168091778435482,-0.00699331207072308,-0.0129466277783705,-0.00177763479609197,0.00645518600178943,-0.0168091778435482,0.00580518309185771,0.00327445813613684,-0.00166499992346834,-0.017110912415446,-0.0114362512367807,-0.00699331207072308,0.00327445813613684,0.00190821866904406,0.00297668270794038,0.000661845927753665,0.0132309921088897,-0.0129466277783705,-0.00166499992346834,0.00297668270794038,-0.00332167902964642,-0.00852389776998677,0.0268342869167996,-0.00177763479609197,-0.017110912415446,0.000661845927753665,-0.00852389776998677,-0.0014129757322847
0.0372224104656966,-0.0139992589489635,-0.0114362512367807,0.00606831235823805,-0.00527658823216724,0.0180911491903946,-0.0139992589489635,0.0541200916046481,-0.00699331207072308,-0.0131321903489148,-0.00779968035572309,0.00257916598438651,-0.0114362512367807,-0.00699331207072308,0.00327445813613684,0.00190821866904406,0.00297668270794038,0.000661845927753665,0.00606831235823805,-0.0131321903489148,0.00190821866904406,0.00381561191754951,0.00167890535936066,-0.00458863251626408,-0.00527658823216724,-0.00779968035572309,0.00297668270794038,0.00167890535936066,0.00230202840015351,0.00135224252460384,0.0180911491903946,0.00257916598438651,0.000661845927753665,-0.00458863251626408,0.00135224252460384,0.00514283958203753
-0.0222134606269578,0.0114631909698785,0.0132309921088897,-0.00527658823216724,0.0144147526359983,0.00739656726233565,0.0114631909698785,0.0359919593672458,-0.0129466277783705,-0.00779968035572309,-0.0111508348512835,0.00332485856220163,0.0132309921088897,-0.0129466277783705,-0.00166499992346834,0.00297668270794038,-0.00332167902964642,-0.00852389776998677,-0.00527658823216724,-0.00779968035572309,0.00297668270794038,0.00167890535936066,0.00230202840015351,0.00135224252460384,0.0144147526359983,-0.0111508348512835,-0.00332167902964642,0.00230202840015351,-0.00198149443112676,-0.00693521774150739,0.00739656726233565,0.00332485856220163,-0.00852389776998677,0.00135224252460384,-0.00693521774150739,-0.0134433482258255
-0.270266052662389,0.0472889526201687,0.0268342869167996,0.0180911491903946,0.00739656726233565,-0.0297463404428172,0.0472889526201687,-0.0448991699159605,-0.00177763479609197,0.00257916598438651,0.00332485856220163,0.00341133103040184,0.0268342869167996,-0.00177763479609197,-0.017110912415446,0.000661845927753665,-0.00852389776998677,-0.0014129757322847,0.0180911491903946,0.00257916598438651,0.000661845927753665,-0.00458863251626408,0.00135224252460384,0.00514283958203753,0.00739656726233565,0.00332485856220163,-0.00852389776998677,0.00135224252460384,-0.00693521774150739,-0.0134433482258255,-0.0297463404428172,0.00341133103040184,-0.0014129757322847,0.00514283958203753,-0.0134433482258255,-0.0800372906732086
