"V1","V2","V3","V4","V5","V6","V7","V8","V9","V10","V11","V12","V13","V14","V15","V16","V17","V18","V19","V20","V21","V22","V23","V24","V25","V26","V27","V28","V29","V30","V31","V32","V33","V34","V35","V36"
-0.736770563628927,0.157095184469657,0.0550029950298841,0.0359815975240903,-0.0202250800489072,-0.27647077894606,0.157095184469657,-0.0564044093777074,0.00361922514718461,-0.0151411550299337,0.012382770266838,0.0416943334984286,0.0550029950298841,0.00361922514718461,0.00905936485074611,-0.0108192083536403,0.014074827139004,0.0270800046880152,0.0359815975240903,-0.0151411550299337,-0.0108192083536403,0.00643057671644276,-0.00501787228463767,0.0170568435104921,-0.0202250800489072,0.012382770266838,0.014074827139004,-0.00501787228463767,0.0142607313002167,0.009681854475005,-0.27647077894606,0.0416943334984286,0.0270800046880152,0.0170568435104921,0.009681854475005,-0.0348097261990751
0.157095184469657,-0.0564044093777074,0.00361922514718461,-0.0151411550299337,0.012382770266838,0.0416943334984286,-0.0564044093777074,-0.219218253536445,0.0413420715291834,0.0547406701857949,0.036779655304602,-0.0471551995413215,0.00361922514718461,0.0413420715291834,-0.0163310079806708,-0.0060865122594173,-0.0134233989153191,-0.00194519330026351,-0.0151411550299337,0.0547406701857949,-0.0060865122594173,-0.0132738515474007,-0.00719238308084722,0.00173574548821889,0.012382770266838,0.036779655304602,-0.0134233989153191,-0.00719238308084722,-0.011979908079677,0.00470944685994684,0.0416943334984286,-0.0471551995413215,-0.00194519330026351,0.00173574548821889,0.00470944685994684,-0.000545515370432354
0.0550029950298841,0.00361922514718461,0.00905936485074611,-0.0108192083536403,0.014074827139004,0.0270800046880152,0.00361922514718461,0.0413420715291834,-0.0163310079806708,-0.0060865122594173,-0.0134233989153191,-0.00194519330026351,0.00905936485074611,-0.0163310079806708,0.00402897996868873,0.00291210715374292,-0.00296617439080754,-0.016088962879645,-0.0108192083536403,-0.0060865122594173,0.00291210715374292,0.00110919140436535,0.00291698294195033,0.000599339439416581,0.014074827139004,-0.0134233989153191,-0.00296617439080754,0.00291698294195033,-0.00406245554217659,-0.00819676158870369,0.0270800046880152,-0.00194519330026351,-0.016088962879645,0.000599339439416581,-0.00819676158870369,-0.00153036411529381
0.0359815975240903,-0.0151411550299337,-0.0108192083536403,0.00643057671644276,-0.00501787228463767,0.0170568435104921,-0.0151411550299337,0.0547406701857949,-0.0060865122594173,-0.0132738515474007,-0.00719238308084722,0.00173574548821889,-0.0108192083536403,-0.0060865122594173,0.00291210715374292,0.00110919140436535,0.00291698294195033,0.000599339439416581,0.00643057671644276,-0.0132738515474007,0.00110919140436535,0.00413546146855633,0.00123436848276731,-0.00429823465396019,-0.00501787228463767,-0.00719238308084722,0.00291698294195033,0.00123436848276731,0.00250880473768376,0.00153246051258177,0.0170568435104921,0.00173574548821889,0.000599339439416581,-0.00429823465396019,0.00153246051258177,0.00584202552717217
-0.0202250800489072,0.012382770266838,0.014074827139004,-0.00501787228463767,0.0142607313002167,0.009681854475005,0.012382770266838,0.036779655304602,-0.0134233989153191,-0.00719238308084722,-0.011979908079677,0.00470944685994684,0.014074827139004,-0.0134233989153191,-0.00296617439080754,0.00291698294195033,-0.00406245554217659,-0.00819676158870369,-0.00501787228463767,-0.00719238308084722,0.00291698294195033,0.00123436848276731,0.00250880473768376,0.00153246051258177,0.0142607313002167,-0.011979908079677,-0.00406245554217659,0.00250880473768376,-0.00207211599021204,-0.00719422008628298,0.009681854475005,0.00470944685994684,-0.00819676158870369,0.00153246051258177,-0.00719422008628298,-0.0119419250075623
-0.27647077894606,0.0416943334984286,0.0270800046880152,0.0170568435104921,0.009681854475005,-0.0348097261990751,0.0416943334984286,-0.0471551995413215,-0.00194519330026351,0.00173574548821889,0.00470944685994684,-0.000545515370432354,0.0270800046880152,-0.00194519330026351,-0.016088962879645,0.000599339439416581,-0.00819676158870369,-0.00153036411529381,0.0170568435104921,0.00173574548821889,0.000599339439416581,-0.00429823465396019,0.00153246051258177,0.00584202552717217,0.009681854475005,0.00470944685994684,-0.00819676158870369,0.00153246051258177,-0.00719422008628298,-0.0119419250075623,-0.0348097261990751,-0.000545515370432354,-0.00153036411529381,0.00584202552717217,-0.0119419250075623,-0.083494019570764
