"Mkt.RF","SMB","HML","RMW","CMA","Mom"
0.891589771113244,-0.202356968843051,-0.271581481596088,-0.044515460175893,-0.195093409322913,0.0428042872503832
-0.202356968843051,0.286310475856379,0.023313897897162,-0.0625673105396011,0.0126342740019474,0.0186057873028289
-0.271581481596088,0.023313897897162,0.224515535298067,0.0313648117844235,0.136957678223401,-0.0177575859119439
-0.044515460175893,-0.0625673105396011,0.0313648117844235,0.142841347029609,0.0385460962561432,-0.00568248105103676
-0.195093409322913,0.0126342740019474,0.136957678223401,0.0385460962561432,0.157417206393387,0.0176345992561957
0.0428042872503832,0.0186057873028289,-0.0177575859119439,-0.00568248105103676,0.0176345992561957,0.359337527001695
