"V1","V2","V3","V4","V5","V6","V7","V8","V9","V10","V11","V12","V13","V14","V15","V16","V17","V18","V19","V20","V21","V22","V23","V24","V25","V26","V27","V28","V29","V30","V31","V32","V33","V34","V35","V36"
-0.896915089835885,0.0725402837583198,-0.0639592220845009,0.0930877825666595,-0.0215681125326944,-0.289438909357074,0.0725402837583198,0.000136166173039546,0.0302577582395061,-0.0135384325493132,0.027341136322342,0.0408532462806631,-0.0639592220845009,0.0302577582395061,0.0120353996327279,-0.0172415880830259,0.0188299283966604,0.0101399548425164,0.0930877825666595,-0.0135384325493132,-0.0172415880830259,0.00451226906525832,0.00629284345082255,0.0515480940432188,-0.0215681125326944,0.027341136322342,0.0188299283966604,0.00629284345082255,0.0435983593022479,0.0375420694164322,-0.289438909357074,0.0408532462806631,0.0101399548425164,0.0515480940432188,0.0375420694164322,0.119564263814818
0.0725402837583198,0.000136166173039546,0.0302577582395061,-0.0135384325493132,0.027341136322342,0.0408532462806631,0.000136166173039546,-0.195594237684465,0.0516839199063746,0.0580485693713244,0.0364915553831036,-0.0656302263306133,0.0302577582395061,0.0516839199063746,-0.0170330895120012,-0.0244903812159412,-0.0301777517715738,-0.0167869575715654,-0.0135384325493132,0.0580485693713244,-0.0244903812159412,-0.0289488115741189,-0.021294219679774,0.0228144407669406,0.027341136322342,0.0364915553831036,-0.0301777517715738,-0.021294219679774,-0.030682815885422,0.00920930120451925,0.0408532462806631,-0.0656302263306133,-0.0167869575715654,0.0228144407669406,0.00920930120451925,0.00881511074988706
-0.0639592220845009,0.0302577582395061,0.0120353996327279,-0.0172415880830259,0.0188299283966604,0.0101399548425164,0.0302577582395061,0.0516839199063746,-0.0170330895120012,-0.0244903812159412,-0.0301777517715738,-0.0167869575715654,0.0120353996327279,-0.0170330895120012,0.0762884114827266,-0.00112666431865285,-0.0130762862109654,-0.152731939101975,-0.0172415880830259,-0.0244903812159412,-0.00112666431865285,0.0245263827460603,0.00908976614665331,-0.00922222049035467,0.0188299283966604,-0.0301777517715738,-0.0130762862109654,0.00908976614665331,-0.0176926068166538,-0.0349187753456963,0.0101399548425164,-0.0167869575715654,-0.152731939101975,-0.00922222049035467,-0.0349187753456963,0.139210230417591
0.0930877825666595,-0.0135384325493132,-0.0172415880830259,0.00451226906525832,0.00629284345082255,0.0515480940432188,-0.0135384325493132,0.0580485693713244,-0.0244903812159412,-0.0289488115741189,-0.021294219679774,0.0228144407669406,-0.0172415880830259,-0.0244903812159412,-0.00112666431865285,0.0245263827460603,0.00908976614665331,-0.00922222049035467,0.00451226906525832,-0.0289488115741189,0.0245263827460603,0.0241116471725347,0.00661356824535873,-0.0450900671620155,0.00629284345082255,-0.021294219679774,0.00908976614665331,0.00661356824535873,-0.0034014803073454,-0.0345154871316811,0.0515480940432188,0.0228144407669406,-0.00922222049035467,-0.0450900671620155,-0.0345154871316811,-0.0131559699434225
-0.0215681125326944,0.027341136322342,0.0188299283966604,0.00629284345082255,0.0435983593022479,0.0375420694164322,0.027341136322342,0.0364915553831036,-0.0301777517715738,-0.021294219679774,-0.030682815885422,0.00920930120451925,0.0188299283966604,-0.0301777517715738,-0.0130762862109654,0.00908976614665331,-0.0176926068166538,-0.0349187753456963,0.00629284345082255,-0.021294219679774,0.00908976614665331,0.00661356824535873,-0.0034014803073454,-0.0345154871316811,0.0435983593022479,-0.030682815885422,-0.0176926068166538,-0.0034014803073454,-0.0354425149407886,-0.0569540536096377,0.0375420694164322,0.00920930120451925,-0.0349187753456963,-0.0345154871316811,-0.0569540536096377,-0.067814229185076
-0.289438909357074,0.0408532462806631,0.0101399548425164,0.0515480940432188,0.0375420694164322,0.119564263814818,0.0408532462806631,-0.0656302263306133,-0.0167869575715654,0.0228144407669406,0.00920930120451925,0.00881511074988706,0.0101399548425164,-0.0167869575715654,-0.152731939101975,-0.00922222049035467,-0.0349187753456963,0.139210230417591,0.0515480940432188,0.0228144407669406,-0.00922222049035467,-0.0450900671620155,-0.0345154871316811,-0.0131559699434225,0.0375420694164322,0.00920930120451925,-0.0349187753456963,-0.0345154871316811,-0.0569540536096377,-0.067814229185076,0.119564263814818,0.00881511074988706,0.139210230417591,-0.0131559699434225,-0.067814229185076,-0.540932318276453
