"V1","V2","V3","V4","V5","V6","V7","V8","V9","V10","V11","V12","V13","V14","V15","V16","V17","V18","V19","V20","V21","V22","V23","V24","V25","V26","V27","V28","V29","V30","V31","V32","V33","V34","V35","V36"
-0.90406923898556,0.0786239202506278,-0.0658222881287153,0.0934303777442939,-0.02345925564084,-0.290279254270335,0.0786239202506278,-0.0016984689260684,0.0289661911647701,-0.014381841977274,0.026780011823208,0.0418454288748599,-0.0658222881287153,0.0289661911647701,0.011645326777621,-0.0170170546350265,0.0196019919354733,0.010476793714804,0.0934303777442939,-0.014381841977274,-0.0170170546350265,0.0048743393825832,0.00603640114352355,0.0505392294164907,-0.02345925564084,0.026780011823208,0.0196019919354733,0.00603640114352355,0.0442265675441336,0.0376831314028263,-0.290279254270335,0.0418454288748599,0.010476793714804,0.0505392294164907,0.0376831314028263,0.119198826744842
0.0786239202506278,-0.0016984689260684,0.0289661911647701,-0.014381841977274,0.026780011823208,0.0418454288748599,-0.0016984689260684,-0.195323202072252,0.0515969934740801,0.0581406106995334,0.0363068063195478,-0.0662732938527578,0.0289661911647701,0.0515969934740801,-0.0161429430948251,-0.0243006670302104,-0.0299362162001795,-0.0175357828682058,-0.014381841977274,0.0581406106995334,-0.0243006670302104,-0.028778622840962,-0.0210081364614895,0.0232410141731694,0.026780011823208,0.0363068063195478,-0.0299362162001795,-0.0210081364614895,-0.0304279509351179,0.00890644436486886,0.0418454288748599,-0.0662732938527578,-0.0175357828682058,0.0232410141731694,0.00890644436486886,0.00953313259794424
-0.0658222881287153,0.0289661911647701,0.011645326777621,-0.0170170546350265,0.0196019919354733,0.010476793714804,0.0289661911647701,0.0515969934740801,-0.0161429430948251,-0.0243006670302104,-0.0299362162001795,-0.0175357828682058,0.011645326777621,-0.0161429430948251,0.0748572962131196,-0.00113053105993234,-0.0136591029560252,-0.152091745912331,-0.0170170546350265,-0.0243006670302104,-0.00113053105993234,0.0243113805327927,0.0091678566159961,-0.00915636997401217,0.0196019919354733,-0.0299362162001795,-0.0136591029560252,0.0091678566159961,-0.0181634875401835,-0.0348381579714004,0.010476793714804,-0.0175357828682058,-0.152091745912331,-0.00915636997401217,-0.0348381579714004,0.139417233962457
0.0934303777442939,-0.014381841977274,-0.0170170546350265,0.0048743393825832,0.00603640114352355,0.0505392294164907,-0.014381841977274,0.0581406106995334,-0.0243006670302104,-0.028778622840962,-0.0210081364614895,0.0232410141731694,-0.0170170546350265,-0.0243006670302104,-0.00113053105993234,0.0243113805327927,0.0091678566159961,-0.00915636997401217,0.0048743393825832,-0.028778622840962,0.0243113805327927,0.0244145575598272,0.00656964171825094,-0.0449040497859318,0.00603640114352355,-0.0210081364614895,0.0091678566159961,0.00656964171825094,-0.00325230636285275,-0.0345896678531379,0.0505392294164907,0.0232410141731694,-0.00915636997401217,-0.0449040497859318,-0.0345896678531379,-0.0141374415421585
-0.02345925564084,0.026780011823208,0.0196019919354733,0.00603640114352355,0.0442265675441336,0.0376831314028263,0.026780011823208,0.0363068063195478,-0.0299362162001795,-0.0210081364614895,-0.0304279509351179,0.00890644436486886,0.0196019919354733,-0.0299362162001795,-0.0136591029560252,0.0091678566159961,-0.0181634875401835,-0.0348381579714004,0.00603640114352355,-0.0210081364614895,0.0091678566159961,0.00656964171825094,-0.00325230636285275,-0.0345896678531379,0.0442265675441336,-0.0304279509351179,-0.0181634875401835,-0.00325230636285275,-0.0356953252747273,-0.0568024230423658,0.0376831314028263,0.00890644436486886,-0.0348381579714004,-0.0345896678531379,-0.0568024230423658,-0.0660240144270303
-0.290279254270335,0.0418454288748599,0.010476793714804,0.0505392294164907,0.0376831314028263,0.119198826744842,0.0418454288748599,-0.0662732938527578,-0.0175357828682058,0.0232410141731694,0.00890644436486886,0.00953313259794424,0.010476793714804,-0.0175357828682058,-0.152091745912331,-0.00915636997401217,-0.0348381579714004,0.139417233962457,0.0505392294164907,0.0232410141731694,-0.00915636997401217,-0.0449040497859318,-0.0345896678531379,-0.0141374415421585,0.0376831314028263,0.00890644436486886,-0.0348381579714004,-0.0345896678531379,-0.0568024230423658,-0.0660240144270303,0.119198826744842,0.00953313259794424,0.139417233962457,-0.0141374415421585,-0.0660240144270303,-0.52957159007103
