"Mkt.RF","SMB","HML","RMW","CMA","Mom"
1.20226500075309,-0.151230217579074,-0.146211061520668,-0.116217429838354,-0.186976681978026,-0.154367964413001
-0.151230217579074,0.337490812121612,0.0246904494083756,-0.0671590588828485,0.0113385926900957,0.011349027640555
-0.146211061520668,0.0246904494083756,0.334429060334923,0.0143426974206302,0.124312599690073,-0.142100076802881
-0.116217429838354,-0.0671590588828485,0.0143426974206302,0.185425678315202,0.0350335742991864,0.04968221957812
-0.186976681978026,0.0113385926900957,0.124312599690073,0.0350335742991864,0.16806387882472,0.0223901048425817
-0.154367964413001,0.011349027640555,-0.142100076802881,0.04968221957812,0.0223901048425817,0.641832417777582
