"V1","V2","V3","V4","V5","V6","V7","V8","V9","V10","V11","V12","V13","V14","V15","V16","V17","V18","V19","V20","V21","V22","V23","V24","V25","V26","V27","V28","V29","V30","V31","V32","V33","V34","V35","V36"
-0.812493646698351,0.126086452856062,0.051251991122052,0.0483780613842552,-0.0349495990618068,-0.306563401304513,0.126086452856062,-0.0405542973758407,0.0192814430561506,-0.000396734052775842,0.0314952312076435,0.0475921381527348,0.051251991122052,0.0192814430561506,-0.00228623964627458,-0.0120316782924897,0.0240210203923835,0.0587703684767756,0.0483780613842552,-0.000396734052775842,-0.0120316782924897,-0.00181927955709538,0.00289333924030827,0.0458611499778585,-0.0349495990618068,0.0314952312076435,0.0240210203923835,0.00289333924030827,0.0431560921622162,0.0375160671107911,-0.306563401304513,0.0475921381527348,0.0587703684767756,0.0458611499778585,0.0375160671107911,-0.00443804095598471
0.126086452856062,-0.0405542973758407,0.0192814430561506,-0.000396734052775842,0.0314952312076435,0.0475921381527348,-0.0405542973758407,-0.244289632989842,0.0420526441428324,0.0684805679063739,0.0417728925420588,-0.0632922965881987,0.0192814430561506,0.0420526441428324,-0.0367591134506705,-0.0192699351478357,-0.0323359739795251,0.0110243328218912,-0.000396734052775842,0.0684805679063739,-0.0192699351478357,-0.0347495632350825,-0.0213175429506408,0.0197240140061602,0.0314952312076435,0.0417728925420588,-0.0323359739795251,-0.0213175429506408,-0.0335363603232757,0.0118390508058762,0.0475921381527348,-0.0632922965881987,0.0110243328218912,0.0197240140061602,0.0118390508058762,-0.059899194647308
0.051251991122052,0.0192814430561506,-0.00228623964627458,-0.0120316782924897,0.0240210203923835,0.0587703684767756,0.0192814430561506,0.0420526441428324,-0.0367591134506705,-0.0192699351478357,-0.0323359739795251,0.0110243328218912,-0.00228623964627458,-0.0367591134506705,0.0122506558095985,0.0200980780890786,-0.00641689050232652,-0.040508973965717,-0.0120316782924897,-0.0192699351478357,0.0200980780890786,0.013170908652391,0.00758973853662189,-0.0374129626804128,0.0240210203923835,-0.0323359739795251,-0.00641689050232652,0.00758973853662189,-0.0211226283551611,-0.0411783571678002,0.0587703684767756,0.0110243328218912,-0.040508973965717,-0.0374129626804128,-0.0411783571678002,-0.0243407763637854
0.0483780613842552,-0.000396734052775842,-0.0120316782924897,-0.00181927955709538,0.00289333924030827,0.0458611499778585,-0.000396734052775842,0.0684805679063739,-0.0192699351478357,-0.0347495632350825,-0.0213175429506408,0.0197240140061602,-0.0120316782924897,-0.0192699351478357,0.0200980780890786,0.013170908652391,0.00758973853662189,-0.0374129626804128,-0.00181927955709538,-0.0347495632350825,0.013170908652391,0.0325501173041072,0.00742128174912069,-0.0333564991921177,0.00289333924030827,-0.0213175429506408,0.00758973853662189,0.00742128174912069,-0.00259168171103341,-0.0335031058327419,0.0458611499778585,0.0197240140061602,-0.0374129626804128,-0.0333564991921177,-0.0335031058327419,0.0250068198657417
-0.0349495990618068,0.0314952312076435,0.0240210203923835,0.00289333924030827,0.0431560921622162,0.0375160671107911,0.0314952312076435,0.0417728925420588,-0.0323359739795251,-0.0213175429506408,-0.0335363603232757,0.0118390508058762,0.0240210203923835,-0.0323359739795251,-0.00641689050232652,0.00758973853662189,-0.0211226283551611,-0.0411783571678002,0.00289333924030827,-0.0213175429506408,0.00758973853662189,0.00742128174912069,-0.00259168171103341,-0.0335031058327419,0.0431560921622162,-0.0335363603232757,-0.0211226283551611,-0.00259168171103341,-0.0361257831212708,-0.0516911882539766,0.0375160671107911,0.0118390508058762,-0.0411783571678002,-0.0335031058327419,-0.0516911882539766,-0.0540944604143489
-0.306563401304513,0.0475921381527348,0.0587703684767756,0.0458611499778585,0.0375160671107911,-0.00443804095598471,0.0475921381527348,-0.0632922965881987,0.0110243328218912,0.0197240140061602,0.0118390508058762,-0.059899194647308,0.0587703684767756,0.0110243328218912,-0.040508973965717,-0.0374129626804128,-0.0411783571678002,-0.0243407763637854,0.0458611499778585,0.0197240140061602,-0.0374129626804128,-0.0333564991921177,-0.0335031058327419,0.0250068198657417,0.0375160671107911,0.0118390508058762,-0.0411783571678002,-0.0335031058327419,-0.0516911882539766,-0.0540944604143489,-0.00443804095598471,-0.059899194647308,-0.0243407763637854,0.0250068198657417,-0.0540944604143489,-0.247838281649005
