"V1","V2","V3","V4","V5","V6","V7","V8","V9","V10","V11","V12","V13","V14","V15","V16","V17","V18","V19","V20","V21","V22","V23","V24","V25","V26","V27","V28","V29","V30","V31","V32","V33","V34","V35","V36"
-1.09811099530269e-06,1.98847255152508e-07,8.5569165200827e-08,5.40140532302372e-08,-3.85689772172114e-09,-3.25565281127077e-07,1.98847255152508e-07,-4.90187244249054e-08,9.17603736484052e-09,-1.31052552804355e-08,1.84326623873183e-08,4.78523419597404e-08,8.5569165200827e-08,9.17603736484052e-09,7.16077782438073e-09,-1.69283510267055e-08,1.07030763675477e-08,3.19355707566694e-08,5.40140532302372e-08,-1.31052552804355e-08,-1.69283510267055e-08,4.16874875786264e-09,-9.35234337948862e-09,2.26718311018764e-08,-3.85689772172114e-09,1.84326623873183e-08,1.07030763675477e-08,-9.35234337948862e-09,1.05665536662486e-08,9.05716569126538e-09,-3.25565281127077e-07,4.78523419597404e-08,3.19355707566694e-08,2.26718311018764e-08,9.05716569126538e-09,-4.26374083157248e-08
1.98847255152508e-07,-4.90187244249054e-08,9.17603736484052e-09,-1.31052552804355e-08,1.84326623873183e-08,4.78523419597404e-08,-4.90187244249054e-08,-2.58326693486734e-07,4.16115389546685e-08,5.90453856021937e-08,3.86878306515461e-08,-4.268913619386e-08,9.17603736484052e-09,4.16115389546685e-08,-2.13777095977824e-08,-7.99987827709289e-09,-1.68093038145052e-08,1.3036954576542e-09,-1.31052552804355e-08,5.90453856021937e-08,-7.99987827709289e-09,-1.40836004730721e-08,-9.3449826632674e-09,2.90688516241615e-09,1.84326623873183e-08,3.86878306515461e-08,-1.68093038145052e-08,-9.3449826632674e-09,-1.6514892757477e-08,5.60864748426722e-09,4.78523419597404e-08,-4.268913619386e-08,1.3036954576542e-09,2.90688516241615e-09,5.60864748426722e-09,4.55464672470968e-09
8.5569165200827e-08,9.17603736484052e-09,7.16077782438073e-09,-1.69283510267055e-08,1.07030763675477e-08,3.19355707566694e-08,9.17603736484052e-09,4.16115389546685e-08,-2.13777095977824e-08,-7.99987827709289e-09,-1.68093038145052e-08,1.3036954576542e-09,7.16077782438073e-09,-2.13777095977824e-08,2.46519584251262e-09,7.40842363244702e-09,-2.31072197042469e-09,-2.1607256542214e-08,-1.69283510267055e-08,-7.99987827709289e-09,7.40842363244702e-09,3.11605181852801e-09,6.28877024423567e-09,-4.18683887012576e-09,1.07030763675477e-08,-1.68093038145052e-08,-2.31072197042469e-09,6.28877024423567e-09,-3.36931186851325e-09,-1.12621808121557e-08,3.19355707566694e-08,1.3036954576542e-09,-2.1607256542214e-08,-4.18683887012576e-09,-1.12621808121557e-08,5.52304062372709e-09
5.40140532302372e-08,-1.31052552804355e-08,-1.69283510267055e-08,4.16874875786264e-09,-9.35234337948862e-09,2.26718311018764e-08,-1.31052552804355e-08,5.90453856021937e-08,-7.99987827709289e-09,-1.40836004730721e-08,-9.3449826632674e-09,2.90688516241615e-09,-1.69283510267055e-08,-7.99987827709289e-09,7.40842363244702e-09,3.11605181852801e-09,6.28877024423567e-09,-4.18683887012576e-09,4.16874875786264e-09,-1.40836004730721e-08,3.11605181852801e-09,4.35936152814701e-09,2.33042680913725e-09,-7.00720882847375e-09,-9.35234337948862e-09,-9.3449826632674e-09,6.28877024423567e-09,2.33042680913725e-09,5.22374510297705e-09,-1.90526783690041e-09,2.26718311018764e-08,2.90688516241615e-09,-4.18683887012576e-09,-7.00720882847375e-09,-1.90526783690041e-09,1.20149753381564e-08
-3.85689772172114e-09,1.84326623873183e-08,1.07030763675477e-08,-9.35234337948862e-09,1.05665536662486e-08,9.05716569126538e-09,1.84326623873183e-08,3.86878306515461e-08,-1.68093038145052e-08,-9.3449826632674e-09,-1.6514892757477e-08,5.60864748426722e-09,1.07030763675477e-08,-1.68093038145052e-08,-2.31072197042469e-09,6.28877024423567e-09,-3.36931186851325e-09,-1.12621808121557e-08,-9.35234337948862e-09,-9.3449826632674e-09,6.28877024423567e-09,2.33042680913725e-09,5.22374510297705e-09,-1.90526783690041e-09,1.05665536662486e-08,-1.6514892757477e-08,-3.36931186851325e-09,5.22374510297705e-09,-1.70595466148594e-09,-8.01868943000177e-09,9.05716569126538e-09,5.60864748426722e-09,-1.12621808121557e-08,-1.90526783690041e-09,-8.01868943000177e-09,-1.04619765699619e-08
-3.25565281127077e-07,4.78523419597404e-08,3.19355707566694e-08,2.26718311018764e-08,9.05716569126538e-09,-4.26374083157248e-08,4.78523419597404e-08,-4.268913619386e-08,1.3036954576542e-09,2.90688516241615e-09,5.60864748426722e-09,4.55464672470968e-09,3.19355707566694e-08,1.3036954576542e-09,-2.1607256542214e-08,-4.18683887012576e-09,-1.12621808121557e-08,5.52304062372709e-09,2.26718311018764e-08,2.90688516241615e-09,-4.18683887012576e-09,-7.00720882847375e-09,-1.90526783690041e-09,1.20149753381564e-08,9.05716569126538e-09,5.60864748426722e-09,-1.12621808121557e-08,-1.90526783690041e-09,-8.01868943000177e-09,-1.04619765699619e-08,-4.26374083157248e-08,4.55464672470968e-09,5.52304062372709e-09,1.20149753381564e-08,-1.04619765699619e-08,-1.06341003491146e-07
