"Mkt.RF","SMB","HML","RMW","CMA","MOM"
0.000118212091072158,-1.6362078886353e-05,-1.74760658570093e-05,-1.10667291900875e-05,-1.88869710425585e-05,-1.12921608851383e-05
-1.6362078886353e-05,3.3185340994186e-05,1.87999217363093e-06,-6.74837655076025e-06,1.0344066834039e-06,2.10124827505898e-06
-1.74760658570093e-05,1.87999217363093e-06,3.06141668196926e-05,1.90144368320568e-06,1.24846576879207e-05,-1.12131108802518e-05
-1.10667291900875e-05,-6.74837655076025e-06,1.90144368320568e-06,1.82453956134403e-05,3.48727897468093e-06,4.5995086113631e-06
-1.88869710425585e-05,1.0344066834039e-06,1.24846576879207e-05,3.48727897468093e-06,1.67511191087799e-05,2.02037735325837e-06
-1.12921608851383e-05,2.10124827505898e-06,-1.12131108802518e-05,4.5995086113631e-06,2.02037735325837e-06,5.83917347078325e-05
