"Mkt.RF","SMB","HML","RMW","CMA","Mom"
0.818826430664396,-0.186783956093591,-0.233679724395535,-0.0121538832263214,-0.151807469693614,0.107436341876663
-0.186783956093591,0.273276185427838,0.0206142366598932,-0.062879990791892,0.00555015245212997,0.00994628370292298
-0.233679724395535,0.0206142366598932,0.19265564834522,0.00793969485489114,0.109295478665411,-0.0590968939460181
-0.0121538832263214,-0.062879990791892,0.00793969485489114,0.112976967624844,0.0103376483371913,-0.0411799899541567
-0.151807469693614,0.00555015245212997,0.109295478665411,0.0103376483371913,0.123404127314484,-0.0310675670035585
0.107436341876663,0.00994628370292298,-0.0590968939460181,-0.0411799899541567,-0.0310675670035585,0.277356453923769
