"V1","V2","V3","V4","V5","V6","V7","V8","V9","V10","V11","V12","V13","V14","V15","V16","V17","V18","V19","V20","V21","V22","V23","V24","V25","V26","V27","V28","V29","V30","V31","V32","V33","V34","V35","V36"
-0.83959684706362,0.125598288102538,0.0649679000594081,0.0550676755602187,-0.0323366778610227,-0.303922150059661,0.125598288102538,-0.0345269004513377,0.022178133300689,-0.00709686714375972,0.0319501184880846,0.0483284650988004,0.0649679000594081,0.022178133300689,0.00150559504664825,-0.0180547393565228,0.0250879060040718,0.0519978645321206,0.0550676755602187,-0.00709686714375972,-0.0180547393565228,-0.00165239442236779,0.00164234959329214,0.0414533011023306,-0.0323366778610227,0.0319501184880846,0.0250879060040718,0.00164234959329214,0.041902030931031,0.0377863980251837,-0.303922150059661,0.0483284650988004,0.0519978645321206,0.0414533011023306,0.0377863980251837,-0.00210416013660008
0.125598288102538,-0.0345269004513377,0.022178133300689,-0.00709686714375972,0.0319501184880846,0.0483284650988004,-0.0345269004513377,-0.241625044811389,0.0408724702645768,0.0687455738776189,0.0405522433651105,-0.0637879454282051,0.022178133300689,0.0408724702645768,-0.0338989345927895,-0.0189558865106031,-0.0300106891787519,0.00861946446658418,-0.00709686714375972,0.0687455738776189,-0.0189558865106031,-0.0309936860349657,-0.0222777758566126,0.0242984059446917,0.0319501184880846,0.0405522433651105,-0.0300106891787519,-0.0222777758566126,-0.0304329850374806,0.0124758272626885,0.0483284650988004,-0.0637879454282051,0.00861946446658418,0.0242984059446917,0.0124758272626885,-0.0494568978018412
0.0649679000594081,0.022178133300689,0.00150559504664825,-0.0180547393565228,0.0250879060040718,0.0519978645321206,0.022178133300689,0.0408724702645768,-0.0338989345927895,-0.0189558865106031,-0.0300106891787519,0.00861946446658418,0.00150559504664825,-0.0338989345927895,0.0152472644967802,0.0180605609531573,-0.00455396514218718,-0.0437677210356642,-0.0180547393565228,-0.0189558865106031,0.0180605609531573,0.0181950494519092,0.00694907707493655,-0.0288698918940959,0.0250879060040718,-0.0300106891787519,-0.00455396514218718,0.00694907707493655,-0.019747098294289,-0.0413316914588625,0.0519978645321206,0.00861946446658418,-0.0437677210356642,-0.0288698918940959,-0.0413316914588625,-0.0138904647989519
0.0550676755602187,-0.00709686714375972,-0.0180547393565228,-0.00165239442236779,0.00164234959329214,0.0414533011023306,-0.00709686714375972,0.0687455738776189,-0.0189558865106031,-0.0309936860349657,-0.0222777758566126,0.0242984059446917,-0.0180547393565228,-0.0189558865106031,0.0180605609531573,0.0181950494519092,0.00694907707493655,-0.0288698918940959,-0.00165239442236779,-0.0309936860349657,0.0181950494519092,0.0271140198742406,0.0105103493192684,-0.0357217784318031,0.00164234959329214,-0.0222777758566126,0.00694907707493655,0.0105103493192684,-0.00344241899545988,-0.0309884917122237,0.0414533011023306,0.0242984059446917,-0.0288698918940959,-0.0357217784318031,-0.0309884917122237,0.0300815494539977
-0.0323366778610227,0.0319501184880846,0.0250879060040718,0.00164234959329214,0.041902030931031,0.0377863980251837,0.0319501184880846,0.0405522433651105,-0.0300106891787519,-0.0222777758566126,-0.0304329850374806,0.0124758272626885,0.0250879060040718,-0.0300106891787519,-0.00455396514218718,0.00694907707493655,-0.019747098294289,-0.0413316914588625,0.00164234959329214,-0.0222777758566126,0.00694907707493655,0.0105103493192684,-0.00344241899545988,-0.0309884917122237,0.041902030931031,-0.0304329850374806,-0.019747098294289,-0.00344241899545988,-0.0334189249705629,-0.0492388318651451,0.0377863980251837,0.0124758272626885,-0.0413316914588625,-0.0309884917122237,-0.0492388318651451,-0.0507256331464632
-0.303922150059661,0.0483284650988004,0.0519978645321206,0.0414533011023306,0.0377863980251837,-0.00210416013660008,0.0483284650988004,-0.0637879454282051,0.00861946446658418,0.0242984059446917,0.0124758272626885,-0.0494568978018412,0.0519978645321206,0.00861946446658418,-0.0437677210356642,-0.0288698918940959,-0.0413316914588625,-0.0138904647989519,0.0414533011023306,0.0242984059446917,-0.0288698918940959,-0.0357217784318031,-0.0309884917122237,0.0300815494539977,0.0377863980251837,0.0124758272626885,-0.0413316914588625,-0.0309884917122237,-0.0492388318651451,-0.0507256331464632,-0.00210416013660008,-0.0494568978018412,-0.0138904647989519,0.0300815494539977,-0.0507256331464632,-0.231260269970146
