"Mkt.RF","SMB","HML","RMW","CMA","Mom"
0.933197586695576,-0.211360923395558,-0.276391163007072,-0.0514279012268111,-0.195235220072209,0.0235291568769435
-0.211360923395558,0.293787987435017,0.0251313931574124,-0.0633793274974593,0.0128064845587046,0.0214599029693007
-0.276391163007072,0.0251313931574124,0.22832991293137,0.0309883569304189,0.137248674081323,-0.0144182035847046
-0.0514279012268111,-0.0633793274974593,0.0309883569304189,0.151301209225631,0.0381845750718227,0.00350537444589477
-0.195235220072209,0.0128064845587046,0.137248674081323,0.0381845750718227,0.158900911230942,0.0180859833049812
0.0235291568769435,0.0214599029693007,-0.0144182035847046,0.00350537444589477,0.0180859833049812,0.374987389192481
