"V1","V2","V3","V4","V5","V6","V7","V8","V9","V10","V11","V12","V13","V14","V15","V16","V17","V18","V19","V20","V21","V22","V23","V24","V25","V26","V27","V28","V29","V30","V31","V32","V33","V34","V35","V36"
-1.02691551877967e-06,2.08743907987766e-07,7.37555673222298e-08,4.15496712301912e-08,-1.9134017170401e-08,-3.2337844629471e-07,2.08743907987766e-07,-5.93516961005164e-08,2.33595620919119e-09,-1.43077903035663e-08,1.1491478416146e-08,5.26221560480223e-08,7.37555673222298e-08,2.33595620919119e-09,6.25345940342835e-09,-1.16032740414546e-08,1.31787064542164e-08,2.96393241992142e-08,4.15496712301912e-08,-1.43077903035663e-08,-1.16032740414546e-08,5.74571956280988e-09,-5.25351032804896e-09,1.90024534552248e-08,-1.9134017170401e-08,1.1491478416146e-08,1.31787064542164e-08,-5.25351032804896e-09,1.442668543164e-08,7.82095945230698e-09,-3.2337844629471e-07,5.26221560480223e-08,2.96393241992142e-08,1.90024534552248e-08,7.82095945230698e-09,-4.12651674942696e-08
2.08743907987766e-07,-5.93516961005164e-08,2.33595620919119e-09,-1.43077903035663e-08,1.1491478416146e-08,5.26221560480223e-08,-5.93516961005164e-08,-2.56609119027364e-07,4.62625652371558e-08,5.90097470517934e-08,4.03670681192348e-08,-4.5064513394611e-08,2.33595620919119e-09,4.62625652371558e-08,-1.73998673892542e-08,-7.23928079074951e-09,-1.33417232531828e-08,-1.59245911312704e-09,-1.43077903035663e-08,5.90097470517934e-08,-7.23928079074951e-09,-1.3421570558409e-08,-8.10662068175434e-09,2.73673906015147e-09,1.1491478416146e-08,4.03670681192348e-08,-1.33417232531828e-08,-8.10662068175434e-09,-1.14455937697097e-08,3.47731124776196e-09,5.26221560480223e-08,-4.5064513394611e-08,-1.59245911312704e-09,2.73673906015147e-09,3.47731124776196e-09,2.92700218310981e-09
7.37555673222298e-08,2.33595620919119e-09,6.25345940342835e-09,-1.16032740414546e-08,1.31787064542164e-08,2.96393241992142e-08,2.33595620919119e-09,4.62625652371558e-08,-1.73998673892542e-08,-7.23928079074951e-09,-1.33417232531828e-08,-1.59245911312704e-09,6.25345940342835e-09,-1.73998673892542e-08,3.72221508161908e-09,3.36048047574912e-09,-2.88739026235553e-09,-1.75378485869347e-08,-1.16032740414546e-08,-7.23928079074951e-09,3.36048047574912e-09,1.83589024307663e-09,2.9938045768012e-09,7.03661764587659e-10,1.31787064542164e-08,-1.33417232531828e-08,-2.88739026235553e-09,2.9938045768012e-09,-4.25813679657314e-09,-8.82469038628927e-09,2.96393241992142e-08,-1.59245911312704e-09,-1.75378485869347e-08,7.03661764587659e-10,-8.82469038628927e-09,-1.41958280453279e-09
4.15496712301912e-08,-1.43077903035663e-08,-1.16032740414546e-08,5.74571956280988e-09,-5.25351032804896e-09,1.90024534552248e-08,-1.43077903035663e-08,5.90097470517934e-08,-7.23928079074951e-09,-1.3421570558409e-08,-8.10662068175434e-09,2.73673906015147e-09,-1.16032740414546e-08,-7.23928079074951e-09,3.36048047574912e-09,1.83589024307663e-09,2.9938045768012e-09,7.03661764587659e-10,5.74571956280988e-09,-1.3421570558409e-08,1.83589024307663e-09,3.54939470717509e-09,1.61481101972572e-09,-4.75178009931139e-09,-5.25351032804896e-09,-8.10662068175434e-09,2.9938045768012e-09,1.61481101972572e-09,2.34668907694183e-09,1.41667006465431e-09,1.90024534552248e-08,2.73673906015147e-09,7.03661764587659e-10,-4.75178009931139e-09,1.41667006465431e-09,5.20991507936802e-09
-1.9134017170401e-08,1.1491478416146e-08,1.31787064542164e-08,-5.25351032804896e-09,1.442668543164e-08,7.82095945230698e-09,1.1491478416146e-08,4.03670681192348e-08,-1.33417232531828e-08,-8.10662068175434e-09,-1.14455937697097e-08,3.47731124776196e-09,1.31787064542164e-08,-1.33417232531828e-08,-2.88739026235553e-09,2.9938045768012e-09,-4.25813679657314e-09,-8.82469038628927e-09,-5.25351032804896e-09,-8.10662068175434e-09,2.9938045768012e-09,1.61481101972572e-09,2.34668907694183e-09,1.41667006465431e-09,1.442668543164e-08,-1.14455937697097e-08,-4.25813679657314e-09,2.34668907694183e-09,-2.9030486902305e-09,-7.21091582393133e-09,7.82095945230698e-09,3.47731124776196e-09,-8.82469038628927e-09,1.41667006465431e-09,-7.21091582393133e-09,-1.38089602147359e-08
-3.2337844629471e-07,5.26221560480223e-08,2.96393241992142e-08,1.90024534552248e-08,7.82095945230698e-09,-4.12651674942696e-08,5.26221560480223e-08,-4.5064513394611e-08,-1.59245911312704e-09,2.73673906015147e-09,3.47731124776196e-09,2.92700218310981e-09,2.96393241992142e-08,-1.59245911312704e-09,-1.75378485869347e-08,7.03661764587659e-10,-8.82469038628927e-09,-1.41958280453279e-09,1.90024534552248e-08,2.73673906015147e-09,7.03661764587659e-10,-4.75178009931139e-09,1.41667006465431e-09,5.20991507936802e-09,7.82095945230698e-09,3.47731124776196e-09,-8.82469038628927e-09,1.41667006465431e-09,-7.21091582393133e-09,-1.38089602147359e-08,-4.12651674942696e-08,2.92700218310981e-09,-1.41958280453279e-09,5.20991507936802e-09,-1.38089602147359e-08,-8.64589170445791e-08
