"V1","V2","V3","V4","V5","V6","V7","V8","V9","V10","V11","V12","V13","V14","V15","V16","V17","V18","V19","V20","V21","V22","V23","V24","V25","V26","V27","V28","V29","V30","V31","V32","V33","V34","V35","V36"
-7.25605388483715e-07,-2.71340156937405e-07,-1.983040105429e-07,1.01888158483849e-07,4.68070275469785e-08,-6.60385901737642e-08,-2.71340156937405e-07,5.16151070623922e-08,1.59917174717479e-08,-3.53338690674599e-09,2.83406768329148e-08,-3.32140889820232e-08,-1.983040105429e-07,1.59917174717479e-08,-3.86839839095932e-08,-8.95552939629978e-09,1.98050132322562e-08,4.17494613845469e-09,1.01888158483849e-07,-3.53338690674599e-09,-8.95552939629978e-09,1.67683848474564e-09,2.96513562486539e-09,4.33105697364827e-08,4.68070275469785e-08,2.83406768329148e-08,1.98050132322562e-08,2.96513562486539e-09,3.41267393511336e-08,4.23385236409629e-08,-6.60385901737642e-08,-3.32140889820232e-08,4.17494613845469e-09,4.33105697364827e-08,4.23385236409629e-08,1.65535904943474e-07
-2.71340156937405e-07,5.16151070623922e-08,1.59917174717479e-08,-3.53338690674599e-09,2.83406768329148e-08,-3.32140889820232e-08,5.16151070623922e-08,-2.5517407602844e-08,-1.96269974302561e-09,1.11511689395623e-08,-3.95942610393534e-09,-5.79442576072474e-08,1.59917174717479e-08,-1.96269974302561e-09,-2.58085822159331e-08,-1.93136934009029e-08,-1.93375204552847e-08,-1.79658361321441e-08,-3.53338690674599e-09,1.11511689395623e-08,-1.93136934009029e-08,-1.98865657248566e-08,-1.25336536558722e-08,2.9671467646619e-08,2.83406768329148e-08,-3.95942610393534e-09,-1.93375204552847e-08,-1.25336536558722e-08,-2.09422866997839e-08,5.51577295639601e-09,-3.32140889820232e-08,-5.79442576072474e-08,-1.79658361321441e-08,2.9671467646619e-08,5.51577295639601e-09,-1.62690436539099e-08
-1.983040105429e-07,1.59917174717479e-08,-3.86839839095932e-08,-8.95552939629978e-09,1.98050132322562e-08,4.17494613845469e-09,1.59917174717479e-08,-1.96269974302561e-09,-2.58085822159331e-08,-1.93136934009029e-08,-1.93375204552847e-08,-1.79658361321441e-08,-3.86839839095932e-08,-2.58085822159331e-08,4.30982465678108e-08,2.07202112833893e-09,-5.70322281409872e-09,-1.58144164952149e-07,-8.95552939629978e-09,-1.93136934009029e-08,2.07202112833893e-09,2.44753495727462e-08,6.87019452066548e-09,-1.26745779967709e-08,1.98050132322562e-08,-1.93375204552847e-08,-5.70322281409872e-09,6.87019452066548e-09,-1.66141143484115e-08,-4.43972804759365e-08,4.17494613845469e-09,-1.79658361321441e-08,-1.58144164952149e-07,-1.26745779967709e-08,-4.43972804759365e-08,1.65351984001798e-07
1.01888158483849e-07,-3.53338690674599e-09,-8.95552939629978e-09,1.67683848474564e-09,2.96513562486539e-09,4.33105697364827e-08,-3.53338690674599e-09,1.11511689395623e-08,-1.93136934009029e-08,-1.98865657248566e-08,-1.25336536558722e-08,2.9671467646619e-08,-8.95552939629978e-09,-1.93136934009029e-08,2.07202112833893e-09,2.44753495727462e-08,6.87019452066548e-09,-1.26745779967709e-08,1.67683848474564e-09,-1.98865657248566e-08,2.44753495727462e-08,1.83636876702593e-08,5.02080373417394e-09,-4.8737777838086e-08,2.96513562486539e-09,-1.25336536558722e-08,6.87019452066548e-09,5.02080373417394e-09,-7.62124220587437e-09,-3.77776545088747e-08,4.33105697364827e-08,2.9671467646619e-08,-1.26745779967709e-08,-4.8737777838086e-08,-3.77776545088747e-08,-1.44488028681241e-08
4.68070275469785e-08,2.83406768329148e-08,1.98050132322562e-08,2.96513562486539e-09,3.41267393511336e-08,4.23385236409629e-08,2.83406768329148e-08,-3.95942610393534e-09,-1.93375204552847e-08,-1.25336536558722e-08,-2.09422866997839e-08,5.51577295639601e-09,1.98050132322562e-08,-1.93375204552847e-08,-5.70322281409872e-09,6.87019452066548e-09,-1.66141143484115e-08,-4.43972804759365e-08,2.96513562486539e-09,-1.25336536558722e-08,6.87019452066548e-09,5.02080373417394e-09,-7.62124220587437e-09,-3.77776545088747e-08,3.41267393511336e-08,-2.09422866997839e-08,-1.66141143484115e-08,-7.62124220587437e-09,-3.70714622840652e-08,-6.44874849452034e-08,4.23385236409629e-08,5.51577295639601e-09,-4.43972804759365e-08,-3.77776545088747e-08,-6.44874849452034e-08,-5.95169552356904e-08
-6.60385901737642e-08,-3.32140889820232e-08,4.17494613845469e-09,4.33105697364827e-08,4.23385236409629e-08,1.65535904943474e-07,-3.32140889820232e-08,-5.79442576072474e-08,-1.79658361321441e-08,2.9671467646619e-08,5.51577295639601e-09,-1.62690436539099e-08,4.17494613845469e-09,-1.79658361321441e-08,-1.58144164952149e-07,-1.26745779967709e-08,-4.43972804759365e-08,1.65351984001798e-07,4.33105697364827e-08,2.9671467646619e-08,-1.26745779967709e-08,-4.8737777838086e-08,-3.77776545088747e-08,-1.44488028681241e-08,4.23385236409629e-08,5.51577295639601e-09,-4.43972804759365e-08,-3.77776545088747e-08,-6.44874849452034e-08,-5.95169552356904e-08,1.65535904943474e-07,-1.62690436539099e-08,1.65351984001798e-07,-1.44488028681241e-08,-5.95169552356904e-08,-6.47232655379423e-07
