"V1","V2","V3","V4","V5","V6","V7","V8","V9","V10","V11","V12","V13","V14","V15","V16","V17","V18","V19","V20","V21","V22","V23","V24","V25","V26","V27","V28","V29","V30","V31","V32","V33","V34","V35","V36"
-1.05750340602997e-06,2.06795739559323e-07,7.88896403349181e-08,4.81915611230342e-08,-1.59668564078049e-08,-3.26743122766153e-07,2.06795739559323e-07,-5.58713506712744e-08,4.37941441421107e-09,-1.59079645633815e-08,1.29115906226466e-08,5.02216088259633e-08,7.88896403349181e-08,4.37941441421107e-09,6.6990607287415e-09,-1.36000849521816e-08,1.30234662596208e-08,3.06707274381089e-08,4.81915611230342e-08,-1.59079645633815e-08,-1.36000849521816e-08,5.27593268285578e-09,-5.86027676125604e-09,2.02155690937696e-08,-1.59668564078049e-08,1.29115906226466e-08,1.30234662596208e-08,-5.86027676125604e-09,1.40081356119184e-08,9.16230155454284e-09,-3.26743122766153e-07,5.02216088259633e-08,3.06707274381089e-08,2.02155690937696e-08,9.16230155454284e-09,-4.20245124400601e-08
2.06795739559323e-07,-5.58713506712744e-08,4.37941441421107e-09,-1.59079645633815e-08,1.29115906226466e-08,5.02216088259633e-08,-5.58713506712744e-08,-2.56580810219958e-07,4.49704929890761e-08,5.92586890824249e-08,3.95513634145229e-08,-4.32251760639838e-08,4.37941441421107e-09,4.49704929890761e-08,-1.84853780380782e-08,-7.17670714570559e-09,-1.41328631603763e-08,-3.72604234205823e-10,-1.59079645633815e-08,5.92586890824249e-08,-7.17670714570559e-09,-1.34921691128732e-08,-7.97973969521899e-09,2.04097280808138e-09,1.29115906226466e-08,3.95513634145229e-08,-1.41328631603763e-08,-7.97973969521899e-09,-1.23836270822047e-08,4.29956589135223e-09,5.02216088259633e-08,-4.32251760639838e-08,-3.72604234205823e-10,2.04097280808138e-09,4.29956589135223e-09,2.19424930118046e-09
7.88896403349181e-08,4.37941441421107e-09,6.6990607287415e-09,-1.36000849521816e-08,1.30234662596208e-08,3.06707274381089e-08,4.37941441421107e-09,4.49704929890761e-08,-1.84853780380782e-08,-7.17670714570559e-09,-1.41328631603763e-08,-3.72604234205823e-10,6.6990607287415e-09,-1.84853780380782e-08,1.83986272563113e-09,4.10233327488697e-09,-3.75710046313319e-09,-1.73832167950708e-08,-1.36000849521816e-08,-7.17670714570559e-09,4.10233327488697e-09,2.20549021794503e-09,3.47328411084463e-09,4.73286518266806e-10,1.30234662596208e-08,-1.41328631603763e-08,-3.75710046313319e-09,3.47328411084463e-09,-4.58928454679393e-09,-9.18653062530457e-09,3.06707274381089e-08,-3.72604234205823e-10,-1.73832167950708e-08,4.73286518266806e-10,-9.18653062530457e-09,-1.60780203942288e-09
4.81915611230342e-08,-1.59079645633815e-08,-1.36000849521816e-08,5.27593268285578e-09,-5.86027676125604e-09,2.02155690937696e-08,-1.59079645633815e-08,5.92586890824249e-08,-7.17670714570559e-09,-1.34921691128732e-08,-7.97973969521899e-09,2.04097280808138e-09,-1.36000849521816e-08,-7.17670714570559e-09,4.10233327488697e-09,2.20549021794503e-09,3.47328411084463e-09,4.73286518266806e-10,5.27593268285578e-09,-1.34921691128732e-08,2.20549021794503e-09,3.63134899706414e-09,1.86545224851683e-09,-4.7024502714345e-09,-5.86027676125604e-09,-7.97973969521899e-09,3.47328411084463e-09,1.86545224851683e-09,2.70766002586632e-09,1.49990196366753e-09,2.02155690937696e-08,2.04097280808138e-09,4.73286518266806e-10,-4.7024502714345e-09,1.49990196366753e-09,5.28359394933066e-09
-1.59668564078049e-08,1.29115906226466e-08,1.30234662596208e-08,-5.86027676125604e-09,1.40081356119184e-08,9.16230155454284e-09,1.29115906226466e-08,3.95513634145229e-08,-1.41328631603763e-08,-7.97973969521899e-09,-1.23836270822047e-08,4.29956589135223e-09,1.30234662596208e-08,-1.41328631603763e-08,-3.75710046313319e-09,3.47328411084463e-09,-4.58928454679393e-09,-9.18653062530457e-09,-5.86027676125604e-09,-7.97973969521899e-09,3.47328411084463e-09,1.86545224851683e-09,2.70766002586632e-09,1.49990196366753e-09,1.40081356119184e-08,-1.23836270822047e-08,-4.58928454679393e-09,2.70766002586632e-09,-3.0038325110433e-09,-7.85249362492405e-09,9.16230155454284e-09,4.29956589135223e-09,-9.18653062530457e-09,1.49990196366753e-09,-7.85249362492405e-09,-1.29422841627292e-08
-3.26743122766153e-07,5.02216088259633e-08,3.06707274381089e-08,2.02155690937696e-08,9.16230155454284e-09,-4.20245124400601e-08,5.02216088259633e-08,-4.32251760639838e-08,-3.72604234205823e-10,2.04097280808138e-09,4.29956589135223e-09,2.19424930118046e-09,3.06707274381089e-08,-3.72604234205823e-10,-1.73832167950708e-08,4.73286518266806e-10,-9.18653062530457e-09,-1.60780203942288e-09,2.02155690937696e-08,2.04097280808138e-09,4.73286518266806e-10,-4.7024502714345e-09,1.49990196366753e-09,5.28359394933066e-09,9.16230155454284e-09,4.29956589135223e-09,-9.18653062530457e-09,1.49990196366753e-09,-7.85249362492405e-09,-1.29422841627292e-08,-4.20245124400601e-08,2.19424930118046e-09,-1.60780203942288e-09,5.28359394933066e-09,-1.29422841627292e-08,-8.72715105999492e-08
