"V1","V2","V3","V4","V5","V6","V7","V8","V9","V10","V11","V12","V13","V14","V15","V16","V17","V18","V19","V20","V21","V22","V23","V24","V25","V26","V27","V28","V29","V30","V31","V32","V33","V34","V35","V36"
-1.37554340902986e-06,1.27871413619932e-07,-7.40164549432734e-08,1.09589507324871e-07,-1.16387730746177e-08,-3.20814214474115e-07,1.27871413619932e-07,-5.94475930451698e-09,2.62560379414089e-08,-1.44831097736616e-08,2.66465695190586e-08,4.59084302556305e-08,-7.40164549432734e-08,2.62560379414089e-08,-5.59315430482352e-09,-1.32314036171421e-08,2.22655231329314e-08,2.01800439359643e-08,1.09589507324871e-07,-1.44831097736616e-08,-1.32314036171421e-08,5.36898706271607e-09,6.50839789946527e-09,5.46101083100248e-08,-1.16387730746177e-08,2.66465695190586e-08,2.22655231329314e-08,6.50839789946527e-09,4.54298682633652e-08,4.05494958424666e-08,-3.20814214474115e-07,4.59084302556305e-08,2.01800439359643e-08,5.46101083100248e-08,4.05494958424666e-08,1.28797181585511e-07
1.27871413619932e-07,-5.94475930451698e-09,2.62560379414089e-08,-1.44831097736616e-08,2.66465695190586e-08,4.59084302556305e-08,-5.94475930451698e-09,-2.4235726469374e-07,5.50638457687497e-08,6.34825470354136e-08,4.09109949190588e-08,-6.87062278632258e-08,2.62560379414089e-08,5.50638457687497e-08,-1.84448446991574e-08,-2.43693255624034e-08,-3.07412520242845e-08,-1.74043033525374e-08,-1.44831097736616e-08,6.34825470354136e-08,-2.43693255624034e-08,-2.84147854050234e-08,-2.14480146764397e-08,2.39288532678883e-08,2.66465695190586e-08,4.09109949190588e-08,-3.07412520242845e-08,-2.14480146764397e-08,-3.15168696505299e-08,8.60449211191605e-09,4.59084302556305e-08,-6.87062278632258e-08,-1.74043033525374e-08,2.39288532678883e-08,8.60449211191605e-09,7.01959100065041e-09
-7.40164549432734e-08,2.62560379414089e-08,-5.59315430482352e-09,-1.32314036171421e-08,2.22655231329314e-08,2.01800439359643e-08,2.62560379414089e-08,5.50638457687497e-08,-1.84448446991574e-08,-2.43693255624034e-08,-3.07412520242845e-08,-1.74043033525374e-08,-5.59315430482352e-09,-1.84448446991574e-08,5.41866955953601e-08,-1.78058607912594e-09,-1.69572006733981e-08,-1.51145930109583e-07,-1.32314036171421e-08,-2.43693255624034e-08,-1.78058607912594e-09,2.13278472110062e-08,6.54460602517541e-09,-9.64463819275677e-09,2.22655231329314e-08,-3.07412520242845e-08,-1.69572006733981e-08,6.54460602517541e-09,-2.24975184736607e-08,-3.80912953692094e-08,2.01800439359643e-08,-1.74043033525374e-08,-1.51145930109583e-07,-9.64463819275677e-09,-3.80912953692094e-08,1.5291379284234e-07
1.09589507324871e-07,-1.44831097736616e-08,-1.32314036171421e-08,5.36898706271607e-09,6.50839789946527e-09,5.46101083100248e-08,-1.44831097736616e-08,6.34825470354136e-08,-2.43693255624034e-08,-2.84147854050234e-08,-2.14480146764397e-08,2.39288532678883e-08,-1.32314036171421e-08,-2.43693255624034e-08,-1.78058607912594e-09,2.13278472110062e-08,6.54460602517541e-09,-9.64463819275677e-09,5.36898706271607e-09,-2.84147854050234e-08,2.13278472110062e-08,1.82441225288314e-08,3.93515373339349e-09,-4.75491059370822e-08,6.50839789946527e-09,-2.14480146764397e-08,6.54460602517541e-09,3.93515373339349e-09,-6.17976256138856e-09,-3.70198918545087e-08,5.46101083100248e-08,2.39288532678883e-08,-9.64463819275677e-09,-4.75491059370822e-08,-3.70198918545087e-08,-2.36349249572433e-08
-1.16387730746177e-08,2.66465695190586e-08,2.22655231329314e-08,6.50839789946527e-09,4.54298682633652e-08,4.05494958424666e-08,2.66465695190586e-08,4.09109949190588e-08,-3.07412520242845e-08,-2.14480146764397e-08,-3.15168696505299e-08,8.60449211191605e-09,2.22655231329314e-08,-3.07412520242845e-08,-1.69572006733981e-08,6.54460602517541e-09,-2.24975184736607e-08,-3.80912953692094e-08,6.50839789946527e-09,-2.14480146764397e-08,6.54460602517541e-09,3.93515373339349e-09,-6.17976256138856e-09,-3.70198918545087e-08,4.54298682633652e-08,-3.15168696505299e-08,-2.24975184736607e-08,-6.17976256138856e-09,-4.13205804235555e-08,-6.26736909276005e-08,4.05494958424666e-08,8.60449211191605e-09,-3.80912953692094e-08,-3.70198918545087e-08,-6.26736909276005e-08,-7.68136573581707e-08
-3.20814214474115e-07,4.59084302556305e-08,2.01800439359643e-08,5.46101083100248e-08,4.05494958424666e-08,1.28797181585511e-07,4.59084302556305e-08,-6.87062278632258e-08,-1.74043033525374e-08,2.39288532678883e-08,8.60449211191605e-09,7.01959100065041e-09,2.01800439359643e-08,-1.74043033525374e-08,-1.51145930109583e-07,-9.64463819275677e-09,-3.80912953692094e-08,1.5291379284234e-07,5.46101083100248e-08,2.39288532678883e-08,-9.64463819275677e-09,-4.75491059370822e-08,-3.70198918545087e-08,-2.36349249572433e-08,4.05494958424666e-08,8.60449211191605e-09,-3.80912953692094e-08,-3.70198918545087e-08,-6.26736909276005e-08,-7.68136573581707e-08,1.28797181585511e-07,7.01959100065041e-09,1.5291379284234e-07,-2.36349249572433e-08,-7.68136573581707e-08,-6.35181867423957e-07
