"V1","V2","V3","V4","V5","V6","V7","V8","V9","V10","V11","V12","V13","V14","V15","V16","V17","V18","V19","V20","V21","V22","V23","V24","V25","V26","V27","V28","V29","V30","V31","V32","V33","V34","V35","V36"
-0.904144664915818,0.0773845913656747,-0.0653968871798588,0.0936728895410756,-0.0229495481202701,-0.290611228553524,0.0773845913656747,-0.00191080936397417,0.0290362161010933,-0.0142134681742874,0.0269294778907947,0.0416585886818048,-0.0653968871798588,0.0290362161010933,0.0122242292754046,-0.0170507225155423,0.0196532477076781,0.00908959597304117,0.0936728895410756,-0.0142134681742874,-0.0170507225155423,0.00469171492389379,0.00598060382146424,0.0506670612296488,-0.0229495481202701,0.0269294778907947,0.0196532477076781,0.00598060382146424,0.044063562545737,0.0371723586615455,-0.290611228553524,0.0416585886818048,0.00908959597304117,0.0506670612296488,0.0371723586615455,0.120740997831139
0.0773845913656747,-0.00191080936397417,0.0290362161010933,-0.0142134681742874,0.0269294778907947,0.0416585886818048,-0.00191080936397417,-0.195897153467104,0.0518104517814619,0.0582907939286261,0.0365100709792684,-0.0665717226170773,0.0290362161010933,0.0518104517814619,-0.0164200727758172,-0.0244049698549947,-0.0300863901613138,-0.0174084794209479,-0.0142134681742874,0.0582907939286261,-0.0244049698549947,-0.0289173911199522,-0.0210968073652919,0.0232767617816792,0.0269294778907947,0.0365100709792684,-0.0300863901613138,-0.0210968073652919,-0.0305845791900952,0.00895666820072953,0.0416585886818048,-0.0665717226170773,-0.0174084794209479,0.0232767617816792,0.00895666820072953,0.00886527717953019
-0.0653968871798588,0.0290362161010933,0.0122242292754046,-0.0170507225155423,0.0196532477076781,0.00908959597304117,0.0290362161010933,0.0518104517814619,-0.0164200727758172,-0.0244049698549947,-0.0300863901613138,-0.0174084794209479,0.0122242292754046,-0.0164200727758172,0.07531457855599,-0.00107413590023391,-0.0135003289507193,-0.151910284574464,-0.0170507225155423,-0.0244049698549947,-0.00107413590023391,0.0245366008174503,0.00925630716154303,-0.00893710606806805,0.0196532477076781,-0.0300863901613138,-0.0135003289507193,0.00925630716154303,-0.0179254782706962,-0.0346238863042258,0.00908959597304117,-0.0174084794209479,-0.151910284574464,-0.00893710606806805,-0.0346238863042258,0.1395106625632
0.0936728895410756,-0.0142134681742874,-0.0170507225155423,0.00469171492389379,0.00598060382146424,0.0506670612296488,-0.0142134681742874,0.0582907939286261,-0.0244049698549947,-0.0289173911199522,-0.0210968073652919,0.0232767617816792,-0.0170507225155423,-0.0244049698549947,-0.00107413590023391,0.0245366008174503,0.00925630716154303,-0.00893710606806805,0.00469171492389379,-0.0289173911199522,0.0245366008174503,0.0245082127073017,0.00668998266216929,-0.0451611357324322,0.00598060382146424,-0.0210968073652919,0.00925630716154303,0.00668998266216929,-0.0031659219093814,-0.0344876137703556,0.0506670612296488,0.0232767617816792,-0.00893710606806805,-0.0451611357324322,-0.0344876137703556,-0.0143819382364209
-0.0229495481202701,0.0269294778907947,0.0196532477076781,0.00598060382146424,0.044063562545737,0.0371723586615455,0.0269294778907947,0.0365100709792684,-0.0300863901613138,-0.0210968073652919,-0.0305845791900952,0.00895666820072953,0.0196532477076781,-0.0300863901613138,-0.0135003289507193,0.00925630716154303,-0.0179254782706962,-0.0346238863042258,0.00598060382146424,-0.0210968073652919,0.00925630716154303,0.00668998266216929,-0.0031659219093814,-0.0344876137703556,0.044063562545737,-0.0305845791900952,-0.0179254782706962,-0.0031659219093814,-0.0353667209906614,-0.056749642532145,0.0371723586615455,0.00895666820072953,-0.0346238863042258,-0.0344876137703556,-0.056749642532145,-0.0661092454149603
-0.290611228553524,0.0416585886818048,0.00908959597304117,0.0506670612296488,0.0371723586615455,0.120740997831139,0.0416585886818048,-0.0665717226170773,-0.0174084794209479,0.0232767617816792,0.00895666820072953,0.00886527717953019,0.00908959597304117,-0.0174084794209479,-0.151910284574464,-0.00893710606806805,-0.0346238863042258,0.1395106625632,0.0506670612296488,0.0232767617816792,-0.00893710606806805,-0.0451611357324322,-0.0344876137703556,-0.0143819382364209,0.0371723586615455,0.00895666820072953,-0.0346238863042258,-0.0344876137703556,-0.056749642532145,-0.0661092454149603,0.120740997831139,0.00886527717953019,0.1395106625632,-0.0143819382364209,-0.0661092454149603,-0.530649460605726
