"Mkt.RF","SMB","HML","RMW","CMA","MOM"
7.70990763529446e-05,-1.65296087776076e-05,-2.00413660429031e-05,2.96471275844806e-06,-1.30384842411953e-05,4.21364224154995e-06
-1.65296087776076e-05,2.39985322483383e-05,2.16100836321988e-06,-4.08431566371786e-06,1.46250282604945e-07,-1.46746762198363e-06
-2.00413660429031e-05,2.16100836321988e-06,1.60076171072443e-05,-3.24556669766917e-06,9.15140475253254e-06,-1.18930260999647e-06
2.96471275844806e-06,-4.08431566371786e-06,-3.24556669766917e-06,6.03450873335542e-06,-1.8576232193342e-06,6.04869699995716e-07
-1.30384842411953e-05,1.46250282604945e-07,9.15140475253254e-06,-1.8576232193342e-06,1.05452845614486e-05,4.8687388748991e-07
4.21364224154995e-06,-1.46746762198363e-06,-1.18930260999647e-06,6.04869699995716e-07,4.8687388748991e-07,2.206187134268e-05
