"V1","V2","V3","V4","V5","V6","V7","V8","V9","V10","V11","V12","V13","V14","V15","V16","V17","V18","V19","V20","V21","V22","V23","V24","V25","V26","V27","V28","V29","V30","V31","V32","V33","V34","V35","V36"
-1.01624710671e-06,2.0100692306934e-07,7.13962089644883e-08,3.99948264699466e-08,-1.79234278370973e-08,-3.29274493243759e-07,2.0100692306934e-07,-5.8641065797551e-08,2.57499554999549e-09,-1.54503318241179e-08,1.25331703745204e-08,4.68794524771888e-08,7.13962089644883e-08,2.57499554999549e-09,8.94706735909943e-09,-1.07519808575614e-08,1.42817586105859e-08,2.99090152280395e-08,3.99948264699466e-08,-1.54503318241179e-08,-1.07519808575614e-08,5.97150672433531e-09,-4.82890039421912e-09,1.80795975671315e-08,-1.79234278370973e-08,1.25331703745204e-08,1.42817586105859e-08,-4.82890039421912e-09,1.44766339882483e-08,1.0142945644212e-08,-3.29274493243759e-07,4.68794524771888e-08,2.99090152280395e-08,1.80795975671315e-08,1.0142945644212e-08,-4.68101176979852e-08
2.0100692306934e-07,-5.8641065797551e-08,2.57499554999549e-09,-1.54503318241179e-08,1.25331703745204e-08,4.68794524771888e-08,-5.8641065797551e-08,-2.62341905932393e-07,4.56692642206108e-08,5.95475452001827e-08,4.11287189479864e-08,-4.77539127472747e-08,2.57499554999549e-09,4.56692642206108e-08,-1.70096667400007e-08,-6.48495425223915e-09,-1.38563753407268e-08,-1.41678205494082e-09,-1.54503318241179e-08,5.95475452001827e-08,-6.48495425223915e-09,-1.35327125163897e-08,-7.52907476585758e-09,2.06828066205638e-09,1.25331703745204e-08,4.11287189479864e-08,-1.38563753407268e-08,-7.52907476585758e-09,-1.23248607692194e-08,4.9226371206585e-09,4.68794524771888e-08,-4.77539127472747e-08,-1.41678205494082e-09,2.06828066205638e-09,4.9226371206585e-09,-1.54707015495126e-09
7.13962089644883e-08,2.57499554999549e-09,8.94706735909943e-09,-1.07519808575614e-08,1.42817586105859e-08,2.99090152280395e-08,2.57499554999549e-09,4.56692642206108e-08,-1.70096667400007e-08,-6.48495425223915e-09,-1.38563753407268e-08,-1.41678205494082e-09,8.94706735909943e-09,-1.70096667400007e-08,1.9956245200083e-09,3.01122498718939e-09,-4.15523818501374e-09,-1.66793384959924e-08,-1.07519808575614e-08,-6.48495425223915e-09,3.01122498718939e-09,1.19286817157041e-09,2.90692333373658e-09,5.96384376790956e-10,1.42817586105859e-08,-1.38563753407268e-08,-4.15523818501374e-09,2.90692333373658e-09,-4.97939227441017e-09,-8.58362252412598e-09,2.99090152280395e-08,-1.41678205494082e-09,-1.66793384959924e-08,5.96384376790956e-10,-8.58362252412598e-09,-1.02509989073494e-09
3.99948264699466e-08,-1.54503318241179e-08,-1.07519808575614e-08,5.97150672433531e-09,-4.82890039421912e-09,1.80795975671315e-08,-1.54503318241179e-08,5.95475452001827e-08,-6.48495425223915e-09,-1.35327125163897e-08,-7.52907476585758e-09,2.06828066205638e-09,-1.07519808575614e-08,-6.48495425223915e-09,3.01122498718939e-09,1.19286817157041e-09,2.90692333373658e-09,5.96384376790956e-10,5.97150672433531e-09,-1.35327125163897e-08,1.19286817157041e-09,3.68312960394059e-09,1.29937762731335e-09,-4.5152799278044e-09,-4.82890039421912e-09,-7.52907476585758e-09,2.90692333373658e-09,1.29937762731335e-09,2.47804208641912e-09,1.52467715638708e-09,1.80795975671315e-08,2.06828066205638e-09,5.96384376790956e-10,-4.5152799278044e-09,1.52467715638708e-09,5.78336997256133e-09
-1.79234278370973e-08,1.25331703745204e-08,1.42817586105859e-08,-4.82890039421912e-09,1.44766339882483e-08,1.0142945644212e-08,1.25331703745204e-08,4.11287189479864e-08,-1.38563753407268e-08,-7.52907476585758e-09,-1.23248607692194e-08,4.9226371206585e-09,1.42817586105859e-08,-1.38563753407268e-08,-4.15523818501374e-09,2.90692333373658e-09,-4.97939227441017e-09,-8.58362252412598e-09,-4.82890039421912e-09,-7.52907476585758e-09,2.90692333373658e-09,1.29937762731335e-09,2.47804208641912e-09,1.52467715638708e-09,1.44766339882483e-08,-1.23248607692194e-08,-4.97939227441017e-09,2.47804208641912e-09,-2.95893690515154e-09,-7.48589286270547e-09,1.0142945644212e-08,4.9226371206585e-09,-8.58362252412598e-09,1.52467715638708e-09,-7.48589286270547e-09,-1.19696963270747e-08
-3.29274493243759e-07,4.68794524771888e-08,2.99090152280395e-08,1.80795975671315e-08,1.0142945644212e-08,-4.68101176979852e-08,4.68794524771888e-08,-4.77539127472747e-08,-1.41678205494082e-09,2.06828066205638e-09,4.9226371206585e-09,-1.54707015495126e-09,2.99090152280395e-08,-1.41678205494082e-09,-1.66793384959924e-08,5.96384376790956e-10,-8.58362252412598e-09,-1.02509989073494e-09,1.80795975671315e-08,2.06828066205638e-09,5.96384376790956e-10,-4.5152799278044e-09,1.52467715638708e-09,5.78336997256133e-09,1.0142945644212e-08,4.9226371206585e-09,-8.58362252412598e-09,1.52467715638708e-09,-7.48589286270547e-09,-1.19696963270747e-08,-4.68101176979852e-08,-1.54707015495126e-09,-1.02509989073494e-09,5.78336997256133e-09,-1.19696963270747e-08,-9.14386678788695e-08
