"V1","V2","V3","V4","V5","V6","V7","V8","V9","V10","V11","V12","V13","V14","V15","V16","V17","V18","V19","V20","V21","V22","V23","V24","V25","V26","V27","V28","V29","V30","V31","V32","V33","V34","V35","V36"
-0.804648890196209,0.156044573796875,0.067757204791187,0.0480221910781398,-0.00879938033529896,-0.2714040238729,0.156044573796875,-0.0509123318473914,0.00845532829841411,-0.0129114265961803,0.0174823904899877,0.0435698317351031,0.067757204791187,0.00845532829841411,0.00773312983166733,-0.0150468487801602,0.0118112914932809,0.0258023403526082,0.0480221910781398,-0.0129114265961803,-0.0150468487801602,0.0048236179330008,-0.00812982994889729,0.0192025735459816,-0.00879938033529896,0.0174823904899877,0.0118112914932809,-0.00812982994889729,0.0114055312675475,0.00653653618557728,-0.2714040238729,0.0435698317351031,0.0258023403526082,0.0192025735459816,0.00653653618557728,-0.0253287904307071
0.156044573796875,-0.0509123318473914,0.00845532829841411,-0.0129114265961803,0.0174823904899877,0.0435698317351031,-0.0509123318473914,-0.214188125795346,0.0395761523873235,0.0545335056926784,0.0347179271733119,-0.0426863160975398,0.00845532829841411,0.0395761523873235,-0.019662826240282,-0.00759827702318591,-0.0158096569948866,0.000691472126976197,-0.0129114265961803,0.0545335056926784,-0.00759827702318591,-0.0133838746076751,-0.00873107927937904,0.00203232010626018,0.0174823904899877,0.0347179271733119,-0.0158096569948866,-0.00873107927937904,-0.0158275948918875,0.00506067574576897,0.0435698317351031,-0.0426863160975398,0.000691472126976197,0.00203232010626018,0.00506067574576897,0.00456218161772317
0.067757204791187,0.00845532829841411,0.00773312983166733,-0.0150468487801602,0.0118112914932809,0.0258023403526082,0.00845532829841411,0.0395761523873235,-0.019662826240282,-0.00759827702318591,-0.0158096569948866,0.000691472126976197,0.00773312983166733,-0.019662826240282,0.00235449281526569,0.00452855332156483,-0.00332702675264112,-0.0148958857586484,-0.0150468487801602,-0.00759827702318591,0.00452855332156483,0.00175354266013609,0.0041886982774937,0.000110805624096426,0.0118112914932809,-0.0158096569948866,-0.00332702675264112,0.0041886982774937,-0.00401745279443091,-0.00691814547922542,0.0258023403526082,0.000691472126976197,-0.0148958857586484,0.000110805624096426,-0.00691814547922542,-0.00510663485834431
0.0480221910781398,-0.0129114265961803,-0.0150468487801602,0.0048236179330008,-0.00812982994889729,0.0192025735459816,-0.0129114265961803,0.0545335056926784,-0.00759827702318591,-0.0133838746076751,-0.00873107927937904,0.00203232010626018,-0.0150468487801602,-0.00759827702318591,0.00452855332156483,0.00175354266013609,0.0041886982774937,0.000110805624096426,0.0048236179330008,-0.0133838746076751,0.00175354266013609,0.00379041698575379,0.00115104914532379,-0.00397979825147913,-0.00812982994889729,-0.00873107927937904,0.0041886982774937,0.00115104914532379,0.00380982559995337,0.000925744071103185,0.0192025735459816,0.00203232010626018,0.000110805624096426,-0.00397979825147913,0.000925744071103185,0.00520664140303325
-0.00879938033529896,0.0174823904899877,0.0118112914932809,-0.00812982994889729,0.0114055312675475,0.00653653618557728,0.0174823904899877,0.0347179271733119,-0.0158096569948866,-0.00873107927937904,-0.0158275948918875,0.00506067574576897,0.0118112914932809,-0.0158096569948866,-0.00332702675264112,0.0041886982774937,-0.00401745279443091,-0.00691814547922542,-0.00812982994889729,-0.00873107927937904,0.0041886982774937,0.00115104914532379,0.00380982559995337,0.000925744071103185,0.0114055312675475,-0.0158275948918875,-0.00401745279443091,0.00380982559995337,-0.00164558947544892,-0.00500031412933106,0.00653653618557728,0.00506067574576897,-0.00691814547922542,0.000925744071103185,-0.00500031412933106,-0.0165449003857959
-0.2714040238729,0.0435698317351031,0.0258023403526082,0.0192025735459816,0.00653653618557728,-0.0253287904307071,0.0435698317351031,-0.0426863160975398,0.000691472126976197,0.00203232010626018,0.00506067574576897,0.00456218161772317,0.0258023403526082,0.000691472126976197,-0.0148958857586484,0.000110805624096426,-0.00691814547922542,-0.00510663485834431,0.0192025735459816,0.00203232010626018,0.000110805624096426,-0.00397979825147913,0.000925744071103185,0.00520664140303325,0.00653653618557728,0.00506067574576897,-0.00691814547922542,0.000925744071103185,-0.00500031412933106,-0.0165449003857959,-0.0253287904307071,0.00456218161772317,-0.00510663485834431,0.00520664140303325,-0.0165449003857959,-0.0819668066839811
