"V1","V2","V3","V4","V5","V6","V7","V8","V9","V10","V11","V12","V13","V14","V15","V16","V17","V18","V19","V20","V21","V22","V23","V24","V25","V26","V27","V28","V29","V30","V31","V32","V33","V34","V35","V36"
-0.879073467072964,0.0629866807737907,-0.0645088121337609,0.0915378935761327,-0.0225683075304585,-0.292005025257046,0.0629866807737907,0.00526454219949212,0.0309981484172615,-0.01250018770225,0.0280460184490672,0.0430946519716158,-0.0645088121337609,0.0309981484172615,0.0100627795566611,-0.0159310698904508,0.0182020267899253,0.00947955371562983,0.0915378935761327,-0.01250018770225,-0.0159310698904508,0.00437478663391879,0.0067662130060878,0.051607302985867,-0.0225683075304585,0.0280460184490672,0.0182020267899253,0.0067662130060878,0.0439914938367745,0.0379005141645014,-0.292005025257046,0.0430946519716158,0.00947955371562983,0.051607302985867,0.0379005141645014,0.121659785791319
0.0629866807737907,0.00526454219949212,0.0309981484172615,-0.01250018770225,0.0280460184490672,0.0430946519716158,0.00526454219949212,-0.198044741989982,0.0507629863523094,0.0578042354694838,0.0358777324170853,-0.0673778143980149,0.0309981484172615,0.0507629863523094,-0.0175554199904864,-0.0242973186327174,-0.0304597618906218,-0.0170575207525974,-0.01250018770225,0.0578042354694838,-0.0242973186327174,-0.0293723528709597,-0.0212546784272313,0.0225533903396196,0.0280460184490672,0.0358777324170853,-0.0304597618906218,-0.0212546784272313,-0.031012095338539,0.00871541098284516,0.0430946519716158,-0.0673778143980149,-0.0170575207525974,0.0225533903396196,0.00871541098284516,0.00729223372099018
-0.0645088121337609,0.0309981484172615,0.0100627795566611,-0.0159310698904508,0.0182020267899253,0.00947955371562983,0.0309981484172615,0.0507629863523094,-0.0175554199904864,-0.0242973186327174,-0.0304597618906218,-0.0170575207525974,0.0100627795566611,-0.0175554199904864,0.0789024718797881,-0.00244847034760219,-0.0120414949976351,-0.151256080625032,-0.0159310698904508,-0.0242973186327174,-0.00244847034760219,0.024751824422928,0.00834433722455066,-0.0101499014829417,0.0182020267899253,-0.0304597618906218,-0.0120414949976351,0.00834433722455066,-0.0175865110832459,-0.0345251407898577,0.00947955371562983,-0.0170575207525974,-0.151256080625032,-0.0101499014829417,-0.0345251407898577,0.13895679061984
0.0915378935761327,-0.01250018770225,-0.0159310698904508,0.00437478663391879,0.0067662130060878,0.051607302985867,-0.01250018770225,0.0578042354694838,-0.0242973186327174,-0.0293723528709597,-0.0212546784272313,0.0225533903396196,-0.0159310698904508,-0.0242973186327174,-0.00244847034760219,0.024751824422928,0.00834433722455066,-0.0101499014829417,0.00437478663391879,-0.0293723528709597,0.024751824422928,0.0243699005772997,0.00676215533006016,-0.0446850754332724,0.0067662130060878,-0.0212546784272313,0.00834433722455066,0.00676215533006016,-0.00380701066340854,-0.0348410312310352,0.051607302985867,0.0225533903396196,-0.0101499014829417,-0.0446850754332724,-0.0348410312310352,-0.0124111599417109
-0.0225683075304585,0.0280460184490672,0.0182020267899253,0.0067662130060878,0.0439914938367745,0.0379005141645014,0.0280460184490672,0.0358777324170853,-0.0304597618906218,-0.0212546784272313,-0.031012095338539,0.00871541098284516,0.0182020267899253,-0.0304597618906218,-0.0120414949976351,0.00834433722455066,-0.0175865110832459,-0.0345251407898577,0.0067662130060878,-0.0212546784272313,0.00834433722455066,0.00676215533006016,-0.00380701066340854,-0.0348410312310352,0.0439914938367745,-0.031012095338539,-0.0175865110832459,-0.00380701066340854,-0.0359435359987194,-0.0573883823848469,0.0379005141645014,0.00871541098284516,-0.0345251407898577,-0.0348410312310352,-0.0573883823848469,-0.0687545128669511
-0.292005025257046,0.0430946519716158,0.00947955371562983,0.051607302985867,0.0379005141645014,0.121659785791319,0.0430946519716158,-0.0673778143980149,-0.0170575207525974,0.0225533903396196,0.00871541098284516,0.00729223372099018,0.00947955371562983,-0.0170575207525974,-0.151256080625032,-0.0101499014829417,-0.0345251407898577,0.13895679061984,0.051607302985867,0.0225533903396196,-0.0101499014829417,-0.0446850754332724,-0.0348410312310352,-0.0124111599417109,0.0379005141645014,0.00871541098284516,-0.0345251407898577,-0.0348410312310352,-0.0573883823848469,-0.0687545128669511,0.121659785791319,0.00729223372099018,0.13895679061984,-0.0124111599417109,-0.0687545128669511,-0.544281776495219
