"V1","V2","V3","V4","V5","V6","V7","V8","V9","V10","V11","V12","V13","V14","V15","V16","V17","V18","V19","V20","V21","V22","V23","V24","V25","V26","V27","V28","V29","V30","V31","V32","V33","V34","V35","V36"
-7.43855953993995e-07,-2.67295813329412e-07,-2.06156096265452e-07,1.13657358138075e-07,4.49356163357309e-08,-5.89973450492332e-08,-2.67295813329412e-07,5.73711967406398e-08,2.71730416904609e-08,3.88362703981526e-09,2.82485714738651e-08,-5.50541368418706e-08,-2.06156096265452e-07,2.71730416904609e-08,-1.05673844537052e-08,-8.25751641346323e-10,2.2673710780733e-08,-3.86489466876401e-08,1.13657358138075e-07,3.88362703981526e-09,-8.25751641346323e-10,3.3473370663281e-09,3.08117944655626e-09,3.0884442906724e-08,4.49356163357309e-08,2.82485714738651e-08,2.2673710780733e-08,3.08117944655626e-09,3.28370582776261e-08,3.47800542554347e-08,-5.89973450492332e-08,-5.50541368418706e-08,-3.86489466876401e-08,3.0884442906724e-08,3.47800542554347e-08,2.35922266725861e-07
-2.67295813329412e-07,5.73711967406398e-08,2.71730416904609e-08,3.88362703981526e-09,2.82485714738651e-08,-5.50541368418706e-08,5.73711967406398e-08,-1.74407052348528e-08,1.04932122137484e-08,1.28862170141886e-08,-2.61603101413525e-09,-8.21597109622172e-08,2.71730416904609e-08,1.04932122137484e-08,-2.50035024164998e-09,-1.54505899679339e-08,-1.74131093023668e-08,-6.73855298506566e-08,3.88362703981526e-09,1.28862170141886e-08,-1.54505899679339e-08,-1.66988311167684e-08,-1.41770919025231e-08,1.87299996131969e-08,2.82485714738651e-08,-2.61603101413525e-09,-1.74131093023668e-08,-1.41770919025231e-08,-2.07336818218191e-08,1.68023871695613e-09,-5.50541368418706e-08,-8.21597109622172e-08,-6.73855298506566e-08,1.87299996131969e-08,1.68023871695613e-09,9.62195654468554e-08
-2.06156096265452e-07,2.71730416904609e-08,-1.05673844537052e-08,-8.25751641346323e-10,2.2673710780733e-08,-3.86489466876401e-08,2.71730416904609e-08,1.04932122137484e-08,-2.50035024164998e-09,-1.54505899679339e-08,-1.74131093023668e-08,-6.73855298506566e-08,-1.05673844537052e-08,-2.50035024164998e-09,8.4679101297585e-08,9.73364729004923e-09,-3.23750196737018e-09,-2.61830534743093e-07,-8.25751641346323e-10,-1.54505899679339e-08,9.73364729004923e-09,2.87104907409693e-08,6.04055403022061e-09,-3.04487733125031e-08,2.2673710780733e-08,-1.74131093023668e-08,-3.23750196737018e-09,6.04055403022061e-09,-1.63577025445507e-08,-5.26359661461644e-08,-3.86489466876401e-08,-6.73855298506566e-08,-2.61830534743093e-07,-3.04487733125031e-08,-5.26359661461644e-08,4.17375380715499e-07
1.13657358138075e-07,3.88362703981526e-09,-8.25751641346323e-10,3.3473370663281e-09,3.08117944655626e-09,3.0884442906724e-08,3.88362703981526e-09,1.28862170141886e-08,-1.54505899679339e-08,-1.66988311167684e-08,-1.41770919025231e-08,1.87299996131969e-08,-8.25751641346323e-10,-1.54505899679339e-08,9.73364729004923e-09,2.87104907409693e-08,6.04055403022061e-09,-3.04487733125031e-08,3.3473370663281e-09,-1.66988311167684e-08,2.87104907409693e-08,1.83683259509138e-08,5.84982158077777e-09,-5.28372408469631e-08,3.08117944655626e-09,-1.41770919025231e-08,6.04055403022061e-09,5.84982158077777e-09,-8.38636131657223e-09,-3.82445365512467e-08,3.0884442906724e-08,1.87299996131969e-08,-3.04487733125031e-08,-5.28372408469631e-08,-3.82445365512467e-08,1.95697638014943e-08
4.49356163357309e-08,2.82485714738651e-08,2.2673710780733e-08,3.08117944655626e-09,3.28370582776261e-08,3.47800542554347e-08,2.82485714738651e-08,-2.61603101413525e-09,-1.74131093023668e-08,-1.41770919025231e-08,-2.07336818218191e-08,1.68023871695613e-09,2.2673710780733e-08,-1.74131093023668e-08,-3.23750196737018e-09,6.04055403022061e-09,-1.63577025445507e-08,-5.26359661461644e-08,3.08117944655626e-09,-1.41770919025231e-08,6.04055403022061e-09,5.84982158077777e-09,-8.38636131657223e-09,-3.82445365512467e-08,3.28370582776261e-08,-2.07336818218191e-08,-1.63577025445507e-08,-8.38636131657223e-09,-3.61578334623187e-08,-6.38547900125864e-08,3.47800542554347e-08,1.68023871695613e-09,-5.26359661461644e-08,-3.82445365512467e-08,-6.38547900125864e-08,-3.12190825947924e-08
-5.89973450492332e-08,-5.50541368418706e-08,-3.86489466876401e-08,3.0884442906724e-08,3.47800542554347e-08,2.35922266725861e-07,-5.50541368418706e-08,-8.21597109622172e-08,-6.73855298506566e-08,1.87299996131969e-08,1.68023871695613e-09,9.62195654468554e-08,-3.86489466876401e-08,-6.73855298506566e-08,-2.61830534743093e-07,-3.04487733125031e-08,-5.26359661461644e-08,4.17375380715499e-07,3.0884442906724e-08,1.87299996131969e-08,-3.04487733125031e-08,-5.28372408469631e-08,-3.82445365512467e-08,1.95697638014943e-08,3.47800542554347e-08,1.68023871695613e-09,-5.26359661461644e-08,-3.82445365512467e-08,-6.38547900125864e-08,-3.12190825947924e-08,2.35922266725861e-07,9.62195654468554e-08,4.17375380715499e-07,1.95697638014943e-08,-3.12190825947924e-08,-1.23023970939423e-06
