"V1","V2","V3","V4","V5","V6","V7","V8","V9","V10","V11","V12","V13","V14","V15","V16","V17","V18","V19","V20","V21","V22","V23","V24","V25","V26","V27","V28","V29","V30","V31","V32","V33","V34","V35","V36"
-1.40059754222574e-06,1.30274056344976e-07,-6.48937906900016e-08,1.14068206505954e-07,-5.53072730637092e-09,-3.14285710677436e-07,1.30274056344976e-07,-9.22470911195909e-09,2.48011141358967e-08,-1.37885651835697e-08,2.54986429555195e-08,4.25358180391388e-08,-6.48937906900016e-08,2.48011141358967e-08,-1.00831804974511e-08,-1.44553143207453e-08,1.88490919030497e-08,1.64391611216777e-08,1.14068206505954e-07,-1.37885651835697e-08,-1.44553143207453e-08,3.75826735669913e-09,5.52998752957278e-09,5.36305807110536e-08,-5.53072730637092e-09,2.54986429555195e-08,1.88490919030497e-08,5.52998752957278e-09,4.27531344913783e-08,3.74705698724046e-08,-3.14285710677436e-07,4.25358180391388e-08,1.64391611216777e-08,5.36305807110536e-08,3.74705698724046e-08,1.18018268151718e-07
1.30274056344976e-07,-9.22470911195909e-09,2.48011141358967e-08,-1.37885651835697e-08,2.54986429555195e-08,4.25358180391388e-08,-9.22470911195909e-09,-2.39944695383707e-07,5.6921797815788e-08,6.37465692519906e-08,4.18980812461443e-08,-6.88873364708661e-08,2.48011141358967e-08,5.6921797815788e-08,-1.81980824958303e-08,-2.46060608266635e-08,-3.04895786473436e-08,-1.51681242975936e-08,-1.37885651835697e-08,6.37465692519906e-08,-2.46060608266635e-08,-2.9167394003255e-08,-2.16496444422454e-08,2.47797613604882e-08,2.54986429555195e-08,4.18980812461443e-08,-3.04895786473436e-08,-2.16496444422454e-08,-3.1351537988519e-08,9.48121988243553e-09,4.25358180391388e-08,-6.88873364708661e-08,-1.51681242975936e-08,2.47797613604882e-08,9.48121988243553e-09,5.64810094296736e-09
-6.48937906900016e-08,2.48011141358967e-08,-1.00831804974511e-08,-1.44553143207453e-08,1.88490919030497e-08,1.64391611216777e-08,2.48011141358967e-08,5.6921797815788e-08,-1.81980824958303e-08,-2.46060608266635e-08,-3.04895786473436e-08,-1.51681242975936e-08,-1.00831804974511e-08,-1.81980824958303e-08,5.86704602087464e-08,-5.44836764596303e-10,-1.41984109616432e-08,-1.4984026943818e-07,-1.44553143207453e-08,-2.46060608266635e-08,-5.44836764596303e-10,2.22655930439844e-08,7.24150160477079e-09,-1.00467997570076e-08,1.88490919030497e-08,-3.04895786473436e-08,-1.41984109616432e-08,7.24150160477079e-09,-2.02887126170196e-08,-3.65887311998501e-08,1.64391611216777e-08,-1.51681242975936e-08,-1.4984026943818e-07,-1.00467997570076e-08,-3.65887311998501e-08,1.59382520447722e-07
1.14068206505954e-07,-1.37885651835697e-08,-1.44553143207453e-08,3.75826735669913e-09,5.52998752957278e-09,5.36305807110536e-08,-1.37885651835697e-08,6.37465692519906e-08,-2.46060608266635e-08,-2.9167394003255e-08,-2.16496444422454e-08,2.47797613604882e-08,-1.44553143207453e-08,-2.46060608266635e-08,-5.44836764596303e-10,2.22655930439844e-08,7.24150160477079e-09,-1.00467997570076e-08,3.75826735669913e-09,-2.9167394003255e-08,2.22655930439844e-08,1.92196536219101e-08,4.59411415565606e-09,-4.7812490846312e-08,5.52998752957278e-09,-2.16496444422454e-08,7.24150160477079e-09,4.59411415565606e-09,-5.66927541168576e-09,-3.7007609102749e-08,5.36305807110536e-08,2.47797613604882e-08,-1.00467997570076e-08,-4.7812490846312e-08,-3.7007609102749e-08,-2.16492505816582e-08
-5.53072730637092e-09,2.54986429555195e-08,1.88490919030497e-08,5.52998752957278e-09,4.27531344913783e-08,3.74705698724046e-08,2.54986429555195e-08,4.18980812461443e-08,-3.04895786473436e-08,-2.16496444422454e-08,-3.1351537988519e-08,9.48121988243553e-09,1.88490919030497e-08,-3.04895786473436e-08,-1.41984109616432e-08,7.24150160477079e-09,-2.02887126170196e-08,-3.65887311998501e-08,5.52998752957278e-09,-2.16496444422454e-08,7.24150160477079e-09,4.59411415565606e-09,-5.66927541168576e-09,-3.7007609102749e-08,4.27531344913783e-08,-3.1351537988519e-08,-2.02887126170196e-08,-5.66927541168576e-09,-3.95682651223975e-08,-6.14686038250975e-08,3.74705698724046e-08,9.48121988243553e-09,-3.65887311998501e-08,-3.7007609102749e-08,-6.14686038250975e-08,-7.33903660921452e-08
-3.14285710677436e-07,4.25358180391388e-08,1.64391611216777e-08,5.36305807110536e-08,3.74705698724046e-08,1.18018268151718e-07,4.25358180391388e-08,-6.88873364708661e-08,-1.51681242975936e-08,2.47797613604882e-08,9.48121988243553e-09,5.64810094296736e-09,1.64391611216777e-08,-1.51681242975936e-08,-1.4984026943818e-07,-1.00467997570076e-08,-3.65887311998501e-08,1.59382520447722e-07,5.36305807110536e-08,2.47797613604882e-08,-1.00467997570076e-08,-4.7812490846312e-08,-3.7007609102749e-08,-2.16492505816582e-08,3.74705698724046e-08,9.48121988243553e-09,-3.65887311998501e-08,-3.7007609102749e-08,-6.14686038250975e-08,-7.33903660921452e-08,1.18018268151718e-07,5.64810094296736e-09,1.59382520447722e-07,-2.16492505816582e-08,-7.33903660921452e-08,-6.35709695576126e-07
