"V1","V2","V3","V4","V5","V6","V7","V8","V9","V10","V11","V12","V13","V14","V15","V16","V17","V18","V19","V20","V21","V22","V23","V24","V25","V26","V27","V28","V29","V30","V31","V32","V33","V34","V35","V36"
-0.211415569513958,-0.167279377068714,-0.114997194108705,0.0793744753532592,-0.000783229810236975,-0.0803310940412284,-0.167279377068714,0.0645270428971228,0.0487122533941048,-0.0008708149143973,0.0269083888783723,-0.0240526492466933,-0.114997194108705,0.0487122533941048,0.00917973307929872,-0.017315759414299,0.0124135269789861,-0.00774386559454864,0.0793744753532592,-0.0008708149143973,-0.017315759414299,0.00115644453281487,0.00262284094280347,0.0402057551916652,-0.000783229810236975,0.0269083888783723,0.0124135269789861,0.00262284094280347,0.0367954912512619,0.0377788972621249,-0.0803310940412284,-0.0240526492466933,-0.00774386559454864,0.0402057551916652,0.0377788972621249,0.164202897465272
-0.167279377068714,0.0645270428971228,0.0487122533941048,-0.0008708149143973,0.0269083888783723,-0.0240526492466933,0.0645270428971228,-0.0297624886835454,0.00732259831042582,0.0166015481091919,-0.00017358955977788,-0.0509945547816917,0.0487122533941048,0.00732259831042582,-0.00588856600259161,-0.017493426763754,-0.0195840888108459,-0.0148299032703921,-0.0008708149143973,0.0166015481091919,-0.017493426763754,-0.0223820091522052,-0.0139474209022849,0.0279536528593045,0.0269083888783723,-0.00017358955977788,-0.0195840888108459,-0.0139474209022849,-0.0216585988236393,0.00678668185777275,-0.0240526492466933,-0.0509945547816917,-0.0148299032703921,0.0279536528593045,0.00678668185777275,-0.0119488290420774
-0.114997194108705,0.0487122533941048,0.00917973307929872,-0.017315759414299,0.0124135269789861,-0.00774386559454864,0.0487122533941048,0.00732259831042582,-0.00588856600259161,-0.017493426763754,-0.0195840888108459,-0.0148299032703921,0.00917973307929872,-0.00588856600259161,0.0877319472480095,-0.00156109436035451,-0.00673096073499573,-0.158820172263426,-0.017315759414299,-0.017493426763754,-0.00156109436035451,0.0261915145135939,0.00820546230327963,-0.00971632173478682,0.0124135269789861,-0.0195840888108459,-0.00673096073499573,0.00820546230327963,-0.0135833205047576,-0.0383678354936817,-0.00774386559454864,-0.0148299032703921,-0.158820172263426,-0.00971632173478682,-0.0383678354936817,0.152660884632784
0.0793744753532592,-0.0008708149143973,-0.017315759414299,0.00115644453281487,0.00262284094280347,0.0402057551916652,-0.0008708149143973,0.0166015481091919,-0.017493426763754,-0.0223820091522052,-0.0139474209022849,0.0279536528593045,-0.017315759414299,-0.017493426763754,-0.00156109436035451,0.0261915145135939,0.00820546230327963,-0.00971632173478682,0.00115644453281487,-0.0223820091522052,0.0261915145135939,0.0248038653208909,0.00779494926096531,-0.0459018281860401,0.00262284094280347,-0.0139474209022849,0.00820546230327963,0.00779494926096531,-0.0043600601690664,-0.0345542594402742,0.0402057551916652,0.0279536528593045,-0.00971632173478682,-0.0459018281860401,-0.0345542594402742,-0.00850357664021196
-0.000783229810236975,0.0269083888783723,0.0124135269789861,0.00262284094280347,0.0367954912512619,0.0377788972621249,0.0269083888783723,-0.00017358955977788,-0.0195840888108459,-0.0139474209022849,-0.0216585988236393,0.00678668185777275,0.0124135269789861,-0.0195840888108459,-0.00673096073499573,0.00820546230327963,-0.0135833205047576,-0.0383678354936817,0.00262284094280347,-0.0139474209022849,0.00820546230327963,0.00779494926096531,-0.0043600601690664,-0.0345542594402742,0.0367954912512619,-0.0216585988236393,-0.0135833205047576,-0.0043600601690664,-0.0320693809226769,-0.0579788059179316,0.0377788972621249,0.00678668185777275,-0.0383678354936817,-0.0345542594402742,-0.0579788059179316,-0.0539561982999691
-0.0803310940412284,-0.0240526492466933,-0.00774386559454864,0.0402057551916652,0.0377788972621249,0.164202897465272,-0.0240526492466933,-0.0509945547816917,-0.0148299032703921,0.0279536528593045,0.00678668185777275,-0.0119488290420774,-0.00774386559454864,-0.0148299032703921,-0.158820172263426,-0.00971632173478682,-0.0383678354936817,0.152660884632784,0.0402057551916652,0.0279536528593045,-0.00971632173478682,-0.0459018281860401,-0.0345542594402742,-0.00850357664021196,0.0377788972621249,0.00678668185777275,-0.0383678354936817,-0.0345542594402742,-0.0579788059179316,-0.0539561982999691,0.164202897465272,-0.0119488290420774,0.152660884632784,-0.00850357664021196,-0.0539561982999691,-0.531481022150844
