"V1","V2","V3","V4","V5","V6","V7","V8","V9","V10","V11","V12","V13","V14","V15","V16","V17","V18","V19","V20","V21","V22","V23","V24","V25","V26","V27","V28","V29","V30","V31","V32","V33","V34","V35","V36"
-1.28964909727905e-06,1.16082392661821e-07,-6.0492765506225e-08,9.61702700423196e-08,-4.2228730478518e-09,-3.15699749616488e-07,1.16082392661821e-07,6.5425905339253e-10,3.41080610973976e-08,-1.47442098289338e-08,3.16255458381651e-08,5.1580330659843e-08,-6.0492765506225e-08,3.41080610973976e-08,-1.01192689667106e-08,-1.2710481129256e-08,2.01012648124586e-08,2.58115728412609e-08,9.61702700423196e-08,-1.47442098289338e-08,-1.2710481129256e-08,6.11069485719741e-09,6.25480227677458e-09,5.0922914747197e-08,-4.2228730478518e-09,3.16255458381651e-08,2.01012648124586e-08,6.25480227677458e-09,4.53979907955743e-08,4.35142820758617e-08,-3.15699749616488e-07,5.1580330659843e-08,2.58115728412609e-08,5.0922914747197e-08,4.35142820758617e-08,1.26360375765729e-07
1.16082392661821e-07,6.5425905339253e-10,3.41080610973976e-08,-1.47442098289338e-08,3.16255458381651e-08,5.1580330659843e-08,6.5425905339253e-10,-2.51415609021442e-07,5.29386633482685e-08,6.47267499366494e-08,4.03435969180794e-08,-6.66115276920888e-08,3.41080610973976e-08,5.29386633482685e-08,-2.12761681530851e-08,-2.40247929859688e-08,-3.2145610006461e-08,-1.57521616619465e-08,-1.47442098289338e-08,6.47267499366494e-08,-2.40247929859688e-08,-2.94250897424422e-08,-2.16015006834624e-08,2.12039441004247e-08,3.16255458381651e-08,4.03435969180794e-08,-3.2145610006461e-08,-2.16015006834624e-08,-3.27745648290115e-08,8.22701644705851e-09,5.1580330659843e-08,-6.66115276920888e-08,-1.57521616619465e-08,2.12039441004247e-08,8.22701644705851e-09,8.60852244113551e-10
-6.0492765506225e-08,3.41080610973976e-08,-1.01192689667106e-08,-1.2710481129256e-08,2.01012648124586e-08,2.58115728412609e-08,3.41080610973976e-08,5.29386633482685e-08,-2.12761681530851e-08,-2.40247929859688e-08,-3.2145610006461e-08,-1.57521616619465e-08,-1.01192689667106e-08,-2.12761681530851e-08,5.79984135186534e-08,-3.53554469782597e-09,-1.52232723870085e-08,-1.51297174049348e-07,-1.2710481129256e-08,-2.40247929859688e-08,-3.53554469782597e-09,2.1014644094407e-08,5.48116941478957e-09,-1.08578777552243e-08,2.01012648124586e-08,-3.2145610006461e-08,-1.52232723870085e-08,5.48116941478957e-09,-2.22756313858732e-08,-3.90988651931101e-08,2.58115728412609e-08,-1.57521616619465e-08,-1.51297174049348e-07,-1.08578777552243e-08,-3.90988651931101e-08,1.52453625292892e-07
9.61702700423196e-08,-1.47442098289338e-08,-1.2710481129256e-08,6.11069485719741e-09,6.25480227677458e-09,5.0922914747197e-08,-1.47442098289338e-08,6.47267499366494e-08,-2.40247929859688e-08,-2.94250897424422e-08,-2.16015006834624e-08,2.12039441004247e-08,-1.2710481129256e-08,-2.40247929859688e-08,-3.53554469782597e-09,2.1014644094407e-08,5.48116941478957e-09,-1.08578777552243e-08,6.11069485719741e-09,-2.94250897424422e-08,2.1014644094407e-08,1.92610443689465e-08,3.98872112278758e-09,-4.55538004383732e-08,6.25480227677458e-09,-2.16015006834624e-08,5.48116941478957e-09,3.98872112278758e-09,-6.76584096310574e-09,-3.67820788923104e-08,5.0922914747197e-08,2.12039441004247e-08,-1.08578777552243e-08,-4.55538004383732e-08,-3.67820788923104e-08,-2.03550092159595e-08
-4.2228730478518e-09,3.16255458381651e-08,2.01012648124586e-08,6.25480227677458e-09,4.53979907955743e-08,4.35142820758617e-08,3.16255458381651e-08,4.03435969180794e-08,-3.2145610006461e-08,-2.16015006834624e-08,-3.27745648290115e-08,8.22701644705851e-09,2.01012648124586e-08,-3.2145610006461e-08,-1.52232723870085e-08,5.48116941478957e-09,-2.22756313858732e-08,-3.90988651931101e-08,6.25480227677458e-09,-2.16015006834624e-08,5.48116941478957e-09,3.98872112278758e-09,-6.76584096310574e-09,-3.67820788923104e-08,4.53979907955743e-08,-3.27745648290115e-08,-2.22756313858732e-08,-6.76584096310574e-09,-4.20001749045327e-08,-6.39884241226979e-08,4.35142820758617e-08,8.22701644705851e-09,-3.90988651931101e-08,-3.67820788923104e-08,-6.39884241226979e-08,-7.84929551560805e-08
-3.15699749616488e-07,5.1580330659843e-08,2.58115728412609e-08,5.0922914747197e-08,4.35142820758617e-08,1.26360375765729e-07,5.1580330659843e-08,-6.66115276920888e-08,-1.57521616619465e-08,2.12039441004247e-08,8.22701644705851e-09,8.60852244113551e-10,2.58115728412609e-08,-1.57521616619465e-08,-1.51297174049348e-07,-1.08578777552243e-08,-3.90988651931101e-08,1.52453625292892e-07,5.0922914747197e-08,2.12039441004247e-08,-1.08578777552243e-08,-4.55538004383732e-08,-3.67820788923104e-08,-2.03550092159595e-08,4.35142820758617e-08,8.22701644705851e-09,-3.90988651931101e-08,-3.67820788923104e-08,-6.39884241226979e-08,-7.84929551560805e-08,1.26360375765729e-07,8.60852244113551e-10,1.52453625292892e-07,-2.03550092159595e-08,-7.84929551560805e-08,-6.47866213945629e-07
