"V1","V2","V3","V4","V5","V6","V7","V8","V9","V10","V11","V12","V13","V14","V15","V16","V17","V18","V19","V20","V21","V22","V23","V24","V25","V26","V27","V28","V29","V30","V31","V32","V33","V34","V35","V36"
-1.23506230494952e-06,2.02302140219865e-07,4.49758000275199e-08,6.28165842261253e-08,-2.27560013498031e-08,-3.56204620655795e-07,2.02302140219865e-07,-4.3803610696763e-08,3.07548887360618e-08,-7.14703310713783e-09,2.96984991358201e-08,3.80633616212237e-08,4.49758000275199e-08,3.07548887360618e-08,3.57781888170136e-09,-1.49209970484557e-08,2.64015992031984e-08,4.77728049658489e-08,6.28165842261253e-08,-7.14703310713783e-09,-1.49209970484557e-08,3.89059184212378e-09,4.68258703012059e-09,5.38936578460903e-08,-2.27560013498031e-08,2.96984991358201e-08,2.64015992031984e-08,4.68258703012059e-09,4.52615174839897e-08,4.00298907463874e-08,-3.56204620655795e-07,3.80633616212237e-08,4.77728049658489e-08,5.38936578460903e-08,4.00298907463874e-08,2.19047710608142e-08
2.02302140219865e-07,-4.3803610696763e-08,3.07548887360618e-08,-7.14703310713783e-09,2.96984991358201e-08,3.80633616212237e-08,-4.3803610696763e-08,-2.85156766992051e-07,5.13910371080503e-08,7.13919873049597e-08,4.57876796659709e-08,-7.25292708298341e-08,3.07548887360618e-08,5.13910371080503e-08,-2.08568547604467e-08,-2.40569216300653e-08,-3.13873154775767e-08,-7.16484310238296e-09,-7.14703310713783e-09,7.13919873049597e-08,-2.40569216300653e-08,-3.1197952343057e-08,-2.13930292651013e-08,2.56914143599714e-08,2.96984991358201e-08,4.57876796659709e-08,-3.13873154775767e-08,-2.13930292651013e-08,-3.32673580364086e-08,1.01641619095205e-08,3.80633616212237e-08,-7.25292708298341e-08,-7.16484310238296e-09,2.56914143599714e-08,1.01641619095205e-08,-3.91488110814515e-08
4.49758000275199e-08,3.07548887360618e-08,3.57781888170136e-09,-1.49209970484557e-08,2.64015992031984e-08,4.77728049658489e-08,3.07548887360618e-08,5.13910371080503e-08,-2.08568547604467e-08,-2.40569216300653e-08,-3.13873154775767e-08,-7.16484310238296e-09,3.57781888170136e-09,-2.08568547604467e-08,4.10420427969831e-08,4.96309450844589e-09,-1.02095331700509e-08,-9.25058146457462e-08,-1.49209970484557e-08,-2.40569216300653e-08,4.96309450844589e-09,1.6936197198345e-08,6.63356640289401e-09,-2.49895781275792e-08,2.64015992031984e-08,-3.13873154775767e-08,-1.02095331700509e-08,6.63356640289401e-09,-2.34192572513506e-08,-4.69552386409114e-08,4.77728049658489e-08,-7.16484310238296e-09,-9.25058146457462e-08,-2.49895781275792e-08,-4.69552386409114e-08,4.38505778574843e-08
6.28165842261253e-08,-7.14703310713783e-09,-1.49209970484557e-08,3.89059184212378e-09,4.68258703012059e-09,5.38936578460903e-08,-7.14703310713783e-09,7.13919873049597e-08,-2.40569216300653e-08,-3.1197952343057e-08,-2.13930292651013e-08,2.56914143599714e-08,-1.49209970484557e-08,-2.40569216300653e-08,4.96309450844589e-09,1.6936197198345e-08,6.63356640289401e-09,-2.49895781275792e-08,3.89059184212378e-09,-3.1197952343057e-08,1.6936197198345e-08,2.18838165659343e-08,3.51963756000744e-09,-4.2326082787161e-08,4.68258703012059e-09,-2.13930292651013e-08,6.63356640289401e-09,3.51963756000744e-09,-6.12738668411425e-09,-3.7969660028047e-08,5.38936578460903e-08,2.56914143599714e-08,-2.49895781275792e-08,-4.2326082787161e-08,-3.7969660028047e-08,6.82085508032524e-09
-2.27560013498031e-08,2.96984991358201e-08,2.64015992031984e-08,4.68258703012059e-09,4.52615174839897e-08,4.00298907463874e-08,2.96984991358201e-08,4.57876796659709e-08,-3.13873154775767e-08,-2.13930292651013e-08,-3.32673580364086e-08,1.01641619095205e-08,2.64015992031984e-08,-3.13873154775767e-08,-1.02095331700509e-08,6.63356640289401e-09,-2.34192572513506e-08,-4.69552386409114e-08,4.68258703012059e-09,-2.13930292651013e-08,6.63356640289401e-09,3.51963756000744e-09,-6.12738668411425e-09,-3.7969660028047e-08,4.52615174839897e-08,-3.32673580364086e-08,-2.34192572513506e-08,-6.12738668411425e-09,-4.13152676924742e-08,-5.99304148056184e-08,4.00298907463874e-08,1.01641619095205e-08,-4.69552386409114e-08,-3.7969660028047e-08,-5.99304148056184e-08,-5.76039145406667e-08
-3.56204620655795e-07,3.80633616212237e-08,4.77728049658489e-08,5.38936578460903e-08,4.00298907463874e-08,2.19047710608142e-08,3.80633616212237e-08,-7.25292708298341e-08,-7.16484310238296e-09,2.56914143599714e-08,1.01641619095205e-08,-3.91488110814515e-08,4.77728049658489e-08,-7.16484310238296e-09,-9.25058146457462e-08,-2.49895781275792e-08,-4.69552386409114e-08,4.38505778574843e-08,5.38936578460903e-08,2.56914143599714e-08,-2.49895781275792e-08,-4.2326082787161e-08,-3.7969660028047e-08,6.82085508032524e-09,4.00298907463874e-08,1.01641619095205e-08,-4.69552386409114e-08,-3.7969660028047e-08,-5.99304148056184e-08,-5.76039145406667e-08,2.19047710608142e-08,-3.91488110814515e-08,4.38505778574843e-08,6.82085508032524e-09,-5.76039145406667e-08,-3.94290929983378e-07
