"Mkt.RF","SMB","HML","RMW","CMA","MOM"
9.36402094767094e-05,-1.64700264480659e-05,-2.60609767661699e-05,-8.57636873545129e-06,-1.73166727620973e-05,4.78663725570429e-06
-1.64700264480659e-05,3.05897560599856e-05,1.29831791162049e-06,-6.54708807100895e-06,9.84589415046097e-07,3.57419168891147e-06
-2.60609767661699e-05,1.29831791162049e-06,2.21265086963465e-05,4.17059729641481e-06,1.29922834275405e-05,-1.73250316498204e-06
-8.57636873545129e-06,-6.54708807100895e-06,4.17059729641481e-06,1.70157241848663e-05,3.23141866156484e-06,1.57033007620759e-06
-1.73166727620973e-05,9.84589415046097e-07,1.29922834275405e-05,3.23141866156484e-06,1.6027308941745e-05,9.69229281759571e-07
4.78663725570429e-06,3.57419168891147e-06,-1.73250316498204e-06,1.57033007620759e-06,9.69229281759571e-07,4.08084913912299e-05
