"V1","V2","V3","V4","V5","V6","V7","V8","V9","V10","V11","V12","V13","V14","V15","V16","V17","V18","V19","V20","V21","V22","V23","V24","V25","V26","V27","V28","V29","V30","V31","V32","V33","V34","V35","V36"
-0.894312790719596,0.0725303593604994,-0.0640097392242892,0.0928336048662171,-0.0223707150557024,-0.291748880387616,0.0725303593604994,0.000465842896868543,0.0303054250468459,-0.0136808855518374,0.0276291791049338,0.0419531212934221,-0.0640097392242892,0.0303054250468459,0.0119574107661895,-0.0169206298529484,0.0190004909059282,0.00973691140648743,0.0928336048662171,-0.0136808855518374,-0.0169206298529484,0.00457008803881826,0.00635726435059947,0.0516676124559346,-0.0223707150557024,0.0276291791049338,0.0190004909059282,0.00635726435059947,0.0438465861988526,0.0374612718802135,-0.291748880387616,0.0419531212934221,0.00973691140648743,0.0516676124559346,0.0374612718802135,0.118705806879434
0.0725303593604994,0.000465842896868543,0.0303054250468459,-0.0136808855518374,0.0276291791049338,0.0419531212934221,0.000465842896868543,-0.195519773956478,0.0516295938163888,0.058054315877412,0.0363452977879564,-0.065895346356655,0.0303054250468459,0.0516295938163888,-0.0168939218338769,-0.024479616276654,-0.0302468533561748,-0.0171516781273203,-0.0136808855518374,0.058054315877412,-0.024479616276654,-0.0289132508628138,-0.0211983716936909,0.0230239439501191,0.0276291791049338,0.0363452977879564,-0.0302468533561748,-0.0211983716936909,-0.030744558082291,0.00893710403763598,0.0419531212934221,-0.065895346356655,-0.0171516781273203,0.0230239439501191,0.00893710403763598,0.00795948369831529
-0.0640097392242892,0.0303054250468459,0.0119574107661895,-0.0169206298529484,0.0190004909059282,0.00973691140648743,0.0303054250468459,0.0516295938163888,-0.0168939218338769,-0.024479616276654,-0.0302468533561748,-0.0171516781273203,0.0119574107661895,-0.0168939218338769,0.075972776916762,-0.00122374114876544,-0.0131829993205129,-0.152234268165325,-0.0169206298529484,-0.024479616276654,-0.00122374114876544,0.0244710538080355,0.0090152415193705,-0.00943453899975676,0.0190004909059282,-0.0302468533561748,-0.0131829993205129,0.0090152415193705,-0.0177964177037206,-0.0345713080545789,0.00973691140648743,-0.0171516781273203,-0.152234268165325,-0.00943453899975676,-0.0345713080545789,0.140580126094514
0.0928336048662171,-0.0136808855518374,-0.0169206298529484,0.00457008803881826,0.00635726435059947,0.0516676124559346,-0.0136808855518374,0.058054315877412,-0.024479616276654,-0.0289132508628138,-0.0211983716936909,0.0230239439501191,-0.0169206298529484,-0.024479616276654,-0.00122374114876544,0.0244710538080355,0.0090152415193705,-0.00943453899975676,0.00457008803881826,-0.0289132508628138,0.0244710538080355,0.0242043507581448,0.00661620986890003,-0.0450326151637161,0.00635726435059947,-0.0211983716936909,0.0090152415193705,0.00661620986890003,-0.00341982856455874,-0.0346929330799671,0.0516676124559346,0.0230239439501191,-0.00943453899975676,-0.0450326151637161,-0.0346929330799671,-0.0137319316828241
-0.0223707150557024,0.0276291791049338,0.0190004909059282,0.00635726435059947,0.0438465861988526,0.0374612718802135,0.0276291791049338,0.0363452977879564,-0.0302468533561748,-0.0211983716936909,-0.030744558082291,0.00893710403763598,0.0190004909059282,-0.0302468533561748,-0.0131829993205129,0.0090152415193705,-0.0177964177037206,-0.0345713080545789,0.00635726435059947,-0.0211983716936909,0.0090152415193705,0.00661620986890003,-0.00341982856455874,-0.0346929330799671,0.0438465861988526,-0.030744558082291,-0.0177964177037206,-0.00341982856455874,-0.0355208367007509,-0.056727769240595,0.0374612718802135,0.00893710403763598,-0.0345713080545789,-0.0346929330799671,-0.056727769240595,-0.0665747148529845
-0.291748880387616,0.0419531212934221,0.00973691140648743,0.0516676124559346,0.0374612718802135,0.118705806879434,0.0419531212934221,-0.065895346356655,-0.0171516781273203,0.0230239439501191,0.00893710403763598,0.00795948369831529,0.00973691140648743,-0.0171516781273203,-0.152234268165325,-0.00943453899975676,-0.0345713080545789,0.140580126094514,0.0516676124559346,0.0230239439501191,-0.00943453899975676,-0.0450326151637161,-0.0346929330799671,-0.0137319316828241,0.0374612718802135,0.00893710403763598,-0.0345713080545789,-0.0346929330799671,-0.056727769240595,-0.0665747148529845,0.118705806879434,0.00795948369831529,0.140580126094514,-0.0137319316828241,-0.0665747148529845,-0.534872414026802
