"Mkt.RF","SMB","HML","RMW","CMA","Mom"
1.20676804292451,-0.146902227616889,-0.135716520769816,-0.118804142774192,-0.18413507708998,-0.153398698618243
-0.146902227616889,0.333578841954765,0.0268123063675044,-0.0649752691181247,0.0132136353125006,0.0122726958394047
-0.135716520769816,0.0268123063675044,0.338811110186112,0.0123710232745575,0.124777943352683,-0.135974467832969
-0.118804142774192,-0.0649752691181247,0.0123710232745575,0.185384578459415,0.0344861441990403,0.0495183073679
-0.18413507708998,0.0132136353125006,0.124777943352683,0.0344861441990403,0.167611559079629,0.0234056253092422
-0.153398698618243,0.0122726958394047,-0.135974467832969,0.0495183073679,0.0234056253092422,0.638497918142084
