"V1","V2","V3","V4","V5","V6","V7","V8","V9","V10","V11","V12","V13","V14","V15","V16","V17","V18","V19","V20","V21","V22","V23","V24","V25","V26","V27","V28","V29","V30","V31","V32","V33","V34","V35","V36"
-1.12816738307114e-06,1.75197223568124e-07,9.32769820060519e-08,6.18082993616876e-08,-2.51040108844553e-08,-3.6544587123605e-07,1.75197223568124e-07,-3.64061237672904e-08,2.14869817246484e-08,-6.84320052352949e-09,3.25542932177881e-08,5.42091968708761e-08,9.32769820060519e-08,2.14869817246484e-08,3.0252289067574e-09,-1.84071676012439e-08,2.51457175463322e-08,5.72327413797978e-08,6.18082993616876e-08,-6.84320052352949e-09,-1.84071676012439e-08,-1.32543563141861e-09,1.82844900383615e-09,4.3656436366248e-08,-2.51040108844553e-08,3.25542932177881e-08,2.51457175463322e-08,1.82844900383615e-09,4.29944633305764e-08,4.11626658932676e-08,-3.6544587123605e-07,5.42091968708761e-08,5.72327413797978e-08,4.3656436366248e-08,4.11626658932676e-08,-1.41116228069953e-08
1.75197223568124e-07,-3.64061237672904e-08,2.14869817246484e-08,-6.84320052352949e-09,3.25542932177881e-08,5.42091968708761e-08,-3.64061237672904e-08,-2.86941002621586e-07,4.52802335966945e-08,7.38576788975098e-08,4.52186836989511e-08,-6.65091351662674e-08,2.14869817246484e-08,4.52802335966945e-08,-3.44947368753688e-08,-1.93659156299688e-08,-3.09902572422111e-08,8.86742785214696e-09,-6.84320052352949e-09,7.38576788975098e-08,-1.93659156299688e-08,-3.0658044306184e-08,-2.31045752480163e-08,2.47175876246278e-08,3.25542932177881e-08,4.52186836989511e-08,-3.09902572422111e-08,-2.31045752480163e-08,-3.20570321650733e-08,1.16937675760448e-08,5.42091968708761e-08,-6.65091351662674e-08,8.86742785214696e-09,2.47175876246278e-08,1.16937675760448e-08,-5.44437368487886e-08
9.32769820060519e-08,2.14869817246484e-08,3.0252289067574e-09,-1.84071676012439e-08,2.51457175463322e-08,5.72327413797978e-08,2.14869817246484e-08,4.52802335966945e-08,-3.44947368753688e-08,-1.93659156299688e-08,-3.09902572422111e-08,8.86742785214696e-09,3.0252289067574e-09,-3.44947368753688e-08,1.00336389581516e-08,1.49470741275153e-08,-8.86761011328623e-09,-4.68445277073409e-08,-1.84071676012439e-08,-1.93659156299688e-08,1.49470741275153e-08,1.54435526476412e-08,4.77005655460723e-09,-3.00630408689107e-08,2.51457175463322e-08,-3.09902572422111e-08,-8.86761011328623e-09,4.77005655460723e-09,-2.38163638474417e-08,-4.49691882938357e-08,5.72327413797978e-08,8.86742785214696e-09,-4.68445277073409e-08,-3.00630408689107e-08,-4.49691882938357e-08,-1.68568940364823e-08
6.18082993616876e-08,-6.84320052352949e-09,-1.84071676012439e-08,-1.32543563141861e-09,1.82844900383615e-09,4.3656436366248e-08,-6.84320052352949e-09,7.38576788975098e-08,-1.93659156299688e-08,-3.0658044306184e-08,-2.31045752480163e-08,2.47175876246278e-08,-1.84071676012439e-08,-1.93659156299688e-08,1.49470741275153e-08,1.54435526476412e-08,4.77005655460723e-09,-3.00630408689107e-08,-1.32543563141861e-09,-3.0658044306184e-08,1.54435526476412e-08,2.24180834108258e-08,8.68583395614948e-09,-3.51819882137759e-08,1.82844900383615e-09,-2.31045752480163e-08,4.77005655460723e-09,8.68583395614948e-09,-5.41091650797112e-09,-3.19587750586627e-08,4.3656436366248e-08,2.47175876246278e-08,-3.00630408689107e-08,-3.51819882137759e-08,-3.19587750586627e-08,3.02078023656327e-08
-2.51040108844553e-08,3.25542932177881e-08,2.51457175463322e-08,1.82844900383615e-09,4.29944633305764e-08,4.11626658932676e-08,3.25542932177881e-08,4.52186836989511e-08,-3.09902572422111e-08,-2.31045752480163e-08,-3.20570321650733e-08,1.16937675760448e-08,2.51457175463322e-08,-3.09902572422111e-08,-8.86761011328623e-09,4.77005655460723e-09,-2.38163638474417e-08,-4.49691882938357e-08,1.82844900383615e-09,-2.31045752480163e-08,4.77005655460723e-09,8.68583395614948e-09,-5.41091650797112e-09,-3.19587750586627e-08,4.29944633305764e-08,-3.20570321650733e-08,-2.38163638474417e-08,-5.41091650797112e-09,-3.75427985226668e-08,-5.32896029114802e-08,4.11626658932676e-08,1.16937675760448e-08,-4.49691882938357e-08,-3.19587750586627e-08,-5.32896029114802e-08,-5.53716850831234e-08
-3.6544587123605e-07,5.42091968708761e-08,5.72327413797978e-08,4.3656436366248e-08,4.11626658932676e-08,-1.41116228069953e-08,5.42091968708761e-08,-6.65091351662674e-08,8.86742785214696e-09,2.47175876246278e-08,1.16937675760448e-08,-5.44437368487886e-08,5.72327413797978e-08,8.86742785214696e-09,-4.68445277073409e-08,-3.00630408689107e-08,-4.49691882938357e-08,-1.68568940364823e-08,4.3656436366248e-08,2.47175876246278e-08,-3.00630408689107e-08,-3.51819882137759e-08,-3.19587750586627e-08,3.02078023656327e-08,4.11626658932676e-08,1.16937675760448e-08,-4.49691882938357e-08,-3.19587750586627e-08,-5.32896029114802e-08,-5.53716850831234e-08,-1.41116228069953e-08,-5.44437368487886e-08,-1.68568940364823e-08,3.02078023656327e-08,-5.53716850831234e-08,-2.60579977607088e-07
