"V1","V2","V3","V4","V5","V6","V7","V8","V9","V10","V11","V12","V13","V14","V15","V16","V17","V18","V19","V20","V21","V22","V23","V24","V25","V26","V27","V28","V29","V30","V31","V32","V33","V34","V35","V36"
-1.39557204262641e-06,1.22870965595129e-07,-7.06078856495209e-08,1.19479371208954e-07,-5.14350750163197e-09,-3.04289209188362e-07,1.22870965595129e-07,-7.37729078063869e-09,2.84112936408289e-08,-1.25870651459119e-08,2.78720227744041e-08,3.956082018824e-08,-7.06078856495209e-08,2.84112936408289e-08,-1.0152334584901e-08,-1.54293904478074e-08,1.88856800516403e-08,1.63728744346484e-08,1.19479371208954e-07,-1.25870651459119e-08,-1.54293904478074e-08,1.84357121542168e-09,4.42012554041935e-09,5.17040149653786e-08,-5.14350750163197e-09,2.78720227744041e-08,1.88856800516403e-08,4.42012554041935e-09,4.20343099834137e-08,3.59074419981889e-08,-3.04289209188362e-07,3.956082018824e-08,1.63728744346484e-08,5.17040149653786e-08,3.59074419981889e-08,1.22702233466799e-07
1.22870965595129e-07,-7.37729078063869e-09,2.84112936408289e-08,-1.25870651459119e-08,2.78720227744041e-08,3.956082018824e-08,-7.37729078063869e-09,-2.36790698447019e-07,5.79108892531819e-08,6.40202266325146e-08,4.19302029173755e-08,-6.80108619304857e-08,2.84112936408289e-08,5.79108892531819e-08,-1.82227776003423e-08,-2.55985331643781e-08,-3.02578319016376e-08,-1.59954287202576e-08,-1.25870651459119e-08,6.40202266325146e-08,-2.55985331643781e-08,-2.9663155985518e-08,-2.22536796410085e-08,2.45276131711038e-08,2.78720227744041e-08,4.19302029173755e-08,-3.02578319016376e-08,-2.22536796410085e-08,-3.11971910100714e-08,8.19591751374168e-09,3.956082018824e-08,-6.80108619304857e-08,-1.59954287202576e-08,2.45276131711038e-08,8.19591751374168e-09,1.31779026841114e-09
-7.06078856495209e-08,2.84112936408289e-08,-1.0152334584901e-08,-1.54293904478074e-08,1.88856800516403e-08,1.63728744346484e-08,2.84112936408289e-08,5.79108892531819e-08,-1.82227776003423e-08,-2.55985331643781e-08,-3.02578319016376e-08,-1.59954287202576e-08,-1.0152334584901e-08,-1.82227776003423e-08,6.31417672649267e-08,-6.59524452864638e-12,-1.16495754871738e-08,-1.52754612443776e-07,-1.54293904478074e-08,-2.55985331643781e-08,-6.59524452864638e-12,2.44216691075816e-08,7.34529983356659e-09,-1.10725282278622e-08,1.88856800516403e-08,-3.02578319016376e-08,-1.16495754871738e-08,7.34529983356659e-09,-1.79600676113523e-08,-3.81041793560127e-08,1.63728744346484e-08,-1.59954287202576e-08,-1.52754612443776e-07,-1.10725282278622e-08,-3.81041793560127e-08,1.63653306426489e-07
1.19479371208954e-07,-1.25870651459119e-08,-1.54293904478074e-08,1.84357121542168e-09,4.42012554041935e-09,5.17040149653786e-08,-1.25870651459119e-08,6.40202266325146e-08,-2.55985331643781e-08,-2.9663155985518e-08,-2.22536796410085e-08,2.45276131711038e-08,-1.54293904478074e-08,-2.55985331643781e-08,-6.59524452864638e-12,2.44216691075816e-08,7.34529983356659e-09,-1.10725282278622e-08,1.84357121542168e-09,-2.9663155985518e-08,2.44216691075816e-08,1.98511229225759e-08,6.04029077028676e-09,-4.72878692105407e-08,4.42012554041935e-09,-2.22536796410085e-08,7.34529983356659e-09,6.04029077028676e-09,-5.89170708906823e-09,-3.68087610826771e-08,5.17040149653786e-08,2.45276131711038e-08,-1.10725282278622e-08,-4.72878692105407e-08,-3.68087610826771e-08,-1.70689160210935e-08
-5.14350750163197e-09,2.78720227744041e-08,1.88856800516403e-08,4.42012554041935e-09,4.20343099834137e-08,3.59074419981889e-08,2.78720227744041e-08,4.19302029173755e-08,-3.02578319016376e-08,-2.22536796410085e-08,-3.11971910100714e-08,8.19591751374168e-09,1.88856800516403e-08,-3.02578319016376e-08,-1.16495754871738e-08,7.34529983356659e-09,-1.79600676113523e-08,-3.81041793560127e-08,4.42012554041935e-09,-2.22536796410085e-08,7.34529983356659e-09,6.04029077028676e-09,-5.89170708906823e-09,-3.68087610826771e-08,4.20343099834137e-08,-3.11971910100714e-08,-1.79600676113523e-08,-5.89170708906823e-09,-3.75427600366316e-08,-6.18823623766716e-08,3.59074419981889e-08,8.19591751374168e-09,-3.81041793560127e-08,-3.68087610826771e-08,-6.18823623766716e-08,-6.99998716553683e-08
-3.04289209188362e-07,3.956082018824e-08,1.63728744346484e-08,5.17040149653786e-08,3.59074419981889e-08,1.22702233466799e-07,3.956082018824e-08,-6.80108619304857e-08,-1.59954287202576e-08,2.45276131711038e-08,8.19591751374168e-09,1.31779026841114e-09,1.63728744346484e-08,-1.59954287202576e-08,-1.52754612443776e-07,-1.10725282278622e-08,-3.81041793560127e-08,1.63653306426489e-07,5.17040149653786e-08,2.45276131711038e-08,-1.10725282278622e-08,-4.72878692105407e-08,-3.68087610826771e-08,-1.70689160210935e-08,3.59074419981889e-08,8.19591751374168e-09,-3.81041793560127e-08,-3.68087610826771e-08,-6.18823623766716e-08,-6.99998716553683e-08,1.22702233466799e-07,1.31779026841114e-09,1.63653306426489e-07,-1.70689160210935e-08,-6.99998716553683e-08,-6.42101951891849e-07
