"Mkt.RF","SMB","HML","RMW","CMA","MOM"
9.64038352160265e-05,-2.11704991571984e-05,-2.67386036564581e-05,-7.62171237862613e-06,-1.83148054445974e-05,2.39312011399663e-06
-2.11704991571984e-05,3.02356765135573e-05,2.48522231447788e-06,-6.70366513625856e-06,1.51584464050169e-06,3.33692387946275e-06
-2.67386036564581e-05,2.48522231447788e-06,2.25391370377344e-05,3.37297591946997e-06,1.35489563133233e-05,-1.32135802940495e-06
-7.62171237862613e-06,-6.70366513625856e-06,3.37297591946997e-06,1.66588434297338e-05,3.10686826012891e-06,1.04910720716239e-06
-1.83148054445974e-05,1.51584464050169e-06,1.35489563133233e-05,3.10686826012891e-06,1.6254797354811e-05,1.75312263424905e-06
2.39312011399663e-06,3.33692387946275e-06,-1.32135802940495e-06,1.04910720716239e-06,1.75312263424905e-06,3.93992789894997e-05
