"V1","V2","V3","V4","V5","V6","V7","V8","V9","V10","V11","V12","V13","V14","V15","V16","V17","V18","V19","V20","V21","V22","V23","V24","V25","V26","V27","V28","V29","V30","V31","V32","V33","V34","V35","V36"
-1.28984284047794e-06,1.17355769294453e-07,-6.16752707968746e-08,9.65270752605854e-08,-4.63804685169151e-09,-3.1377596093821e-07,1.17355769294453e-07,5.6795702874237e-10,3.32493518867795e-08,-1.45907185185845e-08,3.10671225422116e-08,5.22613941037259e-08,-6.16752707968746e-08,3.32493518867795e-08,-9.38708040394318e-09,-1.28709594859667e-08,2.01882153311703e-08,2.45401383762474e-08,9.65270752605854e-08,-1.45907185185845e-08,-1.28709594859667e-08,5.96802267522144e-09,6.27398996317452e-09,5.11528653251581e-08,-4.63804685169151e-09,3.10671225422116e-08,2.01882153311703e-08,6.27398996317452e-09,4.51676769310612e-08,4.31042597019042e-08,-3.1377596093821e-07,5.22613941037259e-08,2.45401383762474e-08,5.11528653251581e-08,4.31042597019042e-08,1.2778105693693e-07
1.17355769294453e-07,5.6795702874237e-10,3.32493518867795e-08,-1.45907185185845e-08,3.10671225422116e-08,5.22613941037259e-08,5.6795702874237e-10,-2.51127024922182e-07,5.27244761328092e-08,6.47991253389336e-08,4.02219070555728e-08,-6.63299197567977e-08,3.32493518867795e-08,5.27244761328092e-08,-2.06795550872206e-08,-2.40426588848722e-08,-3.19592165400043e-08,-1.63343505215206e-08,-1.45907185185845e-08,6.47991253389336e-08,-2.40426588848722e-08,-2.94249458269073e-08,-2.15635268391025e-08,2.13267337244713e-08,3.10671225422116e-08,4.02219070555728e-08,-3.19592165400043e-08,-2.15635268391025e-08,-3.26498266174909e-08,8.09002234282547e-09,5.22613941037259e-08,-6.63299197567977e-08,-1.63343505215206e-08,2.13267337244713e-08,8.09002234282547e-09,1.89099081486825e-09
-6.16752707968746e-08,3.32493518867795e-08,-9.38708040394318e-09,-1.28709594859667e-08,2.01882153311703e-08,2.45401383762474e-08,3.32493518867795e-08,5.27244761328092e-08,-2.06795550872206e-08,-2.40426588848722e-08,-3.19592165400043e-08,-1.63343505215206e-08,-9.38708040394318e-09,-2.06795550872206e-08,5.77805230243914e-08,-3.34193455499591e-09,-1.54023285706791e-08,-1.50549275775716e-07,-1.28709594859667e-08,-2.40426588848722e-08,-3.34193455499591e-09,2.09653093262826e-08,5.69672004760387e-09,-1.11982498742218e-08,2.01882153311703e-08,-3.19592165400043e-08,-1.54023285706791e-08,5.69672004760387e-09,-2.23698511143398e-08,-3.85959807864845e-08,2.45401383762474e-08,-1.63343505215206e-08,-1.50549275775716e-07,-1.11982498742218e-08,-3.85959807864845e-08,1.51294121215598e-07
9.65270752605854e-08,-1.45907185185845e-08,-1.28709594859667e-08,5.96802267522144e-09,6.27398996317452e-09,5.11528653251581e-08,-1.45907185185845e-08,6.47991253389336e-08,-2.40426588848722e-08,-2.94249458269073e-08,-2.15635268391025e-08,2.13267337244713e-08,-1.28709594859667e-08,-2.40426588848722e-08,-3.34193455499591e-09,2.09653093262826e-08,5.69672004760387e-09,-1.11982498742218e-08,5.96802267522144e-09,-2.94249458269073e-08,2.09653093262826e-08,1.9279204092042e-08,3.88308961094728e-09,-4.55601038152823e-08,6.27398996317452e-09,-2.15635268391025e-08,5.69672004760387e-09,3.88308961094728e-09,-6.61037380999362e-09,-3.71084970679451e-08,5.11528653251581e-08,2.13267337244713e-08,-1.11982498742218e-08,-4.55601038152823e-08,-3.71084970679451e-08,-2.00179407353877e-08
-4.63804685169151e-09,3.10671225422116e-08,2.01882153311703e-08,6.27398996317452e-09,4.51676769310612e-08,4.31042597019042e-08,3.10671225422116e-08,4.02219070555728e-08,-3.19592165400043e-08,-2.15635268391025e-08,-3.26498266174909e-08,8.09002234282547e-09,2.01882153311703e-08,-3.19592165400043e-08,-1.54023285706791e-08,5.69672004760387e-09,-2.23698511143398e-08,-3.85959807864845e-08,6.27398996317452e-09,-2.15635268391025e-08,5.69672004760387e-09,3.88308961094728e-09,-6.61037380999362e-09,-3.71084970679451e-08,4.51676769310612e-08,-3.26498266174909e-08,-2.23698511143398e-08,-6.61037380999362e-09,-4.20296776273088e-08,-6.36924836567832e-08,4.31042597019042e-08,8.09002234282547e-09,-3.85959807864845e-08,-3.71084970679451e-08,-6.36924836567832e-08,-7.92923610396382e-08
-3.1377596093821e-07,5.22613941037259e-08,2.45401383762474e-08,5.11528653251581e-08,4.31042597019042e-08,1.2778105693693e-07,5.22613941037259e-08,-6.63299197567977e-08,-1.63343505215206e-08,2.13267337244713e-08,8.09002234282547e-09,1.89099081486825e-09,2.45401383762474e-08,-1.63343505215206e-08,-1.50549275775716e-07,-1.11982498742218e-08,-3.85959807864845e-08,1.51294121215598e-07,5.11528653251581e-08,2.13267337244713e-08,-1.11982498742218e-08,-4.55601038152823e-08,-3.71084970679451e-08,-2.00179407353877e-08,4.31042597019042e-08,8.09002234282547e-09,-3.85959807864845e-08,-3.71084970679451e-08,-6.36924836567832e-08,-7.92923610396382e-08,1.2778105693693e-07,1.89099081486825e-09,1.51294121215598e-07,-2.00179407353877e-08,-7.92923610396382e-08,-6.4670619638903e-07
