"V1","V2","V3","V4","V5","V6","V7","V8","V9","V10","V11","V12","V13","V14","V15","V16","V17","V18","V19","V20","V21","V22","V23","V24","V25","V26","V27","V28","V29","V30","V31","V32","V33","V34","V35","V36"
-0.402328068665162,-0.267884223744629,-0.167402930446054,0.103385141293425,0.0301003588538149,-0.0776292856444077,-0.267884223744629,0.0615346875136912,0.0302230988503222,0.00330155334828656,0.0283223402077755,-0.052251528811919,-0.167402930446054,0.0302230988503222,0.0119126333808438,-0.00449045924538269,0.0206330015467701,-0.0459371823129502,0.103385141293425,0.00330155334828656,-0.00449045924538269,0.00249768007600096,0.0027283838082193,0.0283571601407137,0.0301003588538149,0.0283223402077755,0.0206330015467701,0.0027283838082193,0.0328205300888231,0.0313933897619098,-0.0776292856444077,-0.052251528811919,-0.0459371823129502,0.0283571601407137,0.0313933897619098,0.20981678644913
-0.267884223744629,0.0615346875136912,0.0302230988503222,0.00330155334828656,0.0283223402077755,-0.052251528811919,0.0615346875136912,-0.0104761025320016,0.00899793378533752,0.0125892472382193,-0.00368908276816497,-0.0743827053754253,0.0302230988503222,0.00899793378533752,-0.00171415491456762,-0.0152967267437426,-0.0178473902635743,-0.0620856631055771,0.00330155334828656,0.0125892472382193,-0.0152967267437426,-0.0173429792405221,-0.0134711876117693,0.0186737280066877,0.0283223402077755,-0.00368908276816497,-0.0178473902635743,-0.0134711876117693,-0.0198403410488555,0.00319874471664594,-0.052251528811919,-0.0743827053754253,-0.0620856631055771,0.0186737280066877,0.00319874471664594,0.0810341277304372
-0.167402930446054,0.0302230988503222,0.0119126333808438,-0.00449045924538269,0.0206330015467701,-0.0459371823129502,0.0302230988503222,0.00899793378533752,-0.00171415491456762,-0.0152967267437426,-0.0178473902635743,-0.0620856631055771,0.0119126333808438,-0.00171415491456762,0.112711651939665,0.0114598375606015,-7.21759901329818e-05,-0.25977605833817,-0.00449045924538269,-0.0152967267437426,0.0114598375606015,0.0323614112346882,0.00887841241419056,-0.0294125455885023,0.0206330015467701,-0.0178473902635743,-7.21759901329818e-05,0.00887841241419056,-0.0122371666141279,-0.0479315606712224,-0.0459371823129502,-0.0620856631055771,-0.25977605833817,-0.0294125455885023,-0.0479315606712224,0.371495944020888
0.103385141293425,0.00330155334828656,-0.00449045924538269,0.00249768007600096,0.0027283838082193,0.0283571601407137,0.00330155334828656,0.0125892472382193,-0.0152967267437426,-0.0173429792405221,-0.0134711876117693,0.0186737280066877,-0.00449045924538269,-0.0152967267437426,0.0114598375606015,0.0323614112346882,0.00887841241419056,-0.0294125455885023,0.00249768007600096,-0.0173429792405221,0.0323614112346882,0.0251199288908613,0.00871858379043507,-0.0511433146286399,0.0027283838082193,-0.0134711876117693,0.00887841241419056,0.00871858379043507,-0.00520419438158173,-0.0357528879547063,0.0283571601407137,0.0186737280066877,-0.0294125455885023,-0.0511433146286399,-0.0357528879547063,0.02460322312048
0.0301003588538149,0.0283223402077755,0.0206330015467701,0.0027283838082193,0.0328205300888231,0.0313933897619098,0.0283223402077755,-0.00368908276816497,-0.0178473902635743,-0.0134711876117693,-0.0198403410488555,0.00319874471664594,0.0206330015467701,-0.0178473902635743,-7.21759901329818e-05,0.00887841241419056,-0.0122371666141279,-0.0479315606712224,0.0027283838082193,-0.0134711876117693,0.00887841241419056,0.00871858379043507,-0.00520419438158173,-0.0357528879547063,0.0328205300888231,-0.0198403410488555,-0.0122371666141279,-0.00520419438158173,-0.0305988991187552,-0.0575478977435857,0.0313933897619098,0.00319874471664594,-0.0479315606712224,-0.0357528879547063,-0.0575478977435857,-0.0259741320520423
-0.0776292856444077,-0.052251528811919,-0.0459371823129502,0.0283571601407137,0.0313933897619098,0.20981678644913,-0.052251528811919,-0.0743827053754253,-0.0620856631055771,0.0186737280066877,0.00319874471664594,0.0810341277304372,-0.0459371823129502,-0.0620856631055771,-0.25977605833817,-0.0294125455885023,-0.0479315606712224,0.371495944020888,0.0283571601407137,0.0186737280066877,-0.0294125455885023,-0.0511433146286399,-0.0357528879547063,0.02460322312048,0.0313933897619098,0.00319874471664594,-0.0479315606712224,-0.0357528879547063,-0.0575478977435857,-0.0259741320520423,0.20981678644913,0.0810341277304372,0.371495944020888,0.02460322312048,-0.0259741320520423,-1.00214090387218
