"Mkt.RF","SMB","HML","RMW","CMA","Mom"
1.32812273186377,0.0181353349449268,-0.00284196822260304,-0.169018754798871,-0.161128964028516,-0.218021393417459
0.0181353349449268,0.341234810941452,0.0416039965387567,-0.0701769019429003,0.0081426499803743,-0.0250313929636861
-0.00284196822260304,0.0416039965387567,0.416957373163811,0.0234242244778247,0.127689870356961,-0.22989522700796
-0.169018754798871,-0.0701769019429003,0.0234242244778247,0.212569489051235,0.0448567204178624,0.0386126108546419
-0.161128964028516,0.0081426499803743,0.127689870356961,0.0448567204178624,0.172169333239437,0.00738239986924347
-0.218021393417459,-0.0250313929636861,-0.22989522700796,0.0386126108546419,0.00738239986924347,0.799635535249199
