"V1","V2","V3","V4","V5","V6","V7","V8","V9","V10","V11","V12","V13","V14","V15","V16","V17","V18","V19","V20","V21","V22","V23","V24","V25","V26","V27","V28","V29","V30","V31","V32","V33","V34","V35","V36"
-0.815340301574806,0.124966384213299,0.0519470795525698,0.0491872833925682,-0.0346826878136778,-0.307385158071772,0.124966384213299,-0.0402659696609378,0.0195502893616048,-0.000291408006086785,0.0315694703255944,0.047685300972386,0.0519470795525698,0.0195502893616048,-0.00188562935229217,-0.0123464091407008,0.0242769669752605,0.0588642874251606,0.0491872833925682,-0.000291408006086785,-0.0123464091407008,-0.00195198103054947,0.00265410088051219,0.0460150604825855,-0.0346826878136778,0.0315694703255944,0.0242769669752605,0.00265410088051219,0.0432636921489952,0.0374064901850637,-0.307385158071772,0.047685300972386,0.0588642874251606,0.0460150604825855,0.0374064901850637,-0.00442885026552689
0.124966384213299,-0.0402659696609378,0.0195502893616048,-0.000291408006086785,0.0315694703255944,0.047685300972386,-0.0402659696609378,-0.244353209916967,0.0417061171255109,0.0689015325638026,0.0415607831308899,-0.0627701234307514,0.0195502893616048,0.0417061171255109,-0.0366682000771898,-0.0193384746718666,-0.0323956939562299,0.0108882140094255,-0.000291408006086785,0.0689015325638026,-0.0193384746718666,-0.034921295047892,-0.0213485809836153,0.0198477510650954,0.0315694703255944,0.0415607831308899,-0.0323956939562299,-0.0213485809836153,-0.0336816454894045,0.0115952690779186,0.047685300972386,-0.0627701234307514,0.0108882140094255,0.0198477510650954,0.0115952690779186,-0.0590405249840299
0.0519470795525698,0.0195502893616048,-0.00188562935229217,-0.0123464091407008,0.0242769669752605,0.0588642874251606,0.0195502893616048,0.0417061171255109,-0.0366682000771898,-0.0193384746718666,-0.0323956939562299,0.0108882140094255,-0.00188562935229217,-0.0366682000771898,0.0123812650901011,0.0200533838254902,-0.00635383445904027,-0.0403296407794673,-0.0123464091407008,-0.0193384746718666,0.0200533838254902,0.0131823864218296,0.00762431607837856,-0.0374523701159514,0.0242769669752605,-0.0323956939562299,-0.00635383445904027,0.00762431607837856,-0.0211370075735186,-0.0411117592629137,0.0588642874251606,0.0108882140094255,-0.0403296407794673,-0.0374523701159514,-0.0411117592629137,-0.0245340335203254
0.0491872833925682,-0.000291408006086785,-0.0123464091407008,-0.00195198103054947,0.00265410088051219,0.0460150604825855,-0.000291408006086785,0.0689015325638026,-0.0193384746718666,-0.034921295047892,-0.0213485809836153,0.0198477510650954,-0.0123464091407008,-0.0193384746718666,0.0200533838254902,0.0131823864218296,0.00762431607837856,-0.0374523701159514,-0.00195198103054947,-0.034921295047892,0.0131823864218296,0.0328541093051841,0.00744979735740006,-0.0331786094731395,0.00265410088051219,-0.0213485809836153,0.00762431607837856,0.00744979735740006,-0.00248693796680165,-0.0335020428169814,0.0460150604825855,0.0198477510650954,-0.0374523701159514,-0.0331786094731395,-0.0335020428169814,0.0255019130276181
-0.0346826878136778,0.0315694703255944,0.0242769669752605,0.00265410088051219,0.0432636921489952,0.0374064901850637,0.0315694703255944,0.0415607831308899,-0.0323956939562299,-0.0213485809836153,-0.0336816454894045,0.0115952690779186,0.0242769669752605,-0.0323956939562299,-0.00635383445904027,0.00762431607837856,-0.0211370075735186,-0.0411117592629137,0.00265410088051219,-0.0213485809836153,0.00762431607837856,0.00744979735740006,-0.00248693796680165,-0.0335020428169814,0.0432636921489952,-0.0336816454894045,-0.0211370075735186,-0.00248693796680165,-0.0362345239872443,-0.0516932984473328,0.0374064901850637,0.0115952690779186,-0.0411117592629137,-0.0335020428169814,-0.0516932984473328,-0.0544518055505392
-0.307385158071772,0.047685300972386,0.0588642874251606,0.0460150604825855,0.0374064901850637,-0.00442885026552689,0.047685300972386,-0.0627701234307514,0.0108882140094255,0.0198477510650954,0.0115952690779186,-0.0590405249840299,0.0588642874251606,0.0108882140094255,-0.0403296407794673,-0.0374523701159514,-0.0411117592629137,-0.0245340335203254,0.0460150604825855,0.0198477510650954,-0.0374523701159514,-0.0331786094731395,-0.0335020428169814,0.0255019130276181,0.0374064901850637,0.0115952690779186,-0.0411117592629137,-0.0335020428169814,-0.0516932984473328,-0.0544518055505392,-0.00442885026552689,-0.0590405249840299,-0.0245340335203254,0.0255019130276181,-0.0544518055505392,-0.245782652885375
