"Mkt.RF","SMB","HML","RMW","CMA","MOM"
7.22913594681669e-05,-1.48434334108495e-05,-1.83133017246138e-05,3.52846246370113e-06,-1.12670643631128e-05,4.56303528555483e-06
-1.48434334108495e-05,2.26900280501205e-05,1.86511335448566e-06,-3.77879515582248e-06,1.25567805613084e-08,-3.59020449487508e-07
-1.83133017246138e-05,1.86511335448566e-06,1.51301641942854e-05,-3.59182206087182e-06,8.38504831899736e-06,-1.34153083415714e-06
3.52846246370113e-06,-3.77879515582248e-06,-3.59182206087182e-06,5.83180459755371e-06,-2.44931850089577e-06,6.67454566876961e-07
-1.12670643631128e-05,1.25567805613084e-08,8.38504831899736e-06,-2.44931850089577e-06,9.53032965152759e-06,9.28731060586038e-09
4.56303528555483e-06,-3.59020449487508e-07,-1.34153083415714e-06,6.67454566876961e-07,9.28731060586038e-09,2.18001822870757e-05
