"V1","V2","V3","V4","V5","V6","V7","V8","V9","V10","V11","V12","V13","V14","V15","V16","V17","V18","V19","V20","V21","V22","V23","V24","V25","V26","V27","V28","V29","V30","V31","V32","V33","V34","V35","V36"
-0.931608673104276,0.0791849318162315,-0.0547181886080146,0.100994320258567,-0.0155110919254866,-0.284959102013716,0.0791849318162315,-0.00463360673718731,0.0295672175052151,-0.0127397327424509,0.0268796632088946,0.0361842846618408,-0.0547181886080146,0.0295672175052151,0.00636496969137187,-0.0194105244980032,0.0154131324687685,0.00561535835754498,0.100994320258567,-0.0127397327424509,-0.0194105244980032,0.00195114090049414,0.00425697600610021,0.0486211930948069,-0.0155110919254866,0.0268796632088946,0.0154131324687685,0.00425697600610021,0.041005708519547,0.0336304647564647,-0.284959102013716,0.0361842846618408,0.00561535835754498,0.0486211930948069,0.0336304647564647,0.115902153616148
0.0791849318162315,-0.00463360673718731,0.0295672175052151,-0.0127397327424509,0.0268796632088946,0.0361842846618408,-0.00463360673718731,-0.192208758692222,0.0538490513215416,0.0587719862651429,0.0375361500144808,-0.0650104282567003,0.0295672175052151,0.0538490513215416,-0.0162968537523715,-0.0251808811873914,-0.0298435772597008,-0.014949808599133,-0.0127397327424509,0.0587719862651429,-0.0251808811873914,-0.0297512765654919,-0.0215114344953371,0.0236527420241279,0.0268796632088946,0.0375361500144808,-0.0298435772597008,-0.0215114344953371,-0.0302206683248774,0.00974433325217441,0.0361842846618408,-0.0650104282567003,-0.014949808599133,0.0236527420241279,0.00974433325217441,0.00287460001702575
-0.0547181886080146,0.0295672175052151,0.00636496969137187,-0.0194105244980032,0.0154131324687685,0.00561535835754498,0.0295672175052151,0.0538490513215416,-0.0162968537523715,-0.0251808811873914,-0.0298435772597008,-0.014949808599133,0.00636496969137187,-0.0162968537523715,0.0830839935165645,0.0015713831033638,-0.00955806664752416,-0.153144744594712,-0.0194105244980032,-0.0251808811873914,0.0015713831033638,0.0267017873912185,0.0109784140588463,-0.0107250387684284,0.0154131324687685,-0.0298435772597008,-0.00955806664752416,0.0109784140588463,-0.0145856367567168,-0.0342598778494846,0.00561535835754498,-0.014949808599133,-0.153144744594712,-0.0107250387684284,-0.0342598778494846,0.14971222091914
0.100994320258567,-0.0127397327424509,-0.0194105244980032,0.00195114090049414,0.00425697600610021,0.0486211930948069,-0.0127397327424509,0.0587719862651429,-0.0251808811873914,-0.0297512765654919,-0.0215114344953371,0.0236527420241279,-0.0194105244980032,-0.0251808811873914,0.0015713831033638,0.0267017873912185,0.0109784140588463,-0.0107250387684284,0.00195114090049414,-0.0297512765654919,0.0267017873912185,0.0263401064898466,0.00791706352366136,-0.0449295551724953,0.00425697600610021,-0.0215114344953371,0.0109784140588463,0.00791706352366136,-0.00214522350096644,-0.0348391570814301,0.0486211930948069,0.0236527420241279,-0.0107250387684284,-0.0449295551724953,-0.0348391570814301,-0.00792786672906717
-0.0155110919254866,0.0268796632088946,0.0154131324687685,0.00425697600610021,0.041005708519547,0.0336304647564647,0.0268796632088946,0.0375361500144808,-0.0298435772597008,-0.0215114344953371,-0.0302206683248774,0.00974433325217441,0.0154131324687685,-0.0298435772597008,-0.00955806664752416,0.0109784140588463,-0.0145856367567168,-0.0342598778494846,0.00425697600610021,-0.0215114344953371,0.0109784140588463,0.00791706352366136,-0.00214522350096644,-0.0348391570814301,0.041005708519547,-0.0302206683248774,-0.0145856367567168,-0.00214522350096644,-0.0327300011583325,-0.0562089852887491,0.0336304647564647,0.00974433325217441,-0.0342598778494846,-0.0348391570814301,-0.0562089852887491,-0.0604304435907616
-0.284959102013716,0.0361842846618408,0.00561535835754498,0.0486211930948069,0.0336304647564647,0.115902153616148,0.0361842846618408,-0.0650104282567003,-0.014949808599133,0.0236527420241279,0.00974433325217441,0.00287460001702575,0.00561535835754498,-0.014949808599133,-0.153144744594712,-0.0107250387684284,-0.0342598778494846,0.14971222091914,0.0486211930948069,0.0236527420241279,-0.0107250387684284,-0.0449295551724953,-0.0348391570814301,-0.00792786672906717,0.0336304647564647,0.00974433325217441,-0.0342598778494846,-0.0348391570814301,-0.0562089852887491,-0.0604304435907616,0.115902153616148,0.00287460001702575,0.14971222091914,-0.00792786672906717,-0.0604304435907616,-0.538821601486182
