"V1","V2","V3","V4","V5","V6","V7","V8","V9","V10","V11","V12","V13","V14","V15","V16","V17","V18","V19","V20","V21","V22","V23","V24","V25","V26","V27","V28","V29","V30","V31","V32","V33","V34","V35","V36"
-1.01623582086874e-06,2.00985090334933e-07,7.17880682818141e-08,4.00078215730654e-08,-1.78301588328182e-08,-3.29331086512921e-07,2.00985090334933e-07,-5.8640527656725e-08,2.57443359707715e-09,-1.54563480709135e-08,1.25147894418981e-08,4.68972581033181e-08,7.17880682818141e-08,2.57443359707715e-09,8.79256163916718e-09,-1.07520535519468e-08,1.41936582313028e-08,3.00541979335315e-08,4.00078215730654e-08,-1.54563480709135e-08,-1.07520535519468e-08,5.9525644851469e-09,-4.86539124417047e-09,1.80590696225966e-08,-1.78301588328182e-08,1.25147894418981e-08,1.41936582313028e-08,-4.86539124417047e-09,1.45079842915689e-08,1.0151970286467e-08,-3.29331086512921e-07,4.68972581033181e-08,3.00541979335315e-08,1.80590696225966e-08,1.0151970286467e-08,-4.67637528954663e-08
2.00985090334933e-07,-5.8640527656725e-08,2.57443359707715e-09,-1.54563480709135e-08,1.25147894418981e-08,4.68972581033181e-08,-5.8640527656725e-08,-2.62374014016343e-07,4.57551613533108e-08,5.95635520990829e-08,4.11456254513087e-08,-4.77809318842687e-08,2.57443359707715e-09,4.57551613533108e-08,-1.70045053623573e-08,-6.48191956775277e-09,-1.38476831740151e-08,-1.42567486905441e-09,-1.54563480709135e-08,5.95635520990829e-08,-6.48191956775277e-09,-1.35448054543779e-08,-7.51385334723348e-09,2.08198572362405e-09,1.25147894418981e-08,4.11456254513087e-08,-1.38476831740151e-08,-7.51385334723348e-09,-1.2352044864898e-08,4.92286335970201e-09,4.68972581033181e-08,-4.77809318842687e-08,-1.42567486905441e-09,2.08198572362405e-09,4.92286335970201e-09,-1.59426114479813e-09
7.17880682818141e-08,2.57443359707715e-09,8.79256163916718e-09,-1.07520535519468e-08,1.41936582313028e-08,3.00541979335315e-08,2.57443359707715e-09,4.57551613533108e-08,-1.70045053623573e-08,-6.48191956775277e-09,-1.38476831740151e-08,-1.42567486905441e-09,8.79256163916718e-09,-1.70045053623573e-08,2.1511243336325e-09,2.96579791475159e-09,-4.06535407116357e-09,-1.67201528189548e-08,-1.07520535519468e-08,-6.48191956775277e-09,2.96579791475159e-09,1.19382761327976e-09,2.8727105252968e-09,6.08067756252429e-10,1.41936582313028e-08,-1.38476831740151e-08,-4.06535407116357e-09,2.8727105252968e-09,-4.91324704430251e-09,-8.62627354623464e-09,3.00541979335315e-08,-1.42567486905441e-09,-1.67201528189548e-08,6.08067756252429e-10,-8.62627354623464e-09,-8.18550583663141e-10
4.00078215730654e-08,-1.54563480709135e-08,-1.07520535519468e-08,5.9525644851469e-09,-4.86539124417047e-09,1.80590696225966e-08,-1.54563480709135e-08,5.95635520990829e-08,-6.48191956775277e-09,-1.35448054543779e-08,-7.51385334723348e-09,2.08198572362405e-09,-1.07520535519468e-08,-6.48191956775277e-09,2.96579791475159e-09,1.19382761327976e-09,2.8727105252968e-09,6.08067756252429e-10,5.9525644851469e-09,-1.35448054543779e-08,1.19382761327976e-09,3.73024442254912e-09,1.31101273273713e-09,-4.52664603837731e-09,-4.86539124417047e-09,-7.51385334723348e-09,2.8727105252968e-09,1.31101273273713e-09,2.4822403508405e-09,1.52394114482683e-09,1.80590696225966e-08,2.08198572362405e-09,6.08067756252429e-10,-4.52664603837731e-09,1.52394114482683e-09,5.75358771724592e-09
-1.78301588328182e-08,1.25147894418981e-08,1.41936582313028e-08,-4.86539124417047e-09,1.45079842915689e-08,1.0151970286467e-08,1.25147894418981e-08,4.11456254513087e-08,-1.38476831740151e-08,-7.51385334723348e-09,-1.2352044864898e-08,4.92286335970201e-09,1.41936582313028e-08,-1.38476831740151e-08,-4.06535407116357e-09,2.8727105252968e-09,-4.91324704430251e-09,-8.62627354623464e-09,-4.86539124417047e-09,-7.51385334723348e-09,2.8727105252968e-09,1.31101273273713e-09,2.4822403508405e-09,1.52394114482683e-09,1.45079842915689e-08,-1.2352044864898e-08,-4.91324704430251e-09,2.4822403508405e-09,-2.95592075467454e-09,-7.49782929877825e-09,1.0151970286467e-08,4.92286335970201e-09,-8.62627354623464e-09,1.52394114482683e-09,-7.49782929877825e-09,-1.1934464783096e-08
-3.29331086512921e-07,4.68972581033181e-08,3.00541979335315e-08,1.80590696225966e-08,1.0151970286467e-08,-4.67637528954663e-08,4.68972581033181e-08,-4.77809318842687e-08,-1.42567486905441e-09,2.08198572362405e-09,4.92286335970201e-09,-1.59426114479813e-09,3.00541979335315e-08,-1.42567486905441e-09,-1.67201528189548e-08,6.08067756252429e-10,-8.62627354623464e-09,-8.18550583663141e-10,1.80590696225966e-08,2.08198572362405e-09,6.08067756252429e-10,-4.52664603837731e-09,1.52394114482683e-09,5.75358771724592e-09,1.0151970286467e-08,4.92286335970201e-09,-8.62627354623464e-09,1.52394114482683e-09,-7.49782929877825e-09,-1.1934464783096e-08,-4.67637528954663e-08,-1.59426114479813e-09,-8.18550583663141e-10,5.75358771724592e-09,-1.1934464783096e-08,-9.15501725148467e-08
