"Mkt.RF","SMB","HML","RMW","CMA","Mom"
0.955268009292929,-0.212403558731271,-0.26769818171283,-0.075164323971117,-0.183894271193789,0.0213658835882929
-0.212403558731271,0.299280459134832,0.0249293486624944,-0.0664894276469776,0.0148758876268755,0.0321696597136376
-0.26769818171283,0.0249293486624944,0.225521867144595,0.033912036703979,0.135245596574919,-0.0137983676726298
-0.075164323971117,-0.0664894276469776,0.033912036703979,0.165962789114257,0.0318903921945403,0.0112946019229866
-0.183894271193789,0.0148758876268755,0.135245596574919,0.0318903921945403,0.161749220776954,0.0163004503508279
0.0213658835882929,0.0321696597136376,-0.0137983676726298,0.0112946019229866,0.0163004503508279,0.390717994016475
