"Mkt.RF","SMB","HML","RMW","CMA","MOM"
9.12935787091233e-05,-1.83700722013294e-05,-2.59231243228308e-05,-8.55871014705132e-06,-1.69443837093519e-05,4.19964334808205e-06
-1.83700722013294e-05,2.96666142934835e-05,1.6188518443199e-06,-6.59577308088447e-06,1.13422398550832e-06,3.30667448214066e-06
-2.59231243228308e-05,1.6188518443199e-06,2.20714715745693e-05,3.92795326817842e-06,1.30244376077016e-05,-1.35383945489198e-06
-8.55871014705132e-06,-6.59577308088447e-06,3.92795326817842e-06,1.68218329229032e-05,3.18830352114228e-06,1.35160548509656e-06
-1.69443837093519e-05,1.13422398550832e-06,1.30244376077016e-05,3.18830352114228e-06,1.58945184944517e-05,1.2285388427222e-06
4.19964334808205e-06,3.30667448214066e-06,-1.35383945489198e-06,1.35160548509656e-06,1.2285388427222e-06,3.91099400849131e-05
