"Mkt.RF","SMB","HML","RMW","CMA","Mom"
1.27414367523932,-0.0556558233027612,-0.0595294461574387,-0.168163510627808,-0.160769891127562,-0.167446497189311
-0.0556558233027612,0.350544044493871,0.0182791655544857,-0.0777044796101319,0.00654579373070263,0.0012065355244302
-0.0595294461574387,0.0182791655544857,0.342362639356843,0.0118215891787628,0.118107616524191,-0.163709683765369
-0.168163510627808,-0.0777044796101319,0.0118215891787628,0.200236534618629,0.0413496157238042,0.0546566495803557
-0.160769891127562,0.00654579373070263,0.118107616524191,0.0413496157238042,0.164849816954821,0.0186843013016488
-0.167446497189311,0.0012065355244302,-0.163709683765369,0.0546566495803557,0.0186843013016488,0.69578024806566
