"V1","V2","V3","V4","V5","V6","V7","V8","V9","V10","V11","V12","V13","V14","V15","V16","V17","V18","V19","V20","V21","V22","V23","V24","V25","V26","V27","V28","V29","V30","V31","V32","V33","V34","V35","V36"
-0.829936386344288,0.0632537961090087,-0.054079947513142,0.0824157524363368,-0.0159588488189741,-0.285924423601177,0.0632537961090087,0.0040716761369565,0.0367821576983463,-0.0142213827136003,0.0318642068052053,0.0470838026497358,-0.054079947513142,0.0367821576983463,0.00730422592890935,-0.016306247642317,0.0174629955380106,0.014608019312247,0.0824157524363368,-0.0142213827136003,-0.016306247642317,0.00535793371710603,0.00572371147179618,0.0470704903091435,-0.0159588488189741,0.0318642068052053,0.0174629955380106,0.00572371147179618,0.044078009505672,0.040107304948214,-0.285924423601177,0.0470838026497358,0.014608019312247,0.0470704903091435,0.040107304948214,0.118068610941423
0.0632537961090087,0.0040716761369565,0.0367821576983463,-0.0142213827136003,0.0318642068052053,0.0470838026497358,0.0040716761369565,-0.20476142306923,0.0496357050375047,0.0595044823167654,0.0359523401361641,-0.0642807011362114,0.0367821576983463,0.0496357050375047,-0.0191299918550768,-0.0240521480058395,-0.0314029966509304,-0.0158092758080055,-0.0142213827136003,0.0595044823167654,-0.0240521480058395,-0.0298254706090877,-0.0212245376448934,0.0206764155788504,0.0318642068052053,0.0359523401361641,-0.0314029966509304,-0.0212245376448934,-0.0317341686313589,0.0085849325277718,0.0470838026497358,-0.0642807011362114,-0.0158092758080055,0.0206764155788504,0.0085849325277718,0.00305024618844231
-0.054079947513142,0.0367821576983463,0.00730422592890935,-0.016306247642317,0.0174629955380106,0.014608019312247,0.0367821576983463,0.0496357050375047,-0.0191299918550768,-0.0240521480058395,-0.0314029966509304,-0.0158092758080055,0.00730422592890935,-0.0191299918550768,0.0792498787061752,-0.00287506987002692,-0.0116949490591783,-0.151834014899028,-0.016306247642317,-0.0240521480058395,-0.00287506987002692,0.0242506294866132,0.00814007769679872,-0.0101115389794799,0.0174629955380106,-0.0314029966509304,-0.0116949490591783,0.00814007769679872,-0.017687115766341,-0.0355143271596219,0.014608019312247,-0.0158092758080055,-0.151834014899028,-0.0101115389794799,-0.0355143271596219,0.139204173491703
0.0824157524363368,-0.0142213827136003,-0.016306247642317,0.00535793371710603,0.00572371147179618,0.0470704903091435,-0.0142213827136003,0.0595044823167654,-0.0240521480058395,-0.0298254706090877,-0.0212245376448934,0.0206764155788504,-0.016306247642317,-0.0240521480058395,-0.00287506987002692,0.0242506294866132,0.00814007769679872,-0.0101115389794799,0.00535793371710603,-0.0298254706090877,0.0242506294866132,0.0254112522105432,0.00674246684795761,-0.0432270294263098,0.00572371147179618,-0.0212245376448934,0.00814007769679872,0.00674246684795761,-0.00378426371663303,-0.0342846577338546,0.0470704903091435,0.0206764155788504,-0.0101115389794799,-0.0432270294263098,-0.0342846577338546,-0.0113145328491892
-0.0159588488189741,0.0318642068052053,0.0174629955380106,0.00572371147179618,0.044078009505672,0.040107304948214,0.0318642068052053,0.0359523401361641,-0.0314029966509304,-0.0212245376448934,-0.0317341686313589,0.0085849325277718,0.0174629955380106,-0.0314029966509304,-0.0116949490591783,0.00814007769679872,-0.017687115766341,-0.0355143271596219,0.00572371147179618,-0.0212245376448934,0.00814007769679872,0.00674246684795761,-0.00378426371663303,-0.0342846577338546,0.044078009505672,-0.0317341686313589,-0.017687115766341,-0.00378426371663303,-0.036098501005536,-0.0580100849854815,0.040107304948214,0.0085849325277718,-0.0355143271596219,-0.0342846577338546,-0.0580100849854815,-0.0677317787198259
-0.285924423601177,0.0470838026497358,0.014608019312247,0.0470704903091435,0.040107304948214,0.118068610941423,0.0470838026497358,-0.0642807011362114,-0.0158092758080055,0.0206764155788504,0.0085849325277718,0.00305024618844231,0.014608019312247,-0.0158092758080055,-0.151834014899028,-0.0101115389794799,-0.0355143271596219,0.139204173491703,0.0470704903091435,0.0206764155788504,-0.0101115389794799,-0.0432270294263098,-0.0342846577338546,-0.0113145328491892,0.040107304948214,0.0085849325277718,-0.0355143271596219,-0.0342846577338546,-0.0580100849854815,-0.0677317787198259,0.118068610941423,0.00305024618844231,0.139204173491703,-0.0113145328491892,-0.0677317787198259,-0.54306046719661
