"V1","V2","V3","V4","V5","V6","V7","V8","V9","V10","V11","V12","V13","V14","V15","V16","V17","V18","V19","V20","V21","V22","V23","V24","V25","V26","V27","V28","V29","V30","V31","V32","V33","V34","V35","V36"
-1.35499266195503e-06,1.14650186449301e-07,-7.32926982491902e-08,1.07651115972837e-07,-1.02747598112794e-08,-3.22863235941433e-07,1.14650186449301e-07,1.23215343950434e-09,2.83777611680956e-08,-1.31306894658243e-08,2.78474314519908e-08,4.72142225849367e-08,-7.32926982491902e-08,2.83777611680956e-08,-6.9329335679256e-09,-1.30292005033933e-08,2.10023750405305e-08,2.19055123210336e-08,1.07651115972837e-07,-1.31306894658243e-08,-1.30292005033933e-08,5.35368468984034e-09,6.86164604227698e-09,5.55743488482149e-08,-1.02747598112794e-08,2.78474314519908e-08,2.10023750405305e-08,6.86164604227698e-09,4.50069273774145e-08,4.17080160128098e-08,-3.22863235941433e-07,4.72142225849367e-08,2.19055123210336e-08,5.55743488482149e-08,4.17080160128098e-08,1.30227092096104e-07
1.14650186449301e-07,1.23215343950434e-09,2.83777611680956e-08,-1.31306894658243e-08,2.78474314519908e-08,4.72142225849367e-08,1.23215343950434e-09,-2.44636718212418e-07,5.42159861997928e-08,6.2947120245804e-08,4.05286885215967e-08,-6.9110501176278e-08,2.83777611680956e-08,5.42159861997928e-08,-2.0124982401725e-08,-2.41471647201598e-08,-3.13124478833543e-08,-1.69691800507644e-08,-1.31306894658243e-08,6.2947120245804e-08,-2.41471647201598e-08,-2.88108324442879e-08,-2.1546349713346e-08,2.32204215138596e-08,2.78474314519908e-08,4.05286885215967e-08,-3.13124478833543e-08,-2.1546349713346e-08,-3.20710445451053e-08,8.38041789685779e-09,4.72142225849367e-08,-6.9110501176278e-08,-1.69691800507644e-08,2.32204215138596e-08,8.38041789685779e-09,5.20402268475841e-09
-7.32926982491902e-08,2.83777611680956e-08,-6.9329335679256e-09,-1.30292005033933e-08,2.10023750405305e-08,2.19055123210336e-08,2.83777611680956e-08,5.42159861997928e-08,-2.0124982401725e-08,-2.41471647201598e-08,-3.13124478833543e-08,-1.69691800507644e-08,-6.9329335679256e-09,-2.0124982401725e-08,5.71739311160866e-08,-2.45443265103361e-09,-1.55294129080017e-08,-1.51566090630689e-07,-1.30292005033933e-08,-2.41471647201598e-08,-2.45443265103361e-09,2.14210908650249e-08,6.06740708187772e-09,-1.02406056176175e-08,2.10023750405305e-08,-3.13124478833543e-08,-1.55294129080017e-08,6.06740708187772e-09,-2.18782463154067e-08,-3.83574387708317e-08,2.19055123210336e-08,-1.69691800507644e-08,-1.51566090630689e-07,-1.02406056176175e-08,-3.83574387708317e-08,1.52330275613211e-07
1.07651115972837e-07,-1.31306894658243e-08,-1.30292005033933e-08,5.35368468984034e-09,6.86164604227698e-09,5.55743488482149e-08,-1.31306894658243e-08,6.2947120245804e-08,-2.41471647201598e-08,-2.88108324442879e-08,-2.1546349713346e-08,2.32204215138596e-08,-1.30292005033933e-08,-2.41471647201598e-08,-2.45443265103361e-09,2.14210908650249e-08,6.06740708187772e-09,-1.02406056176175e-08,5.35368468984034e-09,-2.88108324442879e-08,2.14210908650249e-08,1.7774978972432e-08,3.9002293705569e-09,-4.74695703579904e-08,6.86164604227698e-09,-2.1546349713346e-08,6.06740708187772e-09,3.9002293705569e-09,-6.61497399679761e-09,-3.7208876851699e-08,5.55743488482149e-08,2.32204215138596e-08,-1.02406056176175e-08,-4.74695703579904e-08,-3.7208876851699e-08,-2.27229048046244e-08
-1.02747598112794e-08,2.78474314519908e-08,2.10023750405305e-08,6.86164604227698e-09,4.50069273774145e-08,4.17080160128098e-08,2.78474314519908e-08,4.05286885215967e-08,-3.13124478833543e-08,-2.1546349713346e-08,-3.20710445451053e-08,8.38041789685779e-09,2.10023750405305e-08,-3.13124478833543e-08,-1.55294129080017e-08,6.06740708187772e-09,-2.18782463154067e-08,-3.83574387708317e-08,6.86164604227698e-09,-2.1546349713346e-08,6.06740708187772e-09,3.9002293705569e-09,-6.61497399679761e-09,-3.7208876851699e-08,4.50069273774145e-08,-3.20710445451053e-08,-2.18782463154067e-08,-6.61497399679761e-09,-4.13891586356415e-08,-6.3286591974212e-08,4.17080160128098e-08,8.38041789685779e-09,-3.83574387708317e-08,-3.7208876851699e-08,-6.3286591974212e-08,-7.95408674087007e-08
-3.22863235941433e-07,4.72142225849367e-08,2.19055123210336e-08,5.55743488482149e-08,4.17080160128098e-08,1.30227092096104e-07,4.72142225849367e-08,-6.9110501176278e-08,-1.69691800507644e-08,2.32204215138596e-08,8.38041789685779e-09,5.20402268475841e-09,2.19055123210336e-08,-1.69691800507644e-08,-1.51566090630689e-07,-1.02406056176175e-08,-3.83574387708317e-08,1.52330275613211e-07,5.55743488482149e-08,2.32204215138596e-08,-1.02406056176175e-08,-4.74695703579904e-08,-3.7208876851699e-08,-2.27229048046244e-08,4.17080160128098e-08,8.38041789685779e-09,-3.83574387708317e-08,-3.7208876851699e-08,-6.3286591974212e-08,-7.95408674087007e-08,1.30227092096104e-07,5.20402268475841e-09,1.52330275613211e-07,-2.27229048046244e-08,-7.95408674087007e-08,-6.49773704930959e-07
