"Mkt.RF","SMB","HML","RMW","CMA","Mom"
0.691210570656608,-0.135545331197806,-0.174813166379655,0.0347454244203002,-0.109714836687853,0.0394228281317821
-0.135545331197806,0.217162246912727,0.0162956171535393,-0.0351630693873519,-0.00113247535443624,0.00178096174813032
-0.174813166379655,0.0162956171535393,0.147276869801787,-0.0360697127248338,0.0817728672103918,-0.0128291054225389
0.0347454244203002,-0.0351630693873519,-0.0360697127248338,0.0584842030248181,-0.0255720204676204,0.00659746485569223
-0.109714836687853,-0.00113247535443624,0.0817728672103918,-0.0255720204676204,0.0940294951771749,-0.000947415438031755
0.0394228281317821,0.00178096174813032,-0.0128291054225389,0.00659746485569223,-0.000947415438031755,0.217370801047798
