"Mkt.RF","SMB","HML","RMW","CMA","MOM"
0.000120859011009494,-1.51670148664532e-05,-1.42156634346451e-05,-1.16414776825346e-05,-1.86556308088539e-05,-1.57281187952942e-05
-1.51670148664532e-05,3.34261988711071e-05,2.5471346625538e-06,-6.51931399954099e-06,1.24790674239636e-06,9.70886482572087e-07
-1.42156634346451e-05,2.5471346625538e-06,3.35127172267152e-05,1.35925779232467e-06,1.24254796879389e-05,-1.39728508783181e-05
-1.16414776825346e-05,-6.51931399954099e-06,1.35925779232467e-06,1.8459912768414e-05,3.49419636862561e-06,5.13722104466179e-06
-1.86556308088539e-05,1.24790674239636e-06,1.24254796879389e-05,3.49419636862561e-06,1.67911614712643e-05,2.28546595431757e-06
-1.57281187952942e-05,9.70886482572087e-07,-1.39728508783181e-05,5.13722104466179e-06,2.28546595431757e-06,6.4158969399904e-05
