"Mkt.RF","SMB","HML","RMW","CMA","MOM"
9.58650131144533e-05,-1.60463647570521e-05,-2.57897639035427e-05,-8.65189918046063e-06,-1.74298647426699e-05,3.30130997182867e-06
-1.60463647570521e-05,3.08120062055833e-05,1.21862525798378e-06,-6.48336949369509e-06,9.55618074911715e-07,3.23982314876945e-06
-2.57897639035427e-05,1.21862525798378e-06,2.23517422418585e-05,4.18560562208216e-06,1.30659618429696e-05,-2.2850918906663e-06
-8.65189918046063e-06,-6.48336949369509e-06,4.18560562208216e-06,1.7239355570514e-05,3.20088052147419e-06,1.88527056662039e-06
-1.74298647426699e-05,9.55618074911715e-07,1.30659618429696e-05,3.20088052147419e-06,1.61921515663183e-05,7.85442707594656e-07
3.30130997182867e-06,3.23982314876945e-06,-2.2850918906663e-06,1.88527056662039e-06,7.85442707594656e-07,4.33846241346338e-05
