"Mkt.RF","SMB","HML","RMW","CMA","Mom"
1.3142286829491,0.00900383889092214,-0.0153864841834689,-0.170796808510973,-0.161409839879101,-0.198651948312426
0.00900383889092214,0.333437297027628,0.0294261957424543,-0.0726832825648246,0.00695330999018628,-0.00770230798363554
-0.0153864841834689,0.0294261957424543,0.384477709486638,0.0159714557798767,0.123179686908622,-0.189648413325717
-0.170796808510973,-0.0726832825648246,0.0159714557798767,0.209690498241367,0.0434123795890664,0.0473442099448613
-0.161409839879101,0.00695330999018628,0.123179686908622,0.0434123795890664,0.170681254992161,0.0122675257939593
-0.198651948312426,-0.00770230798363554,-0.189648413325717,0.0473442099448613,0.0122675257939593,0.742487710350552
