"Mkt.RF","SMB","HML","RMW","CMA","Mom"
1.2649478634624,-0.0990836759269585,-0.0891326094845955,-0.156746473254513,-0.164681109503706,-0.163575120645238
-0.0990836759269585,0.34412163436586,0.0262802206629873,-0.0712931303989209,0.0106996767039581,0.00998268613563669
-0.0891326094845955,0.0262802206629873,0.333523769433933,0.0121694718340279,0.117111125998367,-0.146223455524018
-0.156746473254513,-0.0712931303989209,0.0121694718340279,0.191852591728096,0.0380744992305924,0.0550493036342182
-0.164681109503706,0.0106996767039581,0.117111125998367,0.0380744992305924,0.163763137828586,0.0255223182825448
-0.163575120645238,0.00998268613563669,-0.146223455524018,0.0550493036342182,0.0255223182825448,0.650549356315556
