"V1","V2","V3","V4","V5","V6","V7","V8","V9","V10","V11","V12","V13","V14","V15","V16","V17","V18","V19","V20","V21","V22","V23","V24","V25","V26","V27","V28","V29","V30","V31","V32","V33","V34","V35","V36"
-0.790157328553361,0.103915331052902,0.0502876891517851,0.0517742257274639,-0.0393610909129617,-0.312351830449383,0.103915331052902,-0.0267946276084293,0.0257225220921418,-0.00452649064030669,0.0344661226890592,0.053677600094095,0.0502876891517851,0.0257225220921418,0.00431270049057356,-0.0151377713010577,0.0279189274118612,0.0566534198047126,0.0517742257274639,-0.00452649064030669,-0.0151377713010577,-0.00159885780958077,0.00267953547252081,0.0441368272862948,-0.0393610909129617,0.0344661226890592,0.0279189274118612,0.00267953547252081,0.0462058540513508,0.040447538383157,-0.312351830449383,0.053677600094095,0.0566534198047126,0.0441368272862948,0.040447538383157,0.00602434669352735
0.103915331052902,-0.0267946276084293,0.0257225220921418,-0.00452649064030669,0.0344661226890592,0.053677600094095,-0.0267946276084293,-0.247579632643569,0.0394409125344821,0.0688127802812983,0.0401931975600958,-0.066096854488276,0.0257225220921418,0.0394409125344821,-0.0359190576902292,-0.019245638645899,-0.0314632624594846,0.00787097313599773,-0.00452649064030669,0.0688127802812983,-0.019245638645899,-0.0326893668713742,-0.0223336352867719,0.0212914333373761,0.0344661226890592,0.0401931975600958,-0.0314632624594846,-0.0223336352867719,-0.0321036237318268,0.0109089181859682,0.053677600094095,-0.066096854488276,0.00787097313599773,0.0212914333373761,0.0109089181859682,-0.0553918187573699
0.0502876891517851,0.0257225220921418,0.00431270049057356,-0.0151377713010577,0.0279189274118612,0.0566534198047126,0.0257225220921418,0.0394409125344821,-0.0359190576902292,-0.019245638645899,-0.0314632624594846,0.00787097313599773,0.00431270049057356,-0.0359190576902292,0.0122134998714804,0.0191843642658595,-0.00717095126595008,-0.043157420408901,-0.0151377713010577,-0.019245638645899,0.0191843642658595,0.0142605300947209,0.00671090206149925,-0.0344148934677555,0.0279189274118612,-0.0314632624594846,-0.00717095126595008,0.00671090206149925,-0.0221638040894209,-0.0428966381121542,0.0566534198047126,0.00787097313599773,-0.043157420408901,-0.0344148934677555,-0.0428966381121542,-0.0224393586808547
0.0517742257274639,-0.00452649064030669,-0.0151377713010577,-0.00159885780958077,0.00267953547252081,0.0441368272862948,-0.00452649064030669,0.0688127802812983,-0.019245638645899,-0.0326893668713742,-0.0223336352867719,0.0212914333373761,-0.0151377713010577,-0.019245638645899,0.0191843642658595,0.0142605300947209,0.00671090206149925,-0.0344148934677555,-0.00159885780958077,-0.0326893668713742,0.0142605300947209,0.0333384755991358,0.00835582053842325,-0.0322581605618824,0.00267953547252081,-0.0223336352867719,0.00671090206149925,0.00835582053842325,-0.00404966411740737,-0.033713259762008,0.0441368272862948,0.0212914333373761,-0.0344148934677555,-0.0322581605618824,-0.033713259762008,0.0261696630860306
-0.0393610909129617,0.0344661226890592,0.0279189274118612,0.00267953547252081,0.0462058540513508,0.040447538383157,0.0344661226890592,0.0401931975600958,-0.0314632624594846,-0.0223336352867719,-0.0321036237318268,0.0109089181859682,0.0279189274118612,-0.0314632624594846,-0.00717095126595008,0.00671090206149925,-0.0221638040894209,-0.0428966381121542,0.00267953547252081,-0.0223336352867719,0.00671090206149925,0.00835582053842325,-0.00404966411740737,-0.033713259762008,0.0462058540513508,-0.0321036237318268,-0.0221638040894209,-0.00404966411740737,-0.0367435528805996,-0.0523883941250271,0.040447538383157,0.0109089181859682,-0.0428966381121542,-0.033713259762008,-0.0523883941250271,-0.0561637179625958
-0.312351830449383,0.053677600094095,0.0566534198047126,0.0441368272862948,0.040447538383157,0.00602434669352735,0.053677600094095,-0.066096854488276,0.00787097313599773,0.0212914333373761,0.0109089181859682,-0.0553918187573699,0.0566534198047126,0.00787097313599773,-0.043157420408901,-0.0344148934677555,-0.0428966381121542,-0.0224393586808547,0.0441368272862948,0.0212914333373761,-0.0344148934677555,-0.0322581605618824,-0.033713259762008,0.0261696630860306,0.040447538383157,0.0109089181859682,-0.0428966381121542,-0.033713259762008,-0.0523883941250271,-0.0561637179625958,0.00602434669352735,-0.0553918187573699,-0.0224393586808547,0.0261696630860306,-0.0561637179625958,-0.248333726443629
