"Mkt.RF","SMB","HML","RMW","CMA","Mom"
1.28147639009357,-0.0666994902101023,-0.0664600918192872,-0.165770719759542,-0.162600522467626,-0.160026521714014
-0.0666994902101023,0.348423171845878,0.0178101218643172,-0.0761315777209863,0.00609901573075046,0.00402232734753958
-0.0664600918192872,0.0178101218643172,0.338260675211218,0.0134727404889547,0.117240605766447,-0.162782168980649
-0.165770719759542,-0.0761315777209863,0.0134727404889547,0.197561752963009,0.0418855681058786,0.0519642095958049
-0.162600522467626,0.00609901573075046,0.117240605766447,0.0418855681058786,0.164054384907639,0.0166519240774396
-0.160026521714014,0.00402232734753958,-0.162782168980649,0.0519642095958049,0.0166519240774396,0.687618075055155
