"V1","V2","V3","V4","V5","V6","V7","V8","V9","V10","V11","V12","V13","V14","V15","V16","V17","V18","V19","V20","V21","V22","V23","V24","V25","V26","V27","V28","V29","V30","V31","V32","V33","V34","V35","V36"
-1.39731148493282e-06,1.29003184245536e-07,-6.72129753788388e-08,1.13881607390393e-07,-6.21027556219973e-09,-3.16499477929091e-07,1.29003184245536e-07,-8.47380552807087e-09,2.57685258989665e-08,-1.40915469835887e-08,2.64148231178188e-08,4.36296686208109e-08,-6.72129753788388e-08,2.57685258989665e-08,-8.52479363593548e-09,-1.45186601225069e-08,1.98935926637619e-08,1.73162162319426e-08,1.13881607390393e-07,-1.40915469835887e-08,-1.45186601225069e-08,3.91739126933419e-09,5.44406325070643e-09,5.39746139752905e-08,-6.21027556219973e-09,2.64148231178188e-08,1.98935926637619e-08,5.44406325070643e-09,4.33378583476938e-08,3.82834090482244e-08,-3.16499477929091e-07,4.36296686208109e-08,1.73162162319426e-08,5.39746139752905e-08,3.82834090482244e-08,1.20819915262769e-07
1.29003184245536e-07,-8.47380552807087e-09,2.57685258989665e-08,-1.40915469835887e-08,2.64148231178188e-08,4.36296686208109e-08,-8.47380552807087e-09,-2.40974141729013e-07,5.65195841536491e-08,6.41225639333839e-08,4.15819086415103e-08,-6.87256294309379e-08,2.57685258989665e-08,5.65195841536491e-08,-1.87661711554575e-08,-2.46791049435627e-08,-3.09265746166518e-08,-1.62140208894918e-08,-1.40915469835887e-08,6.41225639333839e-08,-2.46791049435627e-08,-2.90872153325223e-08,-2.16373525161683e-08,2.4668279291767e-08,2.64148231178188e-08,4.15819086415103e-08,-3.09265746166518e-08,-2.16373525161683e-08,-3.15852869966173e-08,9.21906571333535e-09,4.36296686208109e-08,-6.87256294309379e-08,-1.62140208894918e-08,2.4668279291767e-08,9.21906571333535e-09,6.51429289678674e-09
-6.72129753788388e-08,2.57685258989665e-08,-8.52479363593548e-09,-1.45186601225069e-08,1.98935926637619e-08,1.73162162319426e-08,2.57685258989665e-08,5.65195841536491e-08,-1.87661711554575e-08,-2.46791049435627e-08,-3.09265746166518e-08,-1.62140208894918e-08,-8.52479363593548e-09,-1.87661711554575e-08,5.76306412178621e-08,-7.41614477163199e-10,-1.47112617166622e-08,-1.49823354376574e-07,-1.45186601225069e-08,-2.46791049435627e-08,-7.41614477163199e-10,2.21195180900364e-08,7.15814630168133e-09,-9.68136634857143e-09,1.98935926637619e-08,-3.09265746166518e-08,-1.47112617166622e-08,7.15814630168133e-09,-2.07883662405026e-08,-3.67838499977687e-08,1.73162162319426e-08,-1.62140208894918e-08,-1.49823354376574e-07,-9.68136634857143e-09,-3.67838499977687e-08,1.58258078140511e-07
1.13881607390393e-07,-1.40915469835887e-08,-1.45186601225069e-08,3.91739126933419e-09,5.44406325070643e-09,5.39746139752905e-08,-1.40915469835887e-08,6.41225639333839e-08,-2.46791049435627e-08,-2.90872153325223e-08,-2.16373525161683e-08,2.4668279291767e-08,-1.45186601225069e-08,-2.46791049435627e-08,-7.41614477163199e-10,2.21195180900364e-08,7.15814630168133e-09,-9.68136634857143e-09,3.91739126933419e-09,-2.90872153325223e-08,2.21195180900364e-08,1.90820743891911e-08,4.55369762761691e-09,-4.77118898086546e-08,5.44406325070643e-09,-2.16373525161683e-08,7.15814630168133e-09,4.55369762761691e-09,-5.69026696706795e-09,-3.68364487811549e-08,5.39746139752905e-08,2.4668279291767e-08,-9.68136634857143e-09,-4.77118898086546e-08,-3.68364487811549e-08,-2.14638815819835e-08
-6.21027556219973e-09,2.64148231178188e-08,1.98935926637619e-08,5.44406325070643e-09,4.33378583476938e-08,3.82834090482244e-08,2.64148231178188e-08,4.15819086415103e-08,-3.09265746166518e-08,-2.16373525161683e-08,-3.15852869966173e-08,9.21906571333535e-09,1.98935926637619e-08,-3.09265746166518e-08,-1.47112617166622e-08,7.15814630168133e-09,-2.07883662405026e-08,-3.67838499977687e-08,5.44406325070643e-09,-2.16373525161683e-08,7.15814630168133e-09,4.55369762761691e-09,-5.69026696706795e-09,-3.68364487811549e-08,4.33378583476938e-08,-3.15852869966173e-08,-2.07883662405026e-08,-5.69026696706795e-09,-3.98854193084786e-08,-6.15368846250675e-08,3.82834090482244e-08,9.21906571333535e-09,-3.67838499977687e-08,-3.68364487811549e-08,-6.15368846250675e-08,-7.32927061633245e-08
-3.16499477929091e-07,4.36296686208109e-08,1.73162162319426e-08,5.39746139752905e-08,3.82834090482244e-08,1.20819915262769e-07,4.36296686208109e-08,-6.87256294309379e-08,-1.62140208894918e-08,2.4668279291767e-08,9.21906571333535e-09,6.51429289678674e-09,1.73162162319426e-08,-1.62140208894918e-08,-1.49823354376574e-07,-9.68136634857143e-09,-3.67838499977687e-08,1.58258078140511e-07,5.39746139752905e-08,2.4668279291767e-08,-9.68136634857143e-09,-4.77118898086546e-08,-3.68364487811549e-08,-2.14638815819835e-08,3.82834090482244e-08,9.21906571333535e-09,-3.67838499977687e-08,-3.68364487811549e-08,-6.15368846250675e-08,-7.32927061633245e-08,1.20819915262769e-07,6.51429289678674e-09,1.58258078140511e-07,-2.14638815819835e-08,-7.32927061633245e-08,-6.33402658423792e-07
