"Mkt.RF","SMB","HML","RMW","CMA","MOM"
0.000120157800003058,-9.03638951293082e-08,-4.20146062884387e-06,-1.74363555509426e-05,-1.61309991712515e-05,-1.94065816275899e-05
-9.03638951293082e-08,3.1855937087225e-05,1.86121506043446e-06,-7.25650336826674e-06,9.42485081748101e-07,9.0639700818567e-08
-4.20146062884387e-06,1.86121506043446e-06,3.58152388508473e-05,1.29866476039001e-06,1.22512517469425e-05,-1.73798717210104e-05
-1.74363555509426e-05,-7.25650336826674e-06,1.29866476039001e-06,2.0622867605006e-05,4.22225479668094e-06,5.14563611640594e-06
-1.61309991712515e-05,9.42485081748101e-07,1.22512517469425e-05,4.22225479668094e-06,1.69295938941571e-05,1.36453917625002e-06
-1.94065816275899e-05,9.0639700818567e-08,-1.73798717210104e-05,5.14563611640594e-06,1.36453917625002e-06,7.23942469604809e-05
