"Mkt.RF","SMB","HML","RMW","CMA","MOM"
9.19779638081354e-05,-1.68026935835034e-05,-2.62853484803548e-05,-8.57244487124657e-06,-1.72203398051763e-05,4.83975051942045e-06
-1.68026935835034e-05,3.03409807372882e-05,1.28276697401336e-06,-6.55093815394497e-06,9.76074808805983e-07,3.81262170045462e-06
-2.62853484803548e-05,1.28276697401336e-06,2.19779908388319e-05,4.11554102655098e-06,1.29087316489462e-05,-1.48596097082911e-06
-8.57244487124657e-06,-6.55093815394497e-06,4.11554102655098e-06,1.69494642023243e-05,3.19026650445182e-06,1.52323536051949e-06
-1.72203398051763e-05,9.76074808805983e-07,1.29087316489462e-05,3.19026650445182e-06,1.59258731676781e-05,1.02984896948468e-06
4.83975051942045e-06,3.81262170045462e-06,-1.48596097082911e-06,1.52323536051949e-06,1.02984896948468e-06,4.0009711333136e-05
