"Mkt.RF","SMB","HML","RMW","CMA","Mom"
1.25065784039326,-0.0764476167877282,-0.0718570120475073,-0.161662997825553,-0.160976247336481,-0.152644140962589
-0.0764476167877282,0.341228389462476,0.0213047198324948,-0.0734994419705072,0.0076727256470764,0.011628292459701
-0.0718570120475073,0.0213047198324948,0.328743682194266,0.0121232033709075,0.114557063667714,-0.148381312806373
-0.161662997825553,-0.0734994419705072,0.0121232033709075,0.193593888552922,0.0398066230765029,0.0511371618119029
-0.160976247336481,0.0076727256470764,0.114557063667714,0.0398066230765029,0.16248130693699,0.0214750277438757
-0.152644140962589,0.011628292459701,-0.148381312806373,0.0511371618119029,0.0214750277438757,0.644882436282808
