"V1","V2","V3","V4","V5","V6","V7","V8","V9","V10","V11","V12","V13","V14","V15","V16","V17","V18","V19","V20","V21","V22","V23","V24","V25","V26","V27","V28","V29","V30","V31","V32","V33","V34","V35","V36"
-1.13094013307692e-06,1.72823610472112e-07,7.48259182857923e-08,5.9335648559851e-08,-2.73095068548133e-08,-3.6379896172041e-07,1.72823610472112e-07,-4.25762549933808e-08,1.76407247070219e-08,-9.94753312751738e-10,3.12911349411425e-08,5.23929067450334e-08,7.48259182857923e-08,1.76407247070219e-08,-1.91265474985725e-09,-1.16484421112367e-08,2.47308427836579e-08,6.47270443200275e-08,5.9335648559851e-08,-9.94753312751738e-10,-1.16484421112367e-08,-9.04834691447011e-10,3.4319467556894e-09,4.92318691134023e-08,-2.73095068548133e-08,3.12911349411425e-08,2.47308427836579e-08,3.4319467556894e-09,4.44607051490478e-08,4.11026993477838e-08,-3.6379896172041e-07,5.23929067450334e-08,6.47270443200275e-08,4.92318691134023e-08,4.11026993477838e-08,-1.6144735189037e-08
1.72823610472112e-07,-4.25762549933808e-08,1.76407247070219e-08,-9.94753312751738e-10,3.12911349411425e-08,5.23929067450334e-08,-4.25762549933808e-08,-2.90139393714514e-07,4.60885401339415e-08,7.41873397379558e-08,4.608546495581e-08,-6.54969600078197e-08,1.76407247070219e-08,4.60885401339415e-08,-3.76429414240922e-08,-1.94780611914855e-08,-3.32778664112773e-08,1.09415268781227e-08,-9.94753312751738e-10,7.41873397379558e-08,-1.94780611914855e-08,-3.43916082467614e-08,-2.16913397577313e-08,2.04073530152247e-08,3.12911349411425e-08,4.608546495581e-08,-3.32778664112773e-08,-2.16913397577313e-08,-3.46530980637828e-08,1.14348671932732e-08,5.23929067450334e-08,-6.54969600078197e-08,1.09415268781227e-08,2.04073530152247e-08,1.14348671932732e-08,-6.52798289820263e-08
7.48259182857923e-08,1.76407247070219e-08,-1.91265474985725e-09,-1.16484421112367e-08,2.47308427836579e-08,6.47270443200275e-08,1.76407247070219e-08,4.60885401339415e-08,-3.76429414240922e-08,-1.94780611914855e-08,-3.32778664112773e-08,1.09415268781227e-08,-1.91265474985725e-09,-3.76429414240922e-08,6.41976735362727e-09,1.7154704393301e-08,-1.0791061780738e-08,-4.39107569991126e-08,-1.16484421112367e-08,-1.94780611914855e-08,1.7154704393301e-08,1.00010801625194e-08,5.05838201653473e-09,-3.90939442130798e-08,2.47308427836579e-08,-3.32778664112773e-08,-1.0791061780738e-08,5.05838201653473e-09,-2.55998728631521e-08,-4.53711334707588e-08,6.47270443200275e-08,1.09415268781227e-08,-4.39107569991126e-08,-3.90939442130798e-08,-4.53711334707588e-08,-2.89774167417633e-08
5.9335648559851e-08,-9.94753312751738e-10,-1.16484421112367e-08,-9.04834691447011e-10,3.4319467556894e-09,4.92318691134023e-08,-9.94753312751738e-10,7.41873397379558e-08,-1.94780611914855e-08,-3.43916082467614e-08,-2.16913397577313e-08,2.04073530152247e-08,-1.16484421112367e-08,-1.94780611914855e-08,1.7154704393301e-08,1.00010801625194e-08,5.05838201653473e-09,-3.90939442130798e-08,-9.04834691447011e-10,-3.43916082467614e-08,1.00010801625194e-08,2.68887681093556e-08,4.76688222622485e-09,-3.46493470714763e-08,3.4319467556894e-09,-2.16913397577313e-08,5.05838201653473e-09,4.76688222622485e-09,-5.43924351259153e-09,-3.57301536480404e-08,4.92318691134023e-08,2.04073530152247e-08,-3.90939442130798e-08,-3.46493470714763e-08,-3.57301536480404e-08,2.25238453200049e-08
-2.73095068548133e-08,3.12911349411425e-08,2.47308427836579e-08,3.4319467556894e-09,4.44607051490478e-08,4.11026993477838e-08,3.12911349411425e-08,4.608546495581e-08,-3.32778664112773e-08,-2.16913397577313e-08,-3.46530980637828e-08,1.14348671932732e-08,2.47308427836579e-08,-3.32778664112773e-08,-1.0791061780738e-08,5.05838201653473e-09,-2.55998728631521e-08,-4.53711334707588e-08,3.4319467556894e-09,-2.16913397577313e-08,5.05838201653473e-09,4.76688222622485e-09,-5.43924351259153e-09,-3.57301536480404e-08,4.44607051490478e-08,-3.46530980637828e-08,-2.55998728631521e-08,-5.43924351259153e-09,-4.18505785865891e-08,-5.73401750563602e-08,4.11026993477838e-08,1.14348671932732e-08,-4.53711334707588e-08,-3.57301536480404e-08,-5.73401750563602e-08,-6.12872855290701e-08
-3.6379896172041e-07,5.23929067450334e-08,6.47270443200275e-08,4.92318691134023e-08,4.11026993477838e-08,-1.6144735189037e-08,5.23929067450334e-08,-6.54969600078197e-08,1.09415268781227e-08,2.04073530152247e-08,1.14348671932732e-08,-6.52798289820263e-08,6.47270443200275e-08,1.09415268781227e-08,-4.39107569991126e-08,-3.90939442130798e-08,-4.53711334707588e-08,-2.89774167417633e-08,4.92318691134023e-08,2.04073530152247e-08,-3.90939442130798e-08,-3.46493470714763e-08,-3.57301536480404e-08,2.25238453200049e-08,4.11026993477838e-08,1.14348671932732e-08,-4.53711334707588e-08,-3.57301536480404e-08,-5.73401750563602e-08,-6.12872855290701e-08,-1.6144735189037e-08,-6.52798289820263e-08,-2.89774167417633e-08,2.25238453200049e-08,-6.12872855290701e-08,-2.80715974243864e-07
