"V1","V2","V3","V4","V5","V6","V7","V8","V9","V10","V11","V12","V13","V14","V15","V16","V17","V18","V19","V20","V21","V22","V23","V24","V25","V26","V27","V28","V29","V30","V31","V32","V33","V34","V35","V36"
-1.22665827814839e-06,1.16090866928315e-07,-4.29400446750355e-08,1.03333928151493e-07,-1.18494364312474e-08,-3.13680274649871e-07,1.16090866928315e-07,-1.06950563287571e-08,3.96390965299613e-08,-1.32390028312504e-08,2.95344664934985e-08,4.97217901607167e-08,-4.29400446750355e-08,3.96390965299613e-08,-8.34303874263697e-09,-8.66029235095395e-09,2.33958239422708e-08,6.42757287926269e-08,1.03333928151493e-07,-1.32390028312504e-08,-8.66029235095395e-09,2.64735651289805e-09,5.44665572363356e-09,4.21096325961469e-08,-1.18494364312474e-08,2.95344664934985e-08,2.33958239422708e-08,5.44665572363356e-09,4.62625316651882e-08,4.35140129749652e-08,-3.13680274649871e-07,4.97217901607167e-08,6.42757287926269e-08,4.21096325961469e-08,4.35140129749652e-08,2.84822381233087e-08
1.16090866928315e-07,-1.06950563287571e-08,3.96390965299613e-08,-1.32390028312504e-08,2.95344664934985e-08,4.97217901607167e-08,-1.06950563287571e-08,-2.79883649806802e-07,5.67037320258833e-08,7.25141598635232e-08,4.25167826408249e-08,-7.51483225660142e-08,3.96390965299613e-08,5.67037320258833e-08,-2.34261537038384e-08,-2.25221123487644e-08,-3.24728960283222e-08,-5.24338647640229e-09,-1.32390028312504e-08,7.25141598635232e-08,-2.25221123487644e-08,-3.32997545469451e-08,-2.16028555493512e-08,2.49750123610129e-08,2.95344664934985e-08,4.25167826408249e-08,-3.24728960283222e-08,-2.16028555493512e-08,-3.2870792352139e-08,1.01362643013967e-08,4.97217901607167e-08,-7.51483225660142e-08,-5.24338647640229e-09,2.49750123610129e-08,1.01362643013967e-08,-3.36968618013462e-08
-4.29400446750355e-08,3.96390965299613e-08,-8.34303874263697e-09,-8.66029235095395e-09,2.33958239422708e-08,6.42757287926269e-08,3.96390965299613e-08,5.67037320258833e-08,-2.34261537038384e-08,-2.25221123487644e-08,-3.24728960283222e-08,-5.24338647640229e-09,-8.34303874263697e-09,-2.34261537038384e-08,5.46572792065934e-08,1.72619846472075e-09,-1.25455559816748e-08,-1.07097929599816e-07,-8.66029235095395e-09,-2.25221123487644e-08,1.72619846472075e-09,1.76295575083093e-08,5.81058996290214e-09,-2.38907919004887e-08,2.33958239422708e-08,-3.24728960283222e-08,-1.25455559816748e-08,5.81058996290214e-09,-2.23526079755193e-08,-4.31910142969108e-08,6.42757287926269e-08,-5.24338647640229e-09,-1.07097929599816e-07,-2.38907919004887e-08,-4.31910142969108e-08,6.44512932469626e-08
1.03333928151493e-07,-1.32390028312504e-08,-8.66029235095395e-09,2.64735651289805e-09,5.44665572363356e-09,4.21096325961469e-08,-1.32390028312504e-08,7.25141598635232e-08,-2.25221123487644e-08,-3.32997545469451e-08,-2.16028555493512e-08,2.49750123610129e-08,-8.66029235095395e-09,-2.25221123487644e-08,1.72619846472075e-09,1.76295575083093e-08,5.81058996290214e-09,-2.38907919004887e-08,2.64735651289805e-09,-3.32997545469451e-08,1.76295575083093e-08,2.2038887273671e-08,4.34437471134383e-09,-4.25789481018218e-08,5.44665572363356e-09,-2.16028555493512e-08,5.81058996290214e-09,4.34437471134383e-09,-6.27388775341042e-09,-3.75783721227625e-08,4.21096325961469e-08,2.49750123610129e-08,-2.38907919004887e-08,-4.25789481018218e-08,-3.75783721227625e-08,4.6446473372287e-09
-1.18494364312474e-08,2.95344664934985e-08,2.33958239422708e-08,5.44665572363356e-09,4.62625316651882e-08,4.35140129749652e-08,2.95344664934985e-08,4.25167826408249e-08,-3.24728960283222e-08,-2.16028555493512e-08,-3.2870792352139e-08,1.01362643013967e-08,2.33958239422708e-08,-3.24728960283222e-08,-1.25455559816748e-08,5.81058996290214e-09,-2.23526079755193e-08,-4.31910142969108e-08,5.44665572363356e-09,-2.16028555493512e-08,5.81058996290214e-09,4.34437471134383e-09,-6.27388775341042e-09,-3.75783721227625e-08,4.62625316651882e-08,-3.2870792352139e-08,-2.23526079755193e-08,-6.27388775341042e-09,-4.15310195492789e-08,-6.26055755232851e-08,4.35140129749652e-08,1.01362643013967e-08,-4.31910142969108e-08,-3.75783721227625e-08,-6.26055755232851e-08,-6.68823751262928e-08
-3.13680274649871e-07,4.97217901607167e-08,6.42757287926269e-08,4.21096325961469e-08,4.35140129749652e-08,2.84822381233087e-08,4.97217901607167e-08,-7.51483225660142e-08,-5.24338647640229e-09,2.49750123610129e-08,1.01362643013967e-08,-3.36968618013462e-08,6.42757287926269e-08,-5.24338647640229e-09,-1.07097929599816e-07,-2.38907919004887e-08,-4.31910142969108e-08,6.44512932469626e-08,4.21096325961469e-08,2.49750123610129e-08,-2.38907919004887e-08,-4.25789481018218e-08,-3.75783721227625e-08,4.6446473372287e-09,4.35140129749652e-08,1.01362643013967e-08,-4.31910142969108e-08,-3.75783721227625e-08,-6.26055755232851e-08,-6.68823751262928e-08,2.84822381233087e-08,-3.36968618013462e-08,6.44512932469626e-08,4.6446473372287e-09,-6.68823751262928e-08,-4.44556846288586e-07
