"Mkt.RF","SMB","HML","RMW","CMA","MOM"
0.000133147568564296,1.96622332267043e-06,6.95320468788241e-08,-1.72183007189254e-05,-1.55948440900485e-05,-2.1474191488833e-05
1.96622332267043e-06,3.44029714545245e-05,4.5997365903239e-06,-6.99171007150734e-06,8.83501482609531e-07,-3.06611613775146e-06
6.95320468788241e-08,4.5997365903239e-06,4.25631430837288e-05,2.74414328716589e-06,1.27760142246401e-05,-2.45663514530861e-05
-1.72183007189254e-05,-6.99171007150734e-06,2.74414328716589e-06,2.12798317403322e-05,4.81289679161458e-06,3.587376559003e-06
-1.55948440900485e-05,8.83501482609531e-07,1.27760142246401e-05,4.81289679161458e-06,1.70486465287368e-05,4.3000992083288e-07
-2.1474191488833e-05,-3.06611613775146e-06,-2.45663514530861e-05,3.587376559003e-06,4.3000992083288e-07,8.27208876028823e-05
