"V1","V2","V3","V4","V5","V6","V7","V8","V9","V10","V11","V12","V13","V14","V15","V16","V17","V18","V19","V20","V21","V22","V23","V24","V25","V26","V27","V28","V29","V30","V31","V32","V33","V34","V35","V36"
-0.899661762081922,0.0742897594036524,-0.0644299169308395,0.0931353392683534,-0.0222274245484725,-0.290317666311155,0.0742897594036524,0.000648008716301331,0.0300148132457479,-0.0139795772287633,0.0274534823084424,0.0417987746823757,-0.0644299169308395,0.0300148132457479,0.0115088813410816,-0.0169555791593043,0.0190607742759389,0.00979199051791049,0.0931353392683534,-0.0139795772287633,-0.0169555791593043,0.00480372577811926,0.00628995352215634,0.0514585959121987,-0.0222274245484725,0.0274534823084424,0.0190607742759389,0.00628995352215634,0.0438399706935245,0.0372654176367745,-0.290317666311155,0.0417987746823757,0.00979199051791049,0.0514585959121987,0.0372654176367745,0.118577815172808
0.0742897594036524,0.000648008716301331,0.0300148132457479,-0.0139795772287633,0.0274534823084424,0.0417987746823757,0.000648008716301331,-0.195621088362529,0.0515968960575817,0.0581325932039489,0.0362739461652861,-0.065995534620325,0.0300148132457479,0.0515968960575817,-0.0167210034701233,-0.02439418873637,-0.0301690991663934,-0.0172400888471212,-0.0139795772287633,0.0581325932039489,-0.02439418873637,-0.0288449508665911,-0.0210992501657534,0.0231525232077917,0.0274534823084424,0.0362739461652861,-0.0301690991663934,-0.0210992501657534,-0.030648016669388,0.00890651915180729,0.0417987746823757,-0.065995534620325,-0.0172400888471212,0.0231525232077917,0.00890651915180729,0.00821758091390088
-0.0644299169308395,0.0300148132457479,0.0115088813410816,-0.0169555791593043,0.0190607742759389,0.00979199051791049,0.0300148132457479,0.0515968960575817,-0.0167210034701233,-0.02439418873637,-0.0301690991663934,-0.0172400888471212,0.0115088813410816,-0.0167210034701233,0.0756623320691568,-0.00122578812784266,-0.0131824778574164,-0.151927224805803,-0.0169555791593043,-0.02439418873637,-0.00122578812784266,0.0244572866991822,0.00902249759581356,-0.0093777969056868,0.0190607742759389,-0.0301690991663934,-0.0131824778574164,0.00902249759581356,-0.0178090085547628,-0.0345222948143895,0.00979199051791049,-0.0172400888471212,-0.151927224805803,-0.0093777969056868,-0.0345222948143895,0.140397749666299
0.0931353392683534,-0.0139795772287633,-0.0169555791593043,0.00480372577811926,0.00628995352215634,0.0514585959121987,-0.0139795772287633,0.0581325932039489,-0.02439418873637,-0.0288449508665911,-0.0210992501657534,0.0231525232077917,-0.0169555791593043,-0.02439418873637,-0.00122578812784266,0.0244572866991822,0.00902249759581356,-0.0093777969056868,0.00480372577811926,-0.0288449508665911,0.0244572866991822,0.0240953750351924,0.00656227414255191,-0.0449921524380363,0.00628995352215634,-0.0210992501657534,0.00902249759581356,0.00656227414255191,-0.00342398881214855,-0.0346317759694207,0.0514585959121987,0.0231525232077917,-0.0093777969056868,-0.0449921524380363,-0.0346317759694207,-0.0137647939461977
-0.0222274245484725,0.0274534823084424,0.0190607742759389,0.00628995352215634,0.0438399706935245,0.0372654176367745,0.0274534823084424,0.0362739461652861,-0.0301690991663934,-0.0210992501657534,-0.030648016669388,0.00890651915180729,0.0190607742759389,-0.0301690991663934,-0.0131824778574164,0.00902249759581356,-0.0178090085547628,-0.0345222948143895,0.00628995352215634,-0.0210992501657534,0.00902249759581356,0.00656227414255191,-0.00342398881214855,-0.0346317759694207,0.0438399706935245,-0.030648016669388,-0.0178090085547628,-0.00342398881214855,-0.0355284928406497,-0.0566302980968547,0.0372654176367745,0.00890651915180729,-0.0345222948143895,-0.0346317759694207,-0.0566302980968547,-0.0665237397498649
-0.290317666311155,0.0417987746823757,0.00979199051791049,0.0514585959121987,0.0372654176367745,0.118577815172808,0.0417987746823757,-0.065995534620325,-0.0172400888471212,0.0231525232077917,0.00890651915180729,0.00821758091390088,0.00979199051791049,-0.0172400888471212,-0.151927224805803,-0.0093777969056868,-0.0345222948143895,0.140397749666299,0.0514585959121987,0.0231525232077917,-0.0093777969056868,-0.0449921524380363,-0.0346317759694207,-0.0137647939461977,0.0372654176367745,0.00890651915180729,-0.0345222948143895,-0.0346317759694207,-0.0566302980968547,-0.0665237397498649,0.118577815172808,0.00821758091390088,0.140397749666299,-0.0137647939461977,-0.0665237397498649,-0.533635575301985
