"Mkt.RF","SMB","HML","RMW","CMA","MOM"
7.20634581469544e-05,-1.47715098861003e-05,-1.82073773887983e-05,3.53868544796853e-06,-1.11838651115451e-05,4.5162716846958e-06
-1.47715098861003e-05,2.2644832220411e-05,1.84083550619378e-06,-3.75719539494616e-06,2.4386746822336e-09,-3.31796622252952e-07
-1.82073773887983e-05,1.84083550619378e-06,1.50927240680125e-05,-3.60167869716789e-06,8.35326752577954e-06,-1.32630782465136e-06
3.53868544796853e-06,-3.75719539494616e-06,-3.60167869716789e-06,5.8317774532048e-06,-2.46542299904271e-06,6.88448409586214e-07
-1.11838651115451e-05,2.4386746822336e-09,8.35326752577954e-06,-2.46542299904271e-06,9.49912317535229e-06,2.85180744543633e-08
4.5162716846958e-06,-3.31796622252952e-07,-1.32630782465136e-06,6.88448409586214e-07,2.85180744543633e-08,2.18178860829568e-05
