"V1","V2","V3","V4","V5","V6","V7","V8","V9","V10","V11","V12","V13","V14","V15","V16","V17","V18","V19","V20","V21","V22","V23","V24","V25","V26","V27","V28","V29","V30","V31","V32","V33","V34","V35","V36"
-0.895133786638194,0.0403362481133088,-0.0969838617357184,0.0976155004725586,-0.0179783226717588,-0.227433282037161,0.0403362481133088,-0.0109681101456603,0.0315967884606042,-0.0106150683978189,0.0313941572981734,0.0572323480654401,-0.0969838617357184,0.0315967884606042,-0.0235795451795629,-0.00957041174753451,0.0230394277234939,0.080987133734424,0.0976155004725586,-0.0106150683978189,-0.00957041174753451,0.00290192872799336,0.00445484807448035,0.0366444092453531,-0.0179783226717588,0.0313941572981734,0.0230394277234939,0.00445484807448035,0.0452647242983243,0.0399668498286303,-0.227433282037161,0.0572323480654401,0.080987133734424,0.0366444092453531,0.0399668498286303,0.019063049842285
0.0403362481133088,-0.0109681101456603,0.0315967884606042,-0.0106150683978189,0.0313941572981734,0.0572323480654401,-0.0109681101456603,-0.230551392563832,0.0492970450712179,0.0674770166956863,0.0383279963722582,-0.0705529260766375,0.0315967884606042,0.0492970450712179,-0.0256664374449128,-0.0220122612320955,-0.0306776693243456,-0.00140307766057999,-0.0106150683978189,0.0674770166956863,-0.0220122612320955,-0.0335074146429663,-0.0215408083107613,0.0230798810454345,0.0313941572981734,0.0383279963722582,-0.0306776693243456,-0.0215408083107613,-0.0320140054705274,0.00964836093672467,0.0572323480654401,-0.0705529260766375,-0.00140307766057999,0.0230798810454345,0.00964836093672467,-0.0325446668414747
-0.0969838617357184,0.0315967884606042,-0.0235795451795629,-0.00957041174753451,0.0230394277234939,0.080987133734424,0.0315967884606042,0.0492970450712179,-0.0256664374449128,-0.0220122612320955,-0.0306776693243456,-0.00140307766057999,-0.0235795451795629,-0.0256664374449128,0.054115583491302,0.00515901892948879,-0.00605526275022993,-0.0919180362790902,-0.00957041174753451,-0.0220122612320955,0.00515901892948879,0.021304850423895,0.00814498315627498,-0.0238143156317604,0.0230394277234939,-0.0306776693243456,-0.00605526275022993,0.00814498315627498,-0.0176472152427947,-0.0405219907280846,0.080987133734424,-0.00140307766057999,-0.0919180362790902,-0.0238143156317604,-0.0405219907280846,0.0469458230735769
0.0976155004725586,-0.0106150683978189,-0.00957041174753451,0.00290192872799336,0.00445484807448035,0.0366444092453531,-0.0106150683978189,0.0674770166956863,-0.0220122612320955,-0.0335074146429663,-0.0215408083107613,0.0230798810454345,-0.00957041174753451,-0.0220122612320955,0.00515901892948879,0.021304850423895,0.00814498315627498,-0.0238143156317604,0.00290192872799336,-0.0335074146429663,0.021304850423895,0.0275939356562263,0.00709534862413588,-0.0414237499279045,0.00445484807448035,-0.0215408083107613,0.00814498315627498,0.00709534862413588,-0.00329516250252595,-0.0351516899941017,0.0366444092453531,0.0230798810454345,-0.0238143156317604,-0.0414237499279045,-0.0351516899941017,0.00847692085302813
-0.0179783226717588,0.0313941572981734,0.0230394277234939,0.00445484807448035,0.0452647242983243,0.0399668498286303,0.0313941572981734,0.0383279963722582,-0.0306776693243456,-0.0215408083107613,-0.0320140054705274,0.00964836093672467,0.0230394277234939,-0.0306776693243456,-0.00605526275022993,0.00814498315627498,-0.0176472152427947,-0.0405219907280846,0.00445484807448035,-0.0215408083107613,0.00814498315627498,0.00709534862413588,-0.00329516250252595,-0.0351516899941017,0.0452647242983243,-0.0320140054705274,-0.0176472152427947,-0.00329516250252595,-0.0358345619191669,-0.0578081919944301,0.0399668498286303,0.00964836093672467,-0.0405219907280846,-0.0351516899941017,-0.0578081919944301,-0.0630010025561596
-0.227433282037161,0.0572323480654401,0.080987133734424,0.0366444092453531,0.0399668498286303,0.019063049842285,0.0572323480654401,-0.0705529260766375,-0.00140307766057999,0.0230798810454345,0.00964836093672467,-0.0325446668414747,0.080987133734424,-0.00140307766057999,-0.0919180362790902,-0.0238143156317604,-0.0405219907280846,0.0469458230735769,0.0366444092453531,0.0230798810454345,-0.0238143156317604,-0.0414237499279045,-0.0351516899941017,0.00847692085302813,0.0399668498286303,0.00964836093672467,-0.0405219907280846,-0.0351516899941017,-0.0578081919944301,-0.0630010025561596,0.019063049842285,-0.0325446668414747,0.0469458230735769,0.00847692085302813,-0.0630010025561596,-0.409072745465889
