"Mkt.RF","SMB","HML","RMW","CMA","Mom"
1.21201903027768,-0.133461670175556,-0.119629205338189,-0.128963786352697,-0.173511794497231,-0.158606087210346
-0.133461670175556,0.338024808723199,0.0275503632647455,-0.0659057927515994,0.0143985700869482,0.0176957023407548
-0.119629205338189,0.0275503632647455,0.33650303831086,0.0134149709646156,0.122868808647803,-0.128143986061829
-0.128963786352697,-0.0659057927515994,0.0134149709646156,0.18576915892765,0.0348833299631937,0.0448668905566804
-0.173511794497231,0.0143985700869482,0.122868808647803,0.0348833299631937,0.166587284999144,0.0287558453037864
-0.158606087210346,0.0176957023407548,-0.128143986061829,0.0448668905566804,0.0287558453037864,0.632146587390721
