"V1","V2","V3","V4","V5","V6","V7","V8","V9","V10","V11","V12","V13","V14","V15","V16","V17","V18","V19","V20","V21","V22","V23","V24","V25","V26","V27","V28","V29","V30","V31","V32","V33","V34","V35","V36"
-1.37526772761495e-06,1.28726763040363e-07,-7.42708708879465e-08,1.0933170638456e-07,-1.19910898004167e-08,-3.20925323236199e-07,1.28726763040363e-07,-5.71982873333726e-09,2.61114557331227e-08,-1.46449774086243e-08,2.65736359507325e-08,4.6351643489554e-08,-7.42708708879465e-08,2.61114557331227e-08,-6.1749073219794e-09,-1.321015067911e-08,2.22065358009988e-08,2.16629458241855e-08,1.0933170638456e-07,-1.46449774086243e-08,-1.321015067911e-08,5.55587308086752e-09,6.56246752305192e-09,5.45298767698435e-08,-1.19910898004167e-08,2.65736359507325e-08,2.22065358009988e-08,6.56246752305192e-09,4.55568993024733e-08,4.1077779509439e-08,-3.20925323236199e-07,4.6351643489554e-08,2.16629458241855e-08,5.45298767698435e-08,4.1077779509439e-08,1.27365679958085e-07
1.28726763040363e-07,-5.71982873333726e-09,2.61114557331227e-08,-1.46449774086243e-08,2.65736359507325e-08,4.6351643489554e-08,-5.71982873333726e-09,-2.42231314891007e-07,5.48758592749436e-08,6.3447723702858e-08,4.07370296830024e-08,-6.84962476230768e-08,2.61114557331227e-08,5.48758592749436e-08,-1.83138856053703e-08,-2.42759309296963e-08,-3.06658391024263e-08,-1.74854360738996e-08,-1.46449774086243e-08,6.3447723702858e-08,-2.42759309296963e-08,-2.83440302632934e-08,-2.13948384578874e-08,2.38066875197557e-08,2.65736359507325e-08,4.07370296830024e-08,-3.06658391024263e-08,-2.13948384578874e-08,-3.1454621824879e-08,8.54956794145104e-09,4.6351643489554e-08,-6.84962476230768e-08,-1.74854360738996e-08,2.38066875197557e-08,8.54956794145104e-09,7.41335104464769e-09
-7.42708708879465e-08,2.61114557331227e-08,-6.1749073219794e-09,-1.321015067911e-08,2.22065358009988e-08,2.16629458241855e-08,2.61114557331227e-08,5.48758592749436e-08,-1.83138856053703e-08,-2.42759309296963e-08,-3.06658391024263e-08,-1.74854360738996e-08,-6.1749073219794e-09,-1.83138856053703e-08,5.37387742501542e-08,-1.80927902240553e-09,-1.70832251378545e-08,-1.51404123739771e-07,-1.321015067911e-08,-2.42759309296963e-08,-1.80927902240553e-09,2.11168418302095e-08,6.48441554507212e-09,-9.88266858606678e-09,2.22065358009988e-08,-3.06658391024263e-08,-1.70832251378545e-08,6.48441554507212e-09,-2.26962008879827e-08,-3.83594294640597e-08,2.16629458241855e-08,-1.74854360738996e-08,-1.51404123739771e-07,-9.88266858606678e-09,-3.83594294640597e-08,1.52916801807407e-07
1.0933170638456e-07,-1.46449774086243e-08,-1.321015067911e-08,5.55587308086752e-09,6.56246752305192e-09,5.45298767698435e-08,-1.46449774086243e-08,6.3447723702858e-08,-2.42759309296963e-08,-2.83440302632934e-08,-2.13948384578874e-08,2.38066875197557e-08,-1.321015067911e-08,-2.42759309296963e-08,-1.80927902240553e-09,2.11168418302095e-08,6.48441554507212e-09,-9.88266858606678e-09,5.55587308086752e-09,-2.83440302632934e-08,2.11168418302095e-08,1.8161204259681e-08,3.82343344998626e-09,-4.73188023452761e-08,6.56246752305192e-09,-2.13948384578874e-08,6.48441554507212e-09,3.82343344998626e-09,-6.24448129061122e-09,-3.70922686864361e-08,5.45298767698435e-08,2.38066875197557e-08,-9.88266858606678e-09,-4.73188023452761e-08,-3.70922686864361e-08,-2.34190249840906e-08
-1.19910898004167e-08,2.65736359507325e-08,2.22065358009988e-08,6.56246752305192e-09,4.55568993024733e-08,4.1077779509439e-08,2.65736359507325e-08,4.07370296830024e-08,-3.06658391024263e-08,-2.13948384578874e-08,-3.1454621824879e-08,8.54956794145104e-09,2.22065358009988e-08,-3.06658391024263e-08,-1.70832251378545e-08,6.48441554507212e-09,-2.26962008879827e-08,-3.83594294640597e-08,6.56246752305192e-09,-2.13948384578874e-08,6.48441554507212e-09,3.82343344998626e-09,-6.24448129061122e-09,-3.70922686864361e-08,4.55568993024733e-08,-3.1454621824879e-08,-2.26962008879827e-08,-6.24448129061122e-09,-4.15655284624859e-08,-6.27324044365493e-08,4.1077779509439e-08,8.54956794145104e-09,-3.83594294640597e-08,-3.70922686864361e-08,-6.27324044365493e-08,-7.66529549246502e-08
-3.20925323236199e-07,4.6351643489554e-08,2.16629458241855e-08,5.45298767698435e-08,4.1077779509439e-08,1.27365679958085e-07,4.6351643489554e-08,-6.84962476230768e-08,-1.74854360738996e-08,2.38066875197557e-08,8.54956794145104e-09,7.41335104464769e-09,2.16629458241855e-08,-1.74854360738996e-08,-1.51404123739771e-07,-9.88266858606678e-09,-3.83594294640597e-08,1.52916801807407e-07,5.45298767698435e-08,2.38066875197557e-08,-9.88266858606678e-09,-4.73188023452761e-08,-3.70922686864361e-08,-2.34190249840906e-08,4.1077779509439e-08,8.54956794145104e-09,-3.83594294640597e-08,-3.70922686864361e-08,-6.27324044365493e-08,-7.66529549246502e-08,1.27365679958085e-07,7.41335104464769e-09,1.52916801807407e-07,-2.34190249840906e-08,-7.66529549246502e-08,-6.34265932778829e-07
