"V1","V2","V3","V4","V5","V6","V7","V8","V9","V10","V11","V12","V13","V14","V15","V16","V17","V18","V19","V20","V21","V22","V23","V24","V25","V26","V27","V28","V29","V30","V31","V32","V33","V34","V35","V36"
-0.803480810875085,0.152691138393014,0.0660917372862209,0.0488576686328838,-0.00880944701443528,-0.270637880583416,0.152691138393014,-0.0467816515245727,0.0104905651119596,-0.0126414267419394,0.0185235279511344,0.0421518524608978,0.0660917372862209,0.0104905651119596,0.00720632278201584,-0.0168673777805514,0.0106875322081814,0.0286192246155802,0.0488576686328838,-0.0126414267419394,-0.0168673777805514,0.00451493361469633,-0.00946887067243009,0.0215601917200893,-0.00880944701443528,0.0185235279511344,0.0106875322081814,-0.00946887067243009,0.0105054292095528,0.00822133289144432,-0.270637880583416,0.0421518524608978,0.0286192246155802,0.0215601917200893,0.00822133289144432,-0.0302329654757514
0.152691138393014,-0.0467816515245727,0.0104905651119596,-0.0126414267419394,0.0185235279511344,0.0421518524608978,-0.0467816515245727,-0.215036662694628,0.0377030395386964,0.0541745634774108,0.0344295573934178,-0.0427600931523487,0.0104905651119596,0.0377030395386964,-0.020738933461186,-0.00769050886249764,-0.0163848463661592,0.00114188680776779,-0.0126414267419394,0.0541745634774108,-0.00769050886249764,-0.0137840059607925,-0.00904571986001439,0.00272492596951803,0.0185235279511344,0.0344295573934178,-0.0163848463661592,-0.00904571986001439,-0.0161540756158624,0.00551384757210911,0.0421518524608978,-0.0427600931523487,0.00114188680776779,0.00272492596951803,0.00551384757210911,0.0045654761304269
0.0660917372862209,0.0104905651119596,0.00720632278201584,-0.0168673777805514,0.0106875322081814,0.0286192246155802,0.0104905651119596,0.0377030395386964,-0.020738933461186,-0.00769050886249764,-0.0163848463661592,0.00114188680776779,0.00720632278201584,-0.020738933461186,0.00538384524497917,0.00762081550401183,-0.000603840195767749,-0.0212812322721153,-0.0168673777805514,-0.00769050886249764,0.00762081550401183,0.00330284847738137,0.00647885979945702,-0.00429363271704892,0.0106875322081814,-0.0163848463661592,-0.000603840195767749,0.00647885979945702,-0.00207137066962275,-0.0108901497841266,0.0286192246155802,0.00114188680776779,-0.0212812322721153,-0.00429363271704892,-0.0108901497841266,0.00509867885518633
0.0488576686328838,-0.0126414267419394,-0.0168673777805514,0.00451493361469633,-0.00946887067243009,0.0215601917200893,-0.0126414267419394,0.0541745634774108,-0.00769050886249764,-0.0137840059607925,-0.00904571986001439,0.00272492596951803,-0.0168673777805514,-0.00769050886249764,0.00762081550401183,0.00330284847738137,0.00647885979945702,-0.00429363271704892,0.00451493361469633,-0.0137840059607925,0.00330284847738137,0.0047502287906107,0.00248227190918041,-0.00690497832435569,-0.00946887067243009,-0.00904571986001439,0.00647885979945702,0.00248227190918041,0.00541252583484874,-0.00195115113730355,0.0215601917200893,0.00272492596951803,-0.00429363271704892,-0.00690497832435569,-0.00195115113730355,0.0117981392024503
-0.00880944701443528,0.0185235279511344,0.0106875322081814,-0.00946887067243009,0.0105054292095528,0.00822133289144432,0.0185235279511344,0.0344295573934178,-0.0163848463661592,-0.00904571986001439,-0.0161540756158624,0.00551384757210911,0.0106875322081814,-0.0163848463661592,-0.000603840195767749,0.00647885979945702,-0.00207137066962275,-0.0108901497841266,-0.00946887067243009,-0.00904571986001439,0.00647885979945702,0.00248227190918041,0.00541252583484874,-0.00195115113730355,0.0105054292095528,-0.0161540756158624,-0.00207137066962275,0.00541252583484874,-0.000332978125569808,-0.00758678418049687,0.00822133289144432,0.00551384757210911,-0.0108901497841266,-0.00195115113730355,-0.00758678418049687,-0.0104349642082832
-0.270637880583416,0.0421518524608978,0.0286192246155802,0.0215601917200893,0.00822133289144432,-0.0302329654757514,0.0421518524608978,-0.0427600931523487,0.00114188680776779,0.00272492596951803,0.00551384757210911,0.0045654761304269,0.0286192246155802,0.00114188680776779,-0.0212812322721153,-0.00429363271704892,-0.0108901497841266,0.00509867885518633,0.0215601917200893,0.00272492596951803,-0.00429363271704892,-0.00690497832435569,-0.00195115113730355,0.0117981392024503,0.00822133289144432,0.00551384757210911,-0.0108901497841266,-0.00195115113730355,-0.00758678418049687,-0.0104349642082832,-0.0302329654757514,0.0045654761304269,0.00509867885518633,0.0117981392024503,-0.0104349642082832,-0.0984233146187714
