"Mkt.RF","SMB","HML","RMW","CMA","MOM"
0.000127847408195793,-4.85497530957475e-06,-5.6991956845668e-06,-1.69763251726043e-05,-1.59630134775208e-05,-1.66437619062651e-05
-4.85497530957475e-06,3.51678369855705e-05,1.84018451931463e-06,-7.83168818415079e-06,6.24914807870518e-07,2.81955455850348e-07
-5.6991956845668e-06,1.84018451931463e-06,3.45089718544964e-05,1.1141128191023e-06,1.19468521586188e-05,-1.63950814191415e-05
-1.69763251726043e-05,-7.83168818415079e-06,1.1141128191023e-06,2.00698145895386e-05,4.11954989578409e-06,5.45417187206845e-06
-1.59630134775208e-05,6.24914807870518e-07,1.19468521586188e-05,4.11954989578409e-06,1.65772807810019e-05,1.74136439546392e-06
-1.66437619062651e-05,2.81955455850348e-07,-1.63950814191415e-05,5.45417187206845e-06,1.74136439546392e-06,7.04892062665579e-05
