"V1","V2","V3","V4","V5","V6","V7","V8","V9","V10","V11","V12","V13","V14","V15","V16","V17","V18","V19","V20","V21","V22","V23","V24","V25","V26","V27","V28","V29","V30","V31","V32","V33","V34","V35","V36"
-1.01350134045208e-06,1.99749616575392e-07,7.31197717632618e-08,3.99952201035494e-08,-1.75781490157782e-08,-3.26802498291479e-07,1.99749616575392e-07,-5.82409193031133e-08,1.63152968280379e-09,-1.52517164945092e-08,1.25418914686701e-08,4.50442213182239e-08,7.31197717632618e-08,1.63152968280379e-09,9.84913893811939e-09,-1.12279395123655e-08,1.40695814159668e-08,3.12922667545644e-08,3.99952201035494e-08,-1.52517164945092e-08,-1.12279395123655e-08,6.06367250156864e-09,-4.93119843000474e-09,1.77598321997589e-08,-1.75781490157782e-08,1.25418914686701e-08,1.40695814159668e-08,-4.93119843000474e-09,1.42991041055735e-08,1.00942611716602e-08,-3.26802498291479e-07,4.50442213182239e-08,3.12922667545644e-08,1.77598321997589e-08,1.00942611716602e-08,-4.45325389788791e-08
1.99749616575392e-07,-5.82409193031133e-08,1.63152968280379e-09,-1.52517164945092e-08,1.25418914686701e-08,4.50442213182239e-08,-5.82409193031133e-08,-2.61980068073732e-07,4.53741670049763e-08,5.94914120281105e-08,4.10635943392833e-08,-4.6732819704858e-08,1.63152968280379e-09,4.53741670049763e-08,-1.68818120487494e-08,-6.2171152314297e-09,-1.36237389464636e-08,-2.37200758478943e-09,-1.52517164945092e-08,5.94914120281105e-08,-6.2171152314297e-09,-1.36551827239389e-08,-7.51418536287755e-09,2.12287375361005e-09,1.25418914686701e-08,4.10635943392833e-08,-1.36237389464636e-08,-7.51418536287755e-09,-1.23789500515662e-08,5.07526096827289e-09,4.50442213182239e-08,-4.6732819704858e-08,-2.37200758478943e-09,2.12287375361005e-09,5.07526096827289e-09,-2.23723074930439e-09
7.31197717632618e-08,1.63152968280379e-09,9.84913893811939e-09,-1.12279395123655e-08,1.40695814159668e-08,3.12922667545644e-08,1.63152968280379e-09,4.53741670049763e-08,-1.68818120487494e-08,-6.2171152314297e-09,-1.36237389464636e-08,-2.37200758478943e-09,9.84913893811939e-09,-1.68818120487494e-08,1.91286218175128e-09,2.96862114313627e-09,-4.36823282636847e-09,-1.60673365627865e-08,-1.12279395123655e-08,-6.2171152314297e-09,2.96862114313627e-09,1.00574163955265e-09,3.05311016021275e-09,4.67669745414227e-10,1.40695814159668e-08,-1.36237389464636e-08,-4.36823282636847e-09,3.05311016021275e-09,-5.08633079933594e-09,-8.68149178249067e-09,3.12922667545644e-08,-2.37200758478943e-09,-1.60673365627865e-08,4.67669745414227e-10,-8.68149178249067e-09,-7.03646166212865e-10
3.99952201035494e-08,-1.52517164945092e-08,-1.12279395123655e-08,6.06367250156864e-09,-4.93119843000474e-09,1.77598321997589e-08,-1.52517164945092e-08,5.94914120281105e-08,-6.2171152314297e-09,-1.36551827239389e-08,-7.51418536287755e-09,2.12287375361005e-09,-1.12279395123655e-08,-6.2171152314297e-09,2.96862114313627e-09,1.00574163955265e-09,3.05311016021275e-09,4.67669745414227e-10,6.06367250156864e-09,-1.36551827239389e-08,1.00574163955265e-09,3.89070249693934e-09,1.15559236734766e-09,-4.3421599905412e-09,-4.93119843000474e-09,-7.51418536287755e-09,3.05311016021275e-09,1.15559236734766e-09,2.67249425940702e-09,1.50916828675992e-09,1.77598321997589e-08,2.12287375361005e-09,4.67669745414227e-10,-4.3421599905412e-09,1.50916828675992e-09,5.63585140190853e-09
-1.75781490157782e-08,1.25418914686701e-08,1.40695814159668e-08,-4.93119843000474e-09,1.42991041055735e-08,1.00942611716602e-08,1.25418914686701e-08,4.10635943392833e-08,-1.36237389464636e-08,-7.51418536287755e-09,-1.23789500515662e-08,5.07526096827289e-09,1.40695814159668e-08,-1.36237389464636e-08,-4.36823282636847e-09,3.05311016021275e-09,-5.08633079933594e-09,-8.68149178249067e-09,-4.93119843000474e-09,-7.51418536287755e-09,3.05311016021275e-09,1.15559236734766e-09,2.67249425940702e-09,1.50916828675992e-09,1.42991041055735e-08,-1.23789500515662e-08,-5.08633079933594e-09,2.67249425940702e-09,-3.02934627660417e-09,-7.53003881610482e-09,1.00942611716602e-08,5.07526096827289e-09,-8.68149178249067e-09,1.50916828675992e-09,-7.53003881610482e-09,-1.23525022326455e-08
-3.26802498291479e-07,4.50442213182239e-08,3.12922667545644e-08,1.77598321997589e-08,1.00942611716602e-08,-4.45325389788791e-08,4.50442213182239e-08,-4.6732819704858e-08,-2.37200758478943e-09,2.12287375361005e-09,5.07526096827289e-09,-2.23723074930439e-09,3.12922667545644e-08,-2.37200758478943e-09,-1.60673365627865e-08,4.67669745414227e-10,-8.68149178249067e-09,-7.03646166212865e-10,1.77598321997589e-08,2.12287375361005e-09,4.67669745414227e-10,-4.3421599905412e-09,1.50916828675992e-09,5.63585140190853e-09,1.00942611716602e-08,5.07526096827289e-09,-8.68149178249067e-09,1.50916828675992e-09,-7.53003881610482e-09,-1.23525022326455e-08,-4.45325389788791e-08,-2.23723074930439e-09,-7.03646166212865e-10,5.63585140190853e-09,-1.23525022326455e-08,-8.91034282230797e-08
