"Mkt.RF","SMB","HML","RMW","CMA","MOM"
0.000126400545635219,-8.5634857293787e-06,-7.55196543695831e-06,-1.61117064346226e-05,-1.61373765150166e-05,-1.62676227182647e-05
-8.5634857293787e-06,3.42312161675349e-05,2.45018505781784e-06,-7.10105071028473e-06,9.17170025121863e-07,1.06850079982265e-06
-7.55196543695831e-06,2.45018505781784e-06,3.29791862805677e-05,1.14469472268242e-06,1.15537593107804e-05,-1.43061723656365e-05
-1.61117064346226e-05,-7.10105071028473e-06,1.14469472268242e-06,1.91875942187957e-05,3.88384838567335e-06,5.47235098652843e-06
-1.61373765150166e-05,9.17170025121863e-07,1.15537593107804e-05,3.88384838567335e-06,1.63377700728174e-05,2.57904342058459e-06
-1.62676227182647e-05,1.06850079982265e-06,-1.43061723656365e-05,5.47235098652843e-06,2.57904342058459e-06,6.49722154864937e-05
