"Mkt.RF","SMB","HML","RMW","CMA","MOM"
9.12890515211214e-05,-1.76347085293056e-05,-2.62342379663013e-05,-8.57962326966774e-06,-1.70781815301345e-05,4.57725355395525e-06
-1.76347085293056e-05,2.99718067633607e-05,1.49532669810713e-06,-6.57692916845275e-06,1.09400381981474e-06,3.7794295952396e-06
-2.62342379663013e-05,1.49532669810713e-06,2.19294056606958e-05,4.04969618612718e-06,1.29289449542499e-05,-1.40454381636831e-06
-8.57962326966774e-06,-6.57692916845275e-06,4.04969618612718e-06,1.6902058898581e-05,3.19205870595109e-06,1.45185124259292e-06
-1.70781815301345e-05,1.09400381981474e-06,1.29289449542499e-05,3.19205870595109e-06,1.58534842943457e-05,1.10433896049736e-06
4.57725355395525e-06,3.7794295952396e-06,-1.40454381636831e-06,1.45185124259292e-06,1.10433896049736e-06,3.98396749249104e-05
