"V1","V2","V3","V4","V5","V6","V7","V8","V9","V10","V11","V12","V13","V14","V15","V16","V17","V18","V19","V20","V21","V22","V23","V24","V25","V26","V27","V28","V29","V30","V31","V32","V33","V34","V35","V36"
-0.93468843293589,0.0783361896520936,-0.0587518534350191,0.103127028034916,-0.0164539610277604,-0.277534068530367,0.0783361896520936,-0.00462780214654169,0.029331125581262,-0.0123145802087209,0.0271151082989351,0.0374336455037804,-0.0587518534350191,0.029331125581262,0.00706052020577837,-0.019072401473194,0.0161250098691704,0.0062389483620738,0.103127028034916,-0.0123145802087209,-0.019072401473194,0.00138315088304503,0.00413528330615798,0.0473791410632205,-0.0164539610277604,0.0271151082989351,0.0161250098691704,0.00413528330615798,0.0413080497475766,0.0327720186514102,-0.277534068530367,0.0374336455037804,0.0062389483620738,0.0473791410632205,0.0327720186514102,0.112405307130771
0.0783361896520936,-0.00462780214654169,0.029331125581262,-0.0123145802087209,0.0271151082989351,0.0374336455037804,-0.00462780214654169,-0.192372229802462,0.0539341758908493,0.0588848451913856,0.0374256821927317,-0.06436884585433,0.029331125581262,0.0539341758908493,-0.0165491183779613,-0.0252461279916373,-0.0297581843149401,-0.0145390652819225,-0.0123145802087209,0.0588848451913856,-0.0252461279916373,-0.0299215416371666,-0.0216458913377861,0.0233403468697567,0.0271151082989351,0.0374256821927317,-0.0297581843149401,-0.0216458913377861,-0.0302208622926791,0.00940589224024945,0.0374336455037804,-0.06436884585433,-0.0145390652819225,0.0233403468697567,0.00940589224024945,0.00160450594951049
-0.0587518534350191,0.029331125581262,0.00706052020577837,-0.019072401473194,0.0161250098691704,0.0062389483620738,0.029331125581262,0.0539341758908493,-0.0165491183779613,-0.0252461279916373,-0.0297581843149401,-0.0145390652819225,0.00706052020577837,-0.0165491183779613,0.0822933760511908,0.00204973704261139,-0.0098912416313365,-0.151793656184781,-0.019072401473194,-0.0252461279916373,0.00204973704261139,0.0267617761374174,0.0110574526349271,-0.0112902417942547,0.0161250098691704,-0.0297581843149401,-0.0098912416313365,0.0110574526349271,-0.0146961896450199,-0.0339378501560668,0.0062389483620738,-0.0145390652819225,-0.151793656184781,-0.0112902417942547,-0.0339378501560668,0.147891618562326
0.103127028034916,-0.0123145802087209,-0.019072401473194,0.00138315088304503,0.00413528330615798,0.0473791410632205,-0.0123145802087209,0.0588848451913856,-0.0252461279916373,-0.0299215416371666,-0.0216458913377861,0.0233403468697567,-0.019072401473194,-0.0252461279916373,0.00204973704261139,0.0267617761374174,0.0110574526349271,-0.0112902417942547,0.00138315088304503,-0.0299215416371666,0.0267617761374174,0.0264734872589825,0.0079510642603041,-0.0444918131946372,0.00413528330615798,-0.0216458913377861,0.0110574526349271,0.0079510642603041,-0.00214663140167944,-0.0348202911562538,0.0473791410632205,0.0233403468697567,-0.0112902417942547,-0.0444918131946372,-0.0348202911562538,-0.00674584079652651
-0.0164539610277604,0.0271151082989351,0.0161250098691704,0.00413528330615798,0.0413080497475766,0.0327720186514102,0.0271151082989351,0.0374256821927317,-0.0297581843149401,-0.0216458913377861,-0.0302208622926791,0.00940589224024945,0.0161250098691704,-0.0297581843149401,-0.0098912416313365,0.0110574526349271,-0.0146961896450199,-0.0339378501560668,0.00413528330615798,-0.0216458913377861,0.0110574526349271,0.0079510642603041,-0.00214663140167944,-0.0348202911562538,0.0413080497475766,-0.0302208622926791,-0.0146961896450199,-0.00214663140167944,-0.0327769055529332,-0.0559443767604124,0.0327720186514102,0.00940589224024945,-0.0339378501560668,-0.0348202911562538,-0.0559443767604124,-0.0602986986686791
-0.277534068530367,0.0374336455037804,0.0062389483620738,0.0473791410632205,0.0327720186514102,0.112405307130771,0.0374336455037804,-0.06436884585433,-0.0145390652819225,0.0233403468697567,0.00940589224024945,0.00160450594951049,0.0062389483620738,-0.0145390652819225,-0.151793656184781,-0.0112902417942547,-0.0339378501560668,0.147891618562326,0.0473791410632205,0.0233403468697567,-0.0112902417942547,-0.0444918131946372,-0.0348202911562538,-0.00674584079652651,0.0327720186514102,0.00940589224024945,-0.0339378501560668,-0.0348202911562538,-0.0559443767604124,-0.0602986986686791,0.112405307130771,0.00160450594951049,0.147891618562326,-0.00674584079652651,-0.0602986986686791,-0.532887914565575
