"V1","V2","V3","V4","V5","V6","V7","V8","V9","V10","V11","V12","V13","V14","V15","V16","V17","V18","V19","V20","V21","V22","V23","V24","V25","V26","V27","V28","V29","V30","V31","V32","V33","V34","V35","V36"
-0.930282719754672,0.0797347254931994,-0.0546469060260853,0.0992476749146805,-0.0159736285100546,-0.282657426530578,0.0797347254931994,-0.00557917030478604,0.0280119513343587,-0.0134894856155976,0.0258949323953842,0.0372887354811606,-0.0546469060260853,0.0280119513343587,0.00758205267366307,-0.0184570802601156,0.0160401975204094,0.00511991108538576,0.0992476749146805,-0.0134894856155976,-0.0184570802601156,0.00281875510823667,0.00471214981061018,0.0494880165164504,-0.0159736285100546,0.0258949323953842,0.0160401975204094,0.00471214981061018,0.0411945696886504,0.033850587428008,-0.282657426530578,0.0372887354811606,0.00511991108538576,0.0494880165164504,0.033850587428008,0.11045655181713
0.0797347254931994,-0.00557917030478604,0.0280119513343587,-0.0134894856155976,0.0258949323953842,0.0372887354811606,-0.00557917030478604,-0.193288241039322,0.054071003616953,0.0586766325249516,0.0376236020056294,-0.0665658109077838,0.0280119513343587,0.054071003616953,-0.0160843558143301,-0.0247062904374295,-0.0297977391069957,-0.0148883045124888,-0.0134894856155976,0.0586766325249516,-0.0247062904374295,-0.0298423254151668,-0.0212393740002955,0.0241798505877208,0.0258949323953842,0.0376236020056294,-0.0297977391069957,-0.0212393740002955,-0.0303738867548615,0.00993484626346204,0.0372887354811606,-0.0665658109077838,-0.0148883045124888,0.0241798505877208,0.00993484626346204,0.007200725885772
-0.0546469060260853,0.0280119513343587,0.00758205267366307,-0.0184570802601156,0.0160401975204094,0.00511991108538576,0.0280119513343587,0.054071003616953,-0.0160843558143301,-0.0247062904374295,-0.0297977391069957,-0.0148883045124888,0.00758205267366307,-0.0160843558143301,0.0804525996954436,0.000423771203364291,-0.0105153527418358,-0.150526693930485,-0.0184570802601156,-0.0247062904374295,0.000423771203364291,0.0256308954350849,0.0101215681869947,-0.00957957496904879,0.0160401975204094,-0.0297977391069957,-0.0105153527418358,0.0101215681869947,-0.0155489892184118,-0.0330535394733081,0.00511991108538576,-0.0148883045124888,-0.150526693930485,-0.00957957496904879,-0.0330535394733081,0.145806560734281
0.0992476749146805,-0.0134894856155976,-0.0184570802601156,0.00281875510823667,0.00471214981061018,0.0494880165164504,-0.0134894856155976,0.0586766325249516,-0.0247062904374295,-0.0298423254151668,-0.0212393740002955,0.0241798505877208,-0.0184570802601156,-0.0247062904374295,0.000423771203364291,0.0256308954350849,0.0101215681869947,-0.00957957496904879,0.00281875510823667,-0.0298423254151668,0.0256308954350849,0.0259040044381542,0.007415604988935,-0.0452981756419328,0.00471214981061018,-0.0212393740002955,0.0101215681869947,0.007415604988935,-0.00246583352464332,-0.0345772861607737,0.0494880165164504,0.0241798505877208,-0.00957957496904879,-0.0452981756419328,-0.0345772861607737,-0.0118526424194403
-0.0159736285100546,0.0258949323953842,0.0160401975204094,0.00471214981061018,0.0411945696886504,0.033850587428008,0.0258949323953842,0.0376236020056294,-0.0297977391069957,-0.0212393740002955,-0.0303738867548615,0.00993484626346204,0.0160401975204094,-0.0297977391069957,-0.0105153527418358,0.0101215681869947,-0.0155489892184118,-0.0330535394733081,0.00471214981061018,-0.0212393740002955,0.0101215681869947,0.007415604988935,-0.00246583352464332,-0.0345772861607737,0.0411945696886504,-0.0303738867548615,-0.0155489892184118,-0.00246583352464332,-0.0334439175892701,-0.0554149297466681,0.033850587428008,0.00993484626346204,-0.0330535394733081,-0.0345772861607737,-0.0554149297466681,-0.0627394172016711
-0.282657426530578,0.0372887354811606,0.00511991108538576,0.0494880165164504,0.033850587428008,0.11045655181713,0.0372887354811606,-0.0665658109077838,-0.0148883045124888,0.0241798505877208,0.00993484626346204,0.007200725885772,0.00511991108538576,-0.0148883045124888,-0.150526693930485,-0.00957957496904879,-0.0330535394733081,0.145806560734281,0.0494880165164504,0.0241798505877208,-0.00957957496904879,-0.0452981756419328,-0.0345772861607737,-0.0118526424194403,0.033850587428008,0.00993484626346204,-0.0330535394733081,-0.0345772861607737,-0.0554149297466681,-0.0627394172016711,0.11045655181713,0.007200725885772,0.145806560734281,-0.0118526424194403,-0.0627394172016711,-0.530518754608238
