"V1","V2","V3","V4","V5","V6","V7","V8","V9","V10","V11","V12","V13","V14","V15","V16","V17","V18","V19","V20","V21","V22","V23","V24","V25","V26","V27","V28","V29","V30","V31","V32","V33","V34","V35","V36"
-0.74637558463526,0.160295007658163,0.0586398170185069,0.0361146496798213,-0.0199630852914037,-0.274582926986104,0.160295007658163,-0.0563044220252012,0.00454341840889373,-0.0149481522685896,0.0129909628228868,0.0436173655248704,0.0586398170185069,0.00454341840889373,0.0063302998922393,-0.0115295795694269,0.0127220326066511,0.0275881458352463,0.0361146496798213,-0.0149481522685896,-0.0115295795694269,0.00613859809972779,-0.00522160719997651,0.0170041991106893,-0.0199630852914037,0.0129909628228868,0.0127220326066511,-0.00522160719997651,0.0136632714704817,0.00909387163123803,-0.274582926986104,0.0436173655248704,0.0275881458352463,0.0170041991106893,0.00909387163123803,-0.0326170268979425
0.160295007658163,-0.0563044220252012,0.00454341840889373,-0.0149481522685896,0.0129909628228868,0.0436173655248704,-0.0563044220252012,-0.215769852410992,0.0425599136085138,0.0545248360435337,0.0364890900951285,-0.0456823220066035,0.00454341840889373,0.0425599136085138,-0.0172052022851555,-0.00652949479497273,-0.0135664873720984,-0.000749246283957772,-0.0149481522685896,0.0545248360435337,-0.00652949479497273,-0.0135622094111763,-0.00726278875680319,0.00145750224765184,0.0129909628228868,0.0364890900951285,-0.0135664873720984,-0.00726278875680319,-0.0119672037647751,0.00508659747789849,0.0436173655248704,-0.0456823220066035,-0.000749246283957772,0.00145750224765184,0.00508659747789849,0.000966922200334306
0.0586398170185069,0.00454341840889373,0.0063302998922393,-0.0115295795694269,0.0127220326066511,0.0275881458352463,0.00454341840889373,0.0425599136085138,-0.0172052022851555,-0.00652949479497273,-0.0135664873720984,-0.000749246283957772,0.0063302998922393,-0.0172052022851555,0.00571402427562455,0.00347920017826999,-0.00181268962147986,-0.0169891604506259,-0.0115295795694269,-0.00652949479497273,0.00347920017826999,0.00168439488524238,0.00312794530491938,0.000539334814918741,0.0127220326066511,-0.0135664873720984,-0.00181268962147986,0.00312794530491938,-0.00336623026217357,-0.0085351046680295,0.0275881458352463,-0.000749246283957772,-0.0169891604506259,0.000539334814918741,-0.0085351046680295,-0.000352373787248674
0.0361146496798213,-0.0149481522685896,-0.0115295795694269,0.00613859809972779,-0.00522160719997651,0.0170041991106893,-0.0149481522685896,0.0545248360435337,-0.00652949479497273,-0.0135622094111763,-0.00726278875680319,0.00145750224765184,-0.0115295795694269,-0.00652949479497273,0.00347920017826999,0.00168439488524238,0.00312794530491938,0.000539334814918741,0.00613859809972779,-0.0135622094111763,0.00168439488524238,0.00408748433951782,0.00147790288170932,-0.00453320139258499,-0.00522160719997651,-0.00726278875680319,0.00312794530491938,0.00147790288170932,0.00240800928517026,0.00158698479723204,0.0170041991106893,0.00145750224765184,0.000539334814918741,-0.00453320139258499,0.00158698479723204,0.00487878248065008
-0.0199630852914037,0.0129909628228868,0.0127220326066511,-0.00522160719997651,0.0136632714704817,0.00909387163123803,0.0129909628228868,0.0364890900951285,-0.0135664873720984,-0.00726278875680319,-0.0119672037647751,0.00508659747789849,0.0127220326066511,-0.0135664873720984,-0.00181268962147986,0.00312794530491938,-0.00336623026217357,-0.0085351046680295,-0.00522160719997651,-0.00726278875680319,0.00312794530491938,0.00147790288170932,0.00240800928517026,0.00158698479723204,0.0136632714704817,-0.0119672037647751,-0.00336623026217357,0.00240800928517026,-0.00182078859892064,-0.00735172671429018,0.00909387163123803,0.00508659747789849,-0.0085351046680295,0.00158698479723204,-0.00735172671429018,-0.0121260081600345
-0.274582926986104,0.0436173655248704,0.0275881458352463,0.0170041991106893,0.00909387163123803,-0.0326170268979425,0.0436173655248704,-0.0456823220066035,-0.000749246283957772,0.00145750224765184,0.00508659747789849,0.000966922200334306,0.0275881458352463,-0.000749246283957772,-0.0169891604506259,0.000539334814918741,-0.0085351046680295,-0.000352373787248674,0.0170041991106893,0.00145750224765184,0.000539334814918741,-0.00453320139258499,0.00158698479723204,0.00487878248065008,0.00909387163123803,0.00508659747789849,-0.0085351046680295,0.00158698479723204,-0.00735172671429018,-0.0121260081600345,-0.0326170268979425,0.000966922200334306,-0.000352373787248674,0.00487878248065008,-0.0121260081600345,-0.0839810365594336
