"V1","V2","V3","V4","V5","V6","V7","V8","V9","V10","V11","V12","V13","V14","V15","V16","V17","V18","V19","V20","V21","V22","V23","V24","V25","V26","V27","V28","V29","V30","V31","V32","V33","V34","V35","V36"
-1.40228119777813e-06,1.29102146127913e-07,-6.26832771606106e-08,1.15672612195364e-07,-4.18249344562936e-09,-3.12955441837323e-07,1.29102146127913e-07,-9.56194443514643e-09,2.52319579803646e-08,-1.36798021437491e-08,2.57452023354699e-08,4.19366466079947e-08,-6.26832771606106e-08,2.52319579803646e-08,-1.01186214643211e-08,-1.47025899761288e-08,1.86381911896316e-08,1.61974128463514e-08,1.15672612195364e-07,-1.36798021437491e-08,-1.47025899761288e-08,3.415688773737e-09,5.16995019671059e-09,5.33332033264367e-08,-4.18249344562936e-09,2.57452023354699e-08,1.86381911896316e-08,5.16995019671059e-09,4.24834414365633e-08,3.71426144686446e-08,-3.12955441837323e-07,4.19366466079947e-08,1.61974128463514e-08,5.33332033264367e-08,3.71426144686446e-08,1.1864838688566e-07
1.29102146127913e-07,-9.56194443514643e-09,2.52319579803646e-08,-1.36798021437491e-08,2.57452023354699e-08,4.19366466079947e-08,-9.56194443514643e-09,-2.40475874258544e-07,5.74338159859096e-08,6.41026627381585e-08,4.21306380174768e-08,-6.86844439199391e-08,2.52319579803646e-08,5.74338159859096e-08,-1.83864100248144e-08,-2.47201511056184e-08,-3.05747916472212e-08,-1.48595862137202e-08,-1.36798021437491e-08,6.41026627381585e-08,-2.47201511056184e-08,-2.9487509723271e-08,-2.16440440565095e-08,2.47128058816639e-08,2.57452023354699e-08,4.21306380174768e-08,-3.05747916472212e-08,-2.16440440565095e-08,-3.14430485632895e-08,9.54015585861407e-09,4.19366466079947e-08,-6.86844439199391e-08,-1.48595862137202e-08,2.47128058816639e-08,9.54015585861407e-09,4.87642666445281e-09
-6.26832771606106e-08,2.52319579803646e-08,-1.01186214643211e-08,-1.47025899761288e-08,1.86381911896316e-08,1.61974128463514e-08,2.52319579803646e-08,5.74338159859096e-08,-1.83864100248144e-08,-2.47201511056184e-08,-3.05747916472212e-08,-1.48595862137202e-08,-1.01186214643211e-08,-1.83864100248144e-08,5.95531389187136e-08,-1.63641724192375e-10,-1.38179330791257e-08,-1.49788257366729e-07,-1.47025899761288e-08,-2.47201511056184e-08,-1.63641724192375e-10,2.25060234329088e-08,7.47587033462447e-09,-1.02868266718753e-08,1.86381911896316e-08,-3.05747916472212e-08,-1.38179330791257e-08,7.47587033462447e-09,-1.99971322824671e-08,-3.65362390485947e-08,1.61974128463514e-08,-1.48595862137202e-08,-1.49788257366729e-07,-1.02868266718753e-08,-3.65362390485947e-08,1.59466363107202e-07
1.15672612195364e-07,-1.36798021437491e-08,-1.47025899761288e-08,3.415688773737e-09,5.16995019671059e-09,5.33332033264367e-08,-1.36798021437491e-08,6.41026627381585e-08,-2.47201511056184e-08,-2.9487509723271e-08,-2.16440440565095e-08,2.47128058816639e-08,-1.47025899761288e-08,-2.47201511056184e-08,-1.63641724192375e-10,2.25060234329088e-08,7.47587033462447e-09,-1.02868266718753e-08,3.415688773737e-09,-2.9487509723271e-08,2.25060234329088e-08,1.97843791530983e-08,4.72963984617618e-09,-4.76260915904529e-08,5.16995019671059e-09,-2.16440440565095e-08,7.47587033462447e-09,4.72963984617618e-09,-5.41532266556048e-09,-3.70170136483485e-08,5.33332033264367e-08,2.47128058816639e-08,-1.02868266718753e-08,-4.76260915904529e-08,-3.70170136483485e-08,-2.09295006358727e-08
-4.18249344562936e-09,2.57452023354699e-08,1.86381911896316e-08,5.16995019671059e-09,4.24834414365633e-08,3.71426144686446e-08,2.57452023354699e-08,4.21306380174768e-08,-3.05747916472212e-08,-2.16440440565095e-08,-3.14430485632895e-08,9.54015585861407e-09,1.86381911896316e-08,-3.05747916472212e-08,-1.38179330791257e-08,7.47587033462447e-09,-1.99971322824671e-08,-3.65362390485947e-08,5.16995019671059e-09,-2.16440440565095e-08,7.47587033462447e-09,4.72963984617618e-09,-5.41532266556048e-09,-3.70170136483485e-08,4.24834414365633e-08,-3.14430485632895e-08,-1.99971322824671e-08,-5.41532266556048e-09,-3.9213159667313e-08,-6.12611813940404e-08,3.71426144686446e-08,9.54015585861407e-09,-3.65362390485947e-08,-3.70170136483485e-08,-6.12611813940404e-08,-7.31467694098159e-08
-3.12955441837323e-07,4.19366466079947e-08,1.61974128463514e-08,5.33332033264367e-08,3.71426144686446e-08,1.1864838688566e-07,4.19366466079947e-08,-6.86844439199391e-08,-1.48595862137202e-08,2.47128058816639e-08,9.54015585861407e-09,4.87642666445281e-09,1.61974128463514e-08,-1.48595862137202e-08,-1.49788257366729e-07,-1.02868266718753e-08,-3.65362390485947e-08,1.59466363107202e-07,5.33332033264367e-08,2.47128058816639e-08,-1.02868266718753e-08,-4.76260915904529e-08,-3.70170136483485e-08,-2.09295006358727e-08,3.71426144686446e-08,9.54015585861407e-09,-3.65362390485947e-08,-3.70170136483485e-08,-6.12611813940404e-08,-7.31467694098159e-08,1.1864838688566e-07,4.87642666445281e-09,1.59466363107202e-07,-2.09295006358727e-08,-7.31467694098159e-08,-6.34761678788674e-07
