"V1","V2","V3","V4","V5","V6","V7","V8","V9","V10","V11","V12","V13","V14","V15","V16","V17","V18","V19","V20","V21","V22","V23","V24","V25","V26","V27","V28","V29","V30","V31","V32","V33","V34","V35","V36"
-1.29652128870181e-06,1.13467209972962e-07,-5.8874332556124e-08,9.65855028725125e-08,-4.320670238428e-09,-3.19792470027387e-07,1.13467209972962e-07,-3.68456572582141e-10,3.56659229734745e-08,-1.49617146827999e-08,3.21984412922123e-08,4.96537429987606e-08,-5.8874332556124e-08,3.56659229734745e-08,-9.4374829793408e-09,-1.41067941943733e-08,2.08716857590106e-08,2.49821693706011e-08,9.65855028725125e-08,-1.49617146827999e-08,-1.41067941943733e-08,7.34050589909459e-09,5.58116717364927e-09,5.31853971742809e-08,-4.320670238428e-09,3.21984412922123e-08,2.08716857590106e-08,5.58116717364927e-09,4.58178855587897e-08,4.22901218703849e-08,-3.19792470027387e-07,4.96537429987606e-08,2.49821693706011e-08,5.31853971742809e-08,4.22901218703849e-08,1.28922679352771e-07
1.13467209972962e-07,-3.68456572582141e-10,3.56659229734745e-08,-1.49617146827999e-08,3.21984412922123e-08,4.96537429987606e-08,-3.68456572582141e-10,-2.52061287772585e-07,5.35503763772809e-08,6.46571244440505e-08,4.07221168003859e-08,-6.74998714615972e-08,3.56659229734745e-08,5.35503763772809e-08,-2.19191306009148e-08,-2.3846125989813e-08,-3.25457543260854e-08,-1.44537774383945e-08,-1.49617146827999e-08,6.46571244440505e-08,-2.3846125989813e-08,-2.94800121572289e-08,-2.14343658154097e-08,2.08561373528566e-08,3.21984412922123e-08,4.07221168003859e-08,-3.25457543260854e-08,-2.14343658154097e-08,-3.30480956525097e-08,9.05055926680149e-09,4.96537429987606e-08,-6.74998714615972e-08,-1.44537774383945e-08,2.08561373528566e-08,9.05055926680149e-09,-8.30425751587886e-10
-5.8874332556124e-08,3.56659229734745e-08,-9.4374829793408e-09,-1.41067941943733e-08,2.08716857590106e-08,2.49821693706011e-08,3.56659229734745e-08,5.35503763772809e-08,-2.19191306009148e-08,-2.3846125989813e-08,-3.25457543260854e-08,-1.44537774383945e-08,-9.4374829793408e-09,-2.19191306009148e-08,5.84088998517694e-08,-2.87795724308952e-09,-1.54672897742544e-08,-1.51119040871049e-07,-1.41067941943733e-08,-2.3846125989813e-08,-2.87795724308952e-09,2.05927263396507e-08,6.1939158571963e-09,-1.18863294398634e-08,2.08716857590106e-08,-3.25457543260854e-08,-1.54672897742544e-08,6.1939158571963e-09,-2.26194787726553e-08,-3.81194777948638e-08,2.49821693706011e-08,-1.44537774383945e-08,-1.51119040871049e-07,-1.18863294398634e-08,-3.81194777948638e-08,1.52163807930304e-07
9.65855028725125e-08,-1.49617146827999e-08,-1.41067941943733e-08,7.34050589909459e-09,5.58116717364927e-09,5.31853971742809e-08,-1.49617146827999e-08,6.46571244440505e-08,-2.3846125989813e-08,-2.94800121572289e-08,-2.14343658154097e-08,2.08561373528566e-08,-1.41067941943733e-08,-2.3846125989813e-08,-2.87795724308952e-09,2.05927263396507e-08,6.1939158571963e-09,-1.18863294398634e-08,7.34050589909459e-09,-2.94800121572289e-08,2.05927263396507e-08,1.89013663015507e-08,3.67030805245197e-09,-4.54122822376352e-08,5.58116717364927e-09,-2.14343658154097e-08,6.1939158571963e-09,3.67030805245197e-09,-6.27049071550362e-09,-3.77480275302702e-08,5.31853971742809e-08,2.08561373528566e-08,-1.18863294398634e-08,-4.54122822376352e-08,-3.77480275302702e-08,-1.9993181580477e-08
-4.320670238428e-09,3.21984412922123e-08,2.08716857590106e-08,5.58116717364927e-09,4.58178855587897e-08,4.22901218703849e-08,3.21984412922123e-08,4.07221168003859e-08,-3.25457543260854e-08,-2.14343658154097e-08,-3.30480956525097e-08,9.05055926680149e-09,2.08716857590106e-08,-3.25457543260854e-08,-1.54672897742544e-08,6.1939158571963e-09,-2.26194787726553e-08,-3.81194777948638e-08,5.58116717364927e-09,-2.14343658154097e-08,6.1939158571963e-09,3.67030805245197e-09,-6.27049071550362e-09,-3.77480275302702e-08,4.58178855587897e-08,-3.30480956525097e-08,-2.26194787726553e-08,-6.27049071550362e-09,-4.21001382667593e-08,-6.30311338071303e-08,4.22901218703849e-08,9.05055926680149e-09,-3.81194777948638e-08,-3.77480275302702e-08,-6.30311338071303e-08,-7.94331824652863e-08
-3.19792470027387e-07,4.96537429987606e-08,2.49821693706011e-08,5.31853971742809e-08,4.22901218703849e-08,1.28922679352771e-07,4.96537429987606e-08,-6.74998714615972e-08,-1.44537774383945e-08,2.08561373528566e-08,9.05055926680149e-09,-8.30425751587886e-10,2.49821693706011e-08,-1.44537774383945e-08,-1.51119040871049e-07,-1.18863294398634e-08,-3.81194777948638e-08,1.52163807930304e-07,5.31853971742809e-08,2.08561373528566e-08,-1.18863294398634e-08,-4.54122822376352e-08,-3.77480275302702e-08,-1.9993181580477e-08,4.22901218703849e-08,9.05055926680149e-09,-3.81194777948638e-08,-3.77480275302702e-08,-6.30311338071303e-08,-7.94331824652863e-08,1.28922679352771e-07,-8.30425751587886e-10,1.52163807930304e-07,-1.9993181580477e-08,-7.94331824652863e-08,-6.49985481226333e-07
