"V1","V2","V3","V4","V5","V6","V7","V8","V9","V10","V11","V12","V13","V14","V15","V16","V17","V18","V19","V20","V21","V22","V23","V24","V25","V26","V27","V28","V29","V30","V31","V32","V33","V34","V35","V36"
-1.36889513477165e-06,1.22885480338218e-07,-7.21848951956925e-08,1.08914910662456e-07,-1.00077389768469e-08,-3.20020553495326e-07,1.22885480338218e-07,-3.84269101375611e-09,2.73743112502836e-08,-1.38091357886262e-08,2.71191610227474e-08,4.53409401680432e-08,-7.21848951956925e-08,2.73743112502836e-08,-5.76446902419181e-09,-1.34331615833585e-08,2.14283148012551e-08,2.13130247314981e-08,1.08914910662456e-07,-1.38091357886262e-08,-1.34331615833585e-08,5.19816307896466e-09,6.82422606899911e-09,5.55400023413483e-08,-1.00077389768469e-08,2.71191610227474e-08,2.14283148012551e-08,6.82422606899911e-09,4.49289255932028e-08,4.09387127251832e-08,-3.20020553495326e-07,4.53409401680432e-08,2.13130247314981e-08,5.55400023413483e-08,4.09387127251832e-08,1.27765560841437e-07
1.22885480338218e-07,-3.84269101375611e-09,2.73743112502836e-08,-1.38091357886262e-08,2.71191610227474e-08,4.53409401680432e-08,-3.84269101375611e-09,-2.4254785162705e-07,5.49577481851571e-08,6.33636486104637e-08,4.09193736046474e-08,-6.78448522746563e-08,2.73743112502836e-08,5.49577481851571e-08,-1.92085386801409e-08,-2.4461973007249e-08,-3.09094221988983e-08,-1.67337156145088e-08,-1.38091357886262e-08,6.33636486104637e-08,-2.4461973007249e-08,-2.85113223653881e-08,-2.16788116523422e-08,2.33781426905051e-08,2.71191610227474e-08,4.09193736046474e-08,-3.09094221988983e-08,-2.16788116523422e-08,-3.17089774567051e-08,8.85364124997071e-09,4.53409401680432e-08,-6.78448522746563e-08,-1.67337156145088e-08,2.33781426905051e-08,8.85364124997071e-09,6.70489422549924e-09
-7.21848951956925e-08,2.73743112502836e-08,-5.76446902419181e-09,-1.34331615833585e-08,2.14283148012551e-08,2.13130247314981e-08,2.73743112502836e-08,5.49577481851571e-08,-1.92085386801409e-08,-2.4461973007249e-08,-3.09094221988983e-08,-1.67337156145088e-08,-5.76446902419181e-09,-1.92085386801409e-08,5.51605139405073e-08,-1.80027085305005e-09,-1.65081750510618e-08,-1.52050984296393e-07,-1.34331615833585e-08,-2.4461973007249e-08,-1.80027085305005e-09,2.13333258992066e-08,6.40929138285941e-09,-9.9445141575887e-09,2.14283148012551e-08,-3.09094221988983e-08,-1.65081750510618e-08,6.40929138285941e-09,-2.22282651974218e-08,-3.84447713536218e-08,2.13130247314981e-08,-1.67337156145088e-08,-1.52050984296393e-07,-9.9445141575887e-09,-3.84447713536218e-08,1.52663124657642e-07
1.08914910662456e-07,-1.38091357886262e-08,-1.34331615833585e-08,5.19816307896466e-09,6.82422606899911e-09,5.55400023413483e-08,-1.38091357886262e-08,6.33636486104637e-08,-2.4461973007249e-08,-2.85113223653881e-08,-2.16788116523422e-08,2.33781426905051e-08,-1.34331615833585e-08,-2.4461973007249e-08,-1.80027085305005e-09,2.13333258992066e-08,6.40929138285941e-09,-9.9445141575887e-09,5.19816307896466e-09,-2.85113223653881e-08,2.13333258992066e-08,1.78577337156061e-08,3.86834964781837e-09,-4.75013747683398e-08,6.82422606899911e-09,-2.16788116523422e-08,6.40929138285941e-09,3.86834964781837e-09,-6.39257673152451e-09,-3.70136320017926e-08,5.55400023413483e-08,2.33781426905051e-08,-9.9445141575887e-09,-4.75013747683398e-08,-3.70136320017926e-08,-2.24010563608424e-08
-1.00077389768469e-08,2.71191610227474e-08,2.14283148012551e-08,6.82422606899911e-09,4.49289255932028e-08,4.09387127251832e-08,2.71191610227474e-08,4.09193736046474e-08,-3.09094221988983e-08,-2.16788116523422e-08,-3.17089774567051e-08,8.85364124997071e-09,2.14283148012551e-08,-3.09094221988983e-08,-1.65081750510618e-08,6.40929138285941e-09,-2.22282651974218e-08,-3.84447713536218e-08,6.82422606899911e-09,-2.16788116523422e-08,6.40929138285941e-09,3.86834964781837e-09,-6.39257673152451e-09,-3.70136320017926e-08,4.49289255932028e-08,-3.17089774567051e-08,-2.22282651974218e-08,-6.39257673152451e-09,-4.13143089031496e-08,-6.28887238552489e-08,4.09387127251832e-08,8.85364124997071e-09,-3.84447713536218e-08,-3.70136320017926e-08,-6.28887238552489e-08,-7.84974935134138e-08
-3.20020553495326e-07,4.53409401680432e-08,2.13130247314981e-08,5.55400023413483e-08,4.09387127251832e-08,1.27765560841437e-07,4.53409401680432e-08,-6.78448522746563e-08,-1.67337156145088e-08,2.33781426905051e-08,8.85364124997071e-09,6.70489422549924e-09,2.13130247314981e-08,-1.67337156145088e-08,-1.52050984296393e-07,-9.9445141575887e-09,-3.84447713536218e-08,1.52663124657642e-07,5.55400023413483e-08,2.33781426905051e-08,-9.9445141575887e-09,-4.75013747683398e-08,-3.70136320017926e-08,-2.24010563608424e-08,4.09387127251832e-08,8.85364124997071e-09,-3.84447713536218e-08,-3.70136320017926e-08,-6.28887238552489e-08,-7.84974935134138e-08,1.27765560841437e-07,6.70489422549924e-09,1.52663124657642e-07,-2.24010563608424e-08,-7.84974935134138e-08,-6.45995863844945e-07
