"Mkt.RF","SMB","HML","RMW","CMA","Mom"
0.686051217794965,-0.122475976145834,-0.166576796498196,0.0382012659193718,-0.108169396361052,0.0484135886646027
-0.122475976145834,0.211168340620758,0.0190857513796891,-0.0321757369776218,-0.000883372673735408,0.010422421142486
-0.166576796498196,0.0190857513796891,0.141845955476459,-0.0400044689796191,0.0776699871250545,-0.0109797373699612
0.0382012659193718,-0.0321757369776218,-0.0400044689796191,0.0592512000402113,-0.0290192672747578,0.00860226211936926
-0.108169396361052,-0.000883372673735408,0.0776699871250545,-0.0290192672747578,0.0917880434149375,-0.003501682619417
0.0484135886646027,0.010422421142486,-0.0109797373699612,0.00860226211936926,-0.003501682619417,0.234196180443312
