"V1","V2","V3","V4","V5","V6","V7","V8","V9","V10","V11","V12","V13","V14","V15","V16","V17","V18","V19","V20","V21","V22","V23","V24","V25","V26","V27","V28","V29","V30","V31","V32","V33","V34","V35","V36"
-1.11914841550422e-06,2.12356769247469e-07,9.69700642354385e-08,5.40899543103593e-08,2.38772217951052e-09,-3.31977765645132e-07,2.12356769247469e-07,-5.53050998676228e-08,2.67796170168474e-09,-1.59477207367567e-08,1.14664059859459e-08,5.18874575369184e-08,9.69700642354385e-08,2.67796170168474e-09,1.91650876075783e-09,-1.55753415522378e-08,8.23001647133992e-09,3.21401489774397e-08,5.40899543103593e-08,-1.59477207367567e-08,-1.55753415522378e-08,4.56518520301115e-09,-8.018464718519e-09,2.09751820469403e-08,2.38772217951052e-09,1.14664059859459e-08,8.23001647133992e-09,-8.018464718519e-09,9.38492631896078e-09,9.92476495640676e-09,-3.31977765645132e-07,5.18874575369184e-08,3.21401489774397e-08,2.09751820469403e-08,9.92476495640676e-09,-4.1948047016239e-08
2.12356769247469e-07,-5.53050998676228e-08,2.67796170168474e-09,-1.59477207367567e-08,1.14664059859459e-08,5.18874575369184e-08,-5.53050998676228e-08,-2.5674736082837e-07,4.44560577345967e-08,5.97961507013873e-08,3.98709085503376e-08,-4.24199394221816e-08,2.67796170168474e-09,4.44560577345967e-08,-1.81750375569517e-08,-7.06076194559066e-09,-1.37129544541603e-08,-6.25833043930904e-10,-1.59477207367567e-08,5.97961507013873e-08,-7.06076194559066e-09,-1.36117842852454e-08,-8.18040661659751e-09,1.94708987274691e-09,1.14664059859459e-08,3.98709085503376e-08,-1.37129544541603e-08,-8.18040661659751e-09,-1.22582387745742e-08,3.98348590768565e-09,5.18874575369184e-08,-4.24199394221816e-08,-6.25833043930904e-10,1.94708987274691e-09,3.98348590768565e-09,3.09174755229678e-09
9.69700642354385e-08,2.67796170168474e-09,1.91650876075783e-09,-1.55753415522378e-08,8.23001647133992e-09,3.21401489774397e-08,2.67796170168474e-09,4.44560577345967e-08,-1.81750375569517e-08,-7.06076194559066e-09,-1.37129544541603e-08,-6.25833043930904e-10,1.91650876075783e-09,-1.81750375569517e-08,2.97782258916115e-09,5.10804848509536e-09,-2.71062964334474e-09,-1.7006043552714e-08,-1.55753415522378e-08,-7.06076194559066e-09,5.10804848509536e-09,2.13955808869097e-09,4.49424858621402e-09,-3.50754341197723e-10,8.23001647133992e-09,-1.37129544541603e-08,-2.71062964334474e-09,4.49424858621402e-09,-3.90268377254278e-09,-8.87596992207848e-09,3.21401489774397e-08,-6.25833043930904e-10,-1.7006043552714e-08,-3.50754341197723e-10,-8.87596992207848e-09,-2.49678451024778e-09
5.40899543103593e-08,-1.59477207367567e-08,-1.55753415522378e-08,4.56518520301115e-09,-8.018464718519e-09,2.09751820469403e-08,-1.59477207367567e-08,5.97961507013873e-08,-7.06076194559066e-09,-1.36117842852454e-08,-8.18040661659751e-09,1.94708987274691e-09,-1.55753415522378e-08,-7.06076194559066e-09,5.10804848509536e-09,2.13955808869097e-09,4.49424858621402e-09,-3.50754341197723e-10,4.56518520301115e-09,-1.36117842852454e-08,2.13955808869097e-09,4.11527506705298e-09,1.72759127821969e-09,-4.10708119078336e-09,-8.018464718519e-09,-8.18040661659751e-09,4.49424858621402e-09,1.72759127821969e-09,4.12538943259849e-09,5.56413068168269e-10,2.09751820469403e-08,1.94708987274691e-09,-3.50754341197723e-10,-4.10708119078336e-09,5.56413068168269e-10,6.38375391120302e-09
2.38772217951052e-09,1.14664059859459e-08,8.23001647133992e-09,-8.018464718519e-09,9.38492631896078e-09,9.92476495640676e-09,1.14664059859459e-08,3.98709085503376e-08,-1.37129544541603e-08,-8.18040661659751e-09,-1.22582387745742e-08,3.98348590768565e-09,8.23001647133992e-09,-1.37129544541603e-08,-2.71062964334474e-09,4.49424858621402e-09,-3.90268377254278e-09,-8.87596992207848e-09,-8.018464718519e-09,-8.18040661659751e-09,4.49424858621402e-09,1.72759127821969e-09,4.12538943259849e-09,5.56413068168269e-10,9.38492631896078e-09,-1.22582387745742e-08,-3.90268377254278e-09,4.12538943259849e-09,-2.66286374387577e-09,-6.88813625053072e-09,9.92476495640676e-09,3.98348590768565e-09,-8.87596992207848e-09,5.56413068168269e-10,-6.88813625053072e-09,-1.43196774195073e-08
-3.31977765645132e-07,5.18874575369184e-08,3.21401489774397e-08,2.09751820469403e-08,9.92476495640676e-09,-4.1948047016239e-08,5.18874575369184e-08,-4.24199394221816e-08,-6.25833043930904e-10,1.94708987274691e-09,3.98348590768565e-09,3.09174755229678e-09,3.21401489774397e-08,-6.25833043930904e-10,-1.7006043552714e-08,-3.50754341197723e-10,-8.87596992207848e-09,-2.49678451024778e-09,2.09751820469403e-08,1.94708987274691e-09,-3.50754341197723e-10,-4.10708119078336e-09,5.56413068168269e-10,6.38375391120302e-09,9.92476495640676e-09,3.98348590768565e-09,-8.87596992207848e-09,5.56413068168269e-10,-6.88813625053072e-09,-1.43196774195073e-08,-4.1948047016239e-08,3.09174755229678e-09,-2.49678451024778e-09,6.38375391120302e-09,-1.43196774195073e-08,-8.62801390410173e-08
