"V1","V2","V3","V4","V5","V6","V7","V8","V9","V10","V11","V12","V13","V14","V15","V16","V17","V18","V19","V20","V21","V22","V23","V24","V25","V26","V27","V28","V29","V30","V31","V32","V33","V34","V35","V36"
-0.388057544168108,-0.270512856923739,-0.170346276466873,0.105524325234204,0.0279279720336169,-0.0757169060820596,-0.270512856923739,0.0606438995595214,0.0273061915713941,0.000665158652798091,0.0274466339062787,-0.0450661144841697,-0.170346276466873,0.0273061915713941,0.00321576818398007,-0.00843690007281774,0.0191374764997724,-0.0307780555662193,0.105524325234204,0.000665158652798091,-0.00843690007281774,0.00495270474900017,0.000416327031857805,0.0314501215155065,0.0279279720336169,0.0274466339062787,0.0191374764997724,0.000416327031857805,0.0349065084007818,0.0369510843691666,-0.0757169060820596,-0.0450661144841697,-0.0307780555662193,0.0314501215155065,0.0369510843691666,0.184147309091831
-0.270512856923739,0.0606438995595214,0.0273061915713941,0.000665158652798091,0.0274466339062787,-0.0450661144841697,0.0606438995595214,-0.0100310076925266,0.00594342952325904,0.0131806990612435,-0.00468689799180078,-0.0654000667389203,0.0273061915713941,0.00594342952325904,-0.0119254222920059,-0.0148954045308411,-0.0191070362451367,-0.0344018717286445,0.000665158652798091,0.0131806990612435,-0.0148954045308411,-0.017730431866245,-0.0126002402335543,0.0200845110099091,0.0274466339062787,-0.00468689799180078,-0.0191070362451367,-0.0126002402335543,-0.0203620028491151,0.00640278238267148,-0.0450661144841697,-0.0654000667389203,-0.0344018717286445,0.0200845110099091,0.00640278238267148,0.0152516199094042
-0.170346276466873,0.0273061915713941,0.00321576818398007,-0.00843690007281774,0.0191374764997724,-0.0307780555662193,0.0273061915713941,0.00594342952325904,-0.0119254222920059,-0.0148954045308411,-0.0191070362451367,-0.0344018717286445,0.00321576818398007,-0.0119254222920059,0.08414418156962,0.0123650468340146,-0.00189889796936801,-0.185390922115119,-0.00843690007281774,-0.0148954045308411,0.0123650468340146,0.0317509138148158,0.0107113503678044,-0.0262651614758149,0.0191374764997724,-0.0191070362451367,-0.00189889796936801,0.0107113503678044,-0.0128789435958198,-0.0412104755365665,-0.0307780555662193,-0.0344018717286445,-0.185390922115119,-0.0262651614758149,-0.0412104755365665,0.197401053544656
0.105524325234204,0.000665158652798091,-0.00843690007281774,0.00495270474900017,0.000416327031857805,0.0314501215155065,0.000665158652798091,0.0131806990612435,-0.0148954045308411,-0.017730431866245,-0.0126002402335543,0.0200845110099091,-0.00843690007281774,-0.0148954045308411,0.0123650468340146,0.0317509138148158,0.0107113503678044,-0.0262651614758149,0.00495270474900017,-0.017730431866245,0.0317509138148158,0.0257881658420973,0.00751737099168953,-0.0517480654559475,0.000416327031857805,-0.0126002402335543,0.0107113503678044,0.00751737099168953,-0.00353604327410069,-0.035777805900228,0.0314501215155065,0.0200845110099091,-0.0262651614758149,-0.0517480654559475,-0.035777805900228,0.0147596463451886
0.0279279720336169,0.0274466339062787,0.0191374764997724,0.000416327031857805,0.0349065084007818,0.0369510843691666,0.0274466339062787,-0.00468689799180078,-0.0191070362451367,-0.0126002402335543,-0.0203620028491151,0.00640278238267148,0.0191374764997724,-0.0191070362451367,-0.00189889796936801,0.0107113503678044,-0.0128789435958198,-0.0412104755365665,0.000416327031857805,-0.0126002402335543,0.0107113503678044,0.00751737099168953,-0.00353604327410069,-0.035777805900228,0.0349065084007818,-0.0203620028491151,-0.0128789435958198,-0.00353604327410069,-0.0321616605424387,-0.0583622997163606,0.0369510843691666,0.00640278238267148,-0.0412104755365665,-0.035777805900228,-0.0583622997163606,-0.0480419349771991
-0.0757169060820596,-0.0450661144841697,-0.0307780555662193,0.0314501215155065,0.0369510843691666,0.184147309091831,-0.0450661144841697,-0.0654000667389203,-0.0344018717286445,0.0200845110099091,0.00640278238267148,0.0152516199094042,-0.0307780555662193,-0.0344018717286445,-0.185390922115119,-0.0262651614758149,-0.0412104755365665,0.197401053544656,0.0314501215155065,0.0200845110099091,-0.0262651614758149,-0.0517480654559475,-0.035777805900228,0.0147596463451886,0.0369510843691666,0.00640278238267148,-0.0412104755365665,-0.035777805900228,-0.0583622997163606,-0.0480419349771991,0.184147309091831,0.0152516199094042,0.197401053544656,0.0147596463451886,-0.0480419349771991,-0.623109200452699
