"Mkt.RF","SMB","HML","RMW","CMA","Mom"
1.18118819925641,-0.159328006158402,-0.166395415926013,-0.111297425871328,-0.189327251695672,-0.130374078345361
-0.159328006158402,0.332079409998686,0.0213377120225323,-0.0674417832261992,0.0102041870293083,0.0148105221238058
-0.166395415926013,0.0213377120225323,0.317429074750953,0.0180843412703524,0.124018565242045,-0.127140839445747
-0.111297425871328,-0.0674417832261992,0.0180843412703524,0.183190366882715,0.0349494698932743,0.0469809609243572
-0.189327251695672,0.0102041870293083,0.124018565242045,0.0349494698932743,0.167441430000316,0.0209283047813921
-0.130374078345361,0.0148105221238058,-0.127140839445747,0.0469809609243572,0.0209283047813921,0.610533763796673
