"Mkt.RF","SMB","HML","RMW","CMA","MOM"
0.000118293063224856,-2.00198473615155e-06,-3.83359601509293e-06,-1.70870055776783e-05,-1.54649572837631e-05,-1.92282418526035e-05
-2.00198473615155e-06,3.17092545183476e-05,2.00528626416618e-06,-7.31008748304358e-06,1.09083096427845e-06,8.61245157793746e-07
-3.83359601509293e-06,2.00528626416618e-06,3.40494965067474e-05,1.06158018149242e-06,1.16508073150672e-05,-1.59171079318374e-05
-1.70870055776783e-05,-7.31008748304358e-06,1.06158018149242e-06,2.01031283903062e-05,4.05228203676036e-06,5.446583673483e-06
-1.54649572837631e-05,1.09083096427845e-06,1.16508073150672e-05,4.05228203676036e-06,1.64257553016246e-05,1.78250689226871e-06
-1.92282418526035e-05,8.61245157793746e-07,-1.59171079318374e-05,5.446583673483e-06,1.78250689226871e-06,6.97251766981791e-05
