"V1","V2","V3","V4","V5","V6","V7","V8","V9","V10","V11","V12","V13","V14","V15","V16","V17","V18","V19","V20","V21","V22","V23","V24","V25","V26","V27","V28","V29","V30","V31","V32","V33","V34","V35","V36"
-1.29383814737952e-06,1.14580814145489e-07,-5.54869585907118e-08,9.73828747398787e-08,-3.30409905061693e-09,-3.15903631345025e-07,1.14580814145489e-07,-1.18203500222052e-09,3.71198719240769e-08,-1.46152443398813e-08,3.21576457115978e-08,4.92148350534715e-08,-5.54869585907118e-08,3.71198719240769e-08,-7.01035243623625e-09,-1.55654358846996e-08,2.15686405298569e-08,2.55865333571114e-08,9.73828747398787e-08,-1.46152443398813e-08,-1.55654358846996e-08,7.43840914126813e-09,5.17882963095537e-09,5.33795886071811e-08,-3.30409905061693e-09,3.21576457115978e-08,2.15686405298569e-08,5.17882963095537e-09,4.51601148609385e-08,4.16998530405069e-08,-3.15903631345025e-07,4.92148350534715e-08,2.55865333571114e-08,5.33795886071811e-08,4.16998530405069e-08,1.26834469395051e-07
1.14580814145489e-07,-1.18203500222052e-09,3.71198719240769e-08,-1.46152443398813e-08,3.21576457115978e-08,4.92148350534715e-08,-1.18203500222052e-09,-2.51972292912739e-07,5.34655300194585e-08,6.53642644472029e-08,4.06669916985938e-08,-6.73717810122584e-08,3.71198719240769e-08,5.34655300194585e-08,-2.22595651303559e-08,-2.32586905221013e-08,-3.26075812963891e-08,-1.4179569410067e-08,-1.46152443398813e-08,6.53642644472029e-08,-2.32586905221013e-08,-3.01295431429356e-08,-2.12768290694527e-08,2.0985281720005e-08,3.21576457115978e-08,4.06669916985938e-08,-3.26075812963891e-08,-2.12768290694527e-08,-3.32894984720273e-08,9.12716433497867e-09,4.92148350534715e-08,-6.73717810122584e-08,-1.4179569410067e-08,2.0985281720005e-08,9.12716433497867e-09,-1.54311954385281e-09
-5.54869585907118e-08,3.71198719240769e-08,-7.01035243623625e-09,-1.55654358846996e-08,2.15686405298569e-08,2.55865333571114e-08,3.71198719240769e-08,5.34655300194585e-08,-2.22595651303559e-08,-2.32586905221013e-08,-3.26075812963891e-08,-1.4179569410067e-08,-7.01035243623625e-09,-2.22595651303559e-08,5.93266248168807e-08,-2.79917320614449e-09,-1.50956606970008e-08,-1.5053110783229e-07,-1.55654358846996e-08,-2.32586905221013e-08,-2.79917320614449e-09,2.03450186683346e-08,6.29467163750963e-09,-1.19574622103003e-08,2.15686405298569e-08,-3.26075812963891e-08,-1.50956606970008e-08,6.29467163750963e-09,-2.25696727721367e-08,-3.78378720785576e-08,2.55865333571114e-08,-1.4179569410067e-08,-1.5053110783229e-07,-1.19574622103003e-08,-3.78378720785576e-08,1.52037803212634e-07
9.73828747398787e-08,-1.46152443398813e-08,-1.55654358846996e-08,7.43840914126813e-09,5.17882963095537e-09,5.33795886071811e-08,-1.46152443398813e-08,6.53642644472029e-08,-2.32586905221013e-08,-3.01295431429356e-08,-2.12768290694527e-08,2.0985281720005e-08,-1.55654358846996e-08,-2.32586905221013e-08,-2.79917320614449e-09,2.03450186683346e-08,6.29467163750963e-09,-1.19574622103003e-08,7.43840914126813e-09,-3.01295431429356e-08,2.03450186683346e-08,1.91993971860156e-08,3.561186036462e-09,-4.55770494297341e-08,5.17882963095537e-09,-2.12768290694527e-08,6.29467163750963e-09,3.561186036462e-09,-6.03962433667904e-09,-3.77952230294847e-08,5.33795886071811e-08,2.0985281720005e-08,-1.19574622103003e-08,-4.55770494297341e-08,-3.77952230294847e-08,-1.99009834844966e-08
-3.30409905061693e-09,3.21576457115978e-08,2.15686405298569e-08,5.17882963095537e-09,4.51601148609385e-08,4.16998530405069e-08,3.21576457115978e-08,4.06669916985938e-08,-3.26075812963891e-08,-2.12768290694527e-08,-3.32894984720273e-08,9.12716433497867e-09,2.15686405298569e-08,-3.26075812963891e-08,-1.50956606970008e-08,6.29467163750963e-09,-2.25696727721367e-08,-3.78378720785576e-08,5.17882963095537e-09,-2.12768290694527e-08,6.29467163750963e-09,3.561186036462e-09,-6.03962433667904e-09,-3.77952230294847e-08,4.51601148609385e-08,-3.32894984720273e-08,-2.25696727721367e-08,-6.03962433667904e-09,-4.2032939019424e-08,-6.29678730686217e-08,4.16998530405069e-08,9.12716433497867e-09,-3.78378720785576e-08,-3.77952230294847e-08,-6.29678730686217e-08,-7.91081164539399e-08
-3.15903631345025e-07,4.92148350534715e-08,2.55865333571114e-08,5.33795886071811e-08,4.16998530405069e-08,1.26834469395051e-07,4.92148350534715e-08,-6.73717810122584e-08,-1.4179569410067e-08,2.0985281720005e-08,9.12716433497867e-09,-1.54311954385281e-09,2.55865333571114e-08,-1.4179569410067e-08,-1.5053110783229e-07,-1.19574622103003e-08,-3.78378720785576e-08,1.52037803212634e-07,5.33795886071811e-08,2.0985281720005e-08,-1.19574622103003e-08,-4.55770494297341e-08,-3.77952230294847e-08,-1.99009834844966e-08,4.16998530405069e-08,9.12716433497867e-09,-3.78378720785576e-08,-3.77952230294847e-08,-6.29678730686217e-08,-7.91081164539399e-08,1.26834469395051e-07,-1.54311954385281e-09,1.52037803212634e-07,-1.99009834844966e-08,-7.91081164539399e-08,-6.5122034273842e-07
