"V1","V2","V3","V4","V5","V6","V7","V8","V9","V10","V11","V12","V13","V14","V15","V16","V17","V18","V19","V20","V21","V22","V23","V24","V25","V26","V27","V28","V29","V30","V31","V32","V33","V34","V35","V36"
-1.37206728007298e-06,1.28239997073854e-07,-7.30047973909555e-08,1.09059113840176e-07,-1.1515626232357e-08,-3.20768710257566e-07,1.28239997073854e-07,-4.68814599541564e-09,2.6384161497794e-08,-1.42998672529545e-08,2.67854106040501e-08,4.63598813191089e-08,-7.30047973909555e-08,2.6384161497794e-08,-6.62911032871246e-09,-1.32914211003857e-08,2.18525812090106e-08,2.16232916957429e-08,1.09059113840176e-07,-1.42998672529545e-08,-1.32914211003857e-08,5.66541495509775e-09,6.66565937362778e-09,5.48390206862848e-08,-1.1515626232357e-08,2.67854106040501e-08,2.18525812090106e-08,6.66565937362778e-09,4.54837487405024e-08,4.111075767824e-08,-3.20768710257566e-07,4.63598813191089e-08,2.16232916957429e-08,5.48390206862848e-08,4.111075767824e-08,1.2649550815496e-07
1.28239997073854e-07,-4.68814599541564e-09,2.6384161497794e-08,-1.42998672529545e-08,2.67854106040501e-08,4.63598813191089e-08,-4.68814599541564e-09,-2.41972055831584e-07,5.50996278372389e-08,6.33806844908644e-08,4.07790766774854e-08,-6.84429716321915e-08,2.6384161497794e-08,5.50996278372389e-08,-1.87114208836241e-08,-2.4251033265019e-08,-3.08150849160843e-08,-1.73240543372613e-08,-1.42998672529545e-08,6.33806844908644e-08,-2.4251033265019e-08,-2.84204701166088e-08,-2.14244562887482e-08,2.37674330057067e-08,2.67854106040501e-08,4.07790766774854e-08,-3.08150849160843e-08,-2.14244562887482e-08,-3.15519576950454e-08,8.6132580685254e-09,4.63598813191089e-08,-6.84429716321915e-08,-1.73240543372613e-08,2.37674330057067e-08,8.6132580685254e-09,6.87552023090143e-09
-7.30047973909555e-08,2.6384161497794e-08,-6.62911032871246e-09,-1.32914211003857e-08,2.18525812090106e-08,2.16232916957429e-08,2.6384161497794e-08,5.50996278372389e-08,-1.87114208836241e-08,-2.4251033265019e-08,-3.08150849160843e-08,-1.73240543372613e-08,-6.62911032871246e-09,-1.87114208836241e-08,5.43767662456844e-08,-1.83983766606925e-09,-1.68063896669083e-08,-1.51601462828441e-07,-1.32914211003857e-08,-2.4251033265019e-08,-1.83983766606925e-09,2.11097779504684e-08,6.489649506897e-09,-9.70248305588439e-09,2.18525812090106e-08,-3.08150849160843e-08,-1.68063896669083e-08,6.489649506897e-09,-2.25927278219196e-08,-3.84643999429016e-08,2.16232916957429e-08,-1.73240543372613e-08,-1.51601462828441e-07,-9.70248305588439e-09,-3.84643999429016e-08,1.53367478617578e-07
1.09059113840176e-07,-1.42998672529545e-08,-1.32914211003857e-08,5.66541495509775e-09,6.66565937362778e-09,5.48390206862848e-08,-1.42998672529545e-08,6.33806844908644e-08,-2.4251033265019e-08,-2.84204701166088e-08,-2.14244562887482e-08,2.37674330057067e-08,-1.32914211003857e-08,-2.4251033265019e-08,-1.83983766606925e-09,2.11097779504684e-08,6.489649506897e-09,-9.70248305588439e-09,5.66541495509775e-09,-2.84204701166088e-08,2.11097779504684e-08,1.79131525973907e-08,3.70114013476758e-09,-4.74667598957604e-08,6.66565937362778e-09,-2.14244562887482e-08,6.489649506897e-09,3.70114013476758e-09,-6.30183446103306e-09,-3.70090915836273e-08,5.48390206862848e-08,2.37674330057067e-08,-9.70248305588439e-09,-4.74667598957604e-08,-3.70090915836273e-08,-2.34381847982795e-08
-1.1515626232357e-08,2.67854106040501e-08,2.18525812090106e-08,6.66565937362778e-09,4.54837487405024e-08,4.111075767824e-08,2.67854106040501e-08,4.07790766774854e-08,-3.08150849160843e-08,-2.14244562887482e-08,-3.15519576950454e-08,8.6132580685254e-09,2.18525812090106e-08,-3.08150849160843e-08,-1.68063896669083e-08,6.489649506897e-09,-2.25927278219196e-08,-3.84643999429016e-08,6.66565937362778e-09,-2.14244562887482e-08,6.489649506897e-09,3.70114013476758e-09,-6.30183446103306e-09,-3.70090915836273e-08,4.54837487405024e-08,-3.15519576950454e-08,-2.25927278219196e-08,-6.30183446103306e-09,-4.15684616364042e-08,-6.27575142543331e-08,4.111075767824e-08,8.6132580685254e-09,-3.84643999429016e-08,-3.70090915836273e-08,-6.27575142543331e-08,-7.67520282965603e-08
-3.20768710257566e-07,4.63598813191089e-08,2.16232916957429e-08,5.48390206862848e-08,4.111075767824e-08,1.2649550815496e-07,4.63598813191089e-08,-6.84429716321915e-08,-1.73240543372613e-08,2.37674330057067e-08,8.6132580685254e-09,6.87552023090143e-09,2.16232916957429e-08,-1.73240543372613e-08,-1.51601462828441e-07,-9.70248305588439e-09,-3.84643999429016e-08,1.53367478617578e-07,5.48390206862848e-08,2.37674330057067e-08,-9.70248305588439e-09,-4.74667598957604e-08,-3.70090915836273e-08,-2.34381847982795e-08,4.111075767824e-08,8.6132580685254e-09,-3.84643999429016e-08,-3.70090915836273e-08,-6.27575142543331e-08,-7.67520282965603e-08,1.2649550815496e-07,6.87552023090143e-09,1.53367478617578e-07,-2.34381847982795e-08,-7.67520282965603e-08,-6.35080792575791e-07
