"V1","V2","V3","V4","V5","V6","V7","V8","V9","V10","V11","V12","V13","V14","V15","V16","V17","V18","V19","V20","V21","V22","V23","V24","V25","V26","V27","V28","V29","V30","V31","V32","V33","V34","V35","V36"
-1.29191527247403e-06,1.08841399723889e-07,-5.29959752691494e-08,9.67393592060469e-08,-4.8100865801122e-09,-3.26836090735381e-07,1.08841399723889e-07,-9.19166081496926e-09,3.72346801612755e-08,-1.23611917930834e-08,3.18330988365535e-08,4.30268843869916e-08,-5.29959752691494e-08,3.72346801612755e-08,-3.70781863173119e-09,-1.61608557467582e-08,2.2440935837335e-08,2.55972282471685e-08,9.67393592060469e-08,-1.23611917930834e-08,-1.61608557467582e-08,6.88952818248303e-09,5.13159909974681e-09,5.51215365490827e-08,-4.8100865801122e-09,3.18330988365535e-08,2.2440935837335e-08,5.13159909974681e-09,4.59205992574904e-08,4.18032624464295e-08,-3.26836090735381e-07,4.30268843869916e-08,2.55972282471685e-08,5.51215365490827e-08,4.18032624464295e-08,1.23608432936822e-07
1.08841399723889e-07,-9.19166081496926e-09,3.72346801612755e-08,-1.23611917930834e-08,3.18330988365535e-08,4.30268843869916e-08,-9.19166081496926e-09,-2.75748572387554e-07,5.42872067730014e-08,7.32786019736439e-08,4.23242699174546e-08,-7.93605023899634e-08,3.72346801612755e-08,5.42872067730014e-08,-2.05554200822839e-08,-2.35342785055951e-08,-3.20269550984903e-08,-1.40600734670807e-08,-1.23611917930834e-08,7.32786019736439e-08,-2.35342785055951e-08,-3.29290117632702e-08,-2.17662254284942e-08,2.5501876037033e-08,3.18330988365535e-08,4.23242699174546e-08,-3.20269550984903e-08,-2.17662254284942e-08,-3.32095349636299e-08,9.07165976105126e-09,4.30268843869916e-08,-7.93605023899634e-08,-1.40600734670807e-08,2.5501876037033e-08,9.07165976105126e-09,-9.08114008953413e-09
-5.29959752691494e-08,3.72346801612755e-08,-3.70781863173119e-09,-1.61608557467582e-08,2.2440935837335e-08,2.55972282471685e-08,3.72346801612755e-08,5.42872067730014e-08,-2.05554200822839e-08,-2.35342785055951e-08,-3.20269550984903e-08,-1.40600734670807e-08,-3.70781863173119e-09,-2.05554200822839e-08,6.03841482582307e-08,-3.30204687343714e-09,-1.49462958245064e-08,-1.49893619584114e-07,-1.61608557467582e-08,-2.35342785055951e-08,-3.30204687343714e-09,2.07138135939801e-08,5.98882353220693e-09,-1.18791205610119e-08,2.2440935837335e-08,-3.20269550984903e-08,-1.49462958245064e-08,5.98882353220693e-09,-2.24064386266406e-08,-3.76201185544143e-08,2.55972282471685e-08,-1.40600734670807e-08,-1.49893619584114e-07,-1.18791205610119e-08,-3.76201185544143e-08,1.5390810560037e-07
9.67393592060469e-08,-1.23611917930834e-08,-1.61608557467582e-08,6.88952818248303e-09,5.13159909974681e-09,5.51215365490827e-08,-1.23611917930834e-08,7.32786019736439e-08,-2.35342785055951e-08,-3.29290117632702e-08,-2.17662254284942e-08,2.5501876037033e-08,-1.61608557467582e-08,-2.35342785055951e-08,-3.30204687343714e-09,2.07138135939801e-08,5.98882353220693e-09,-1.18791205610119e-08,6.88952818248303e-09,-3.29290117632702e-08,2.07138135939801e-08,2.03039047753161e-08,4.02975988163007e-09,-4.74507354525063e-08,5.13159909974681e-09,-2.17662254284942e-08,5.98882353220693e-09,4.02975988163007e-09,-6.19042648849484e-09,-3.78565623297261e-08,5.51215365490827e-08,2.5501876037033e-08,-1.18791205610119e-08,-4.74507354525063e-08,-3.78565623297261e-08,-1.73750413922543e-08
-4.8100865801122e-09,3.18330988365535e-08,2.2440935837335e-08,5.13159909974681e-09,4.59205992574904e-08,4.18032624464295e-08,3.18330988365535e-08,4.23242699174546e-08,-3.20269550984903e-08,-2.17662254284942e-08,-3.32095349636299e-08,9.07165976105126e-09,2.2440935837335e-08,-3.20269550984903e-08,-1.49462958245064e-08,5.98882353220693e-09,-2.24064386266406e-08,-3.76201185544143e-08,5.13159909974681e-09,-2.17662254284942e-08,5.98882353220693e-09,4.02975988163007e-09,-6.19042648849484e-09,-3.78565623297261e-08,4.59205992574904e-08,-3.32095349636299e-08,-2.24064386266406e-08,-6.19042648849484e-09,-4.18126492489178e-08,-6.28456286167598e-08,4.18032624464295e-08,9.07165976105126e-09,-3.76201185544143e-08,-3.78565623297261e-08,-6.28456286167598e-08,-7.85999004207268e-08
-3.26836090735381e-07,4.30268843869916e-08,2.55972282471685e-08,5.51215365490827e-08,4.18032624464295e-08,1.23608432936822e-07,4.30268843869916e-08,-7.93605023899634e-08,-1.40600734670807e-08,2.5501876037033e-08,9.07165976105126e-09,-9.08114008953413e-09,2.55972282471685e-08,-1.40600734670807e-08,-1.49893619584114e-07,-1.18791205610119e-08,-3.76201185544143e-08,1.5390810560037e-07,5.51215365490827e-08,2.5501876037033e-08,-1.18791205610119e-08,-4.74507354525063e-08,-3.78565623297261e-08,-1.73750413922543e-08,4.18032624464295e-08,9.07165976105126e-09,-3.76201185544143e-08,-3.78565623297261e-08,-6.28456286167598e-08,-7.85999004207268e-08,1.23608432936822e-07,-9.08114008953413e-09,1.5390810560037e-07,-1.73750413922543e-08,-7.85999004207268e-08,-6.5847997726362e-07
