"Mkt.RF","SMB","HML","RMW","CMA","MOM"
0.000126923001710807,-7.28961465007966e-06,-6.86258710207443e-06,-1.6312313028486e-05,-1.59930623495453e-05,-1.48759271411559e-05
-7.28961465007966e-06,3.46406346536699e-05,1.92306286144357e-06,-7.47700766110942e-06,6.42907910887283e-07,1.07927634383952e-06
-6.86258710207443e-06,1.92306286144357e-06,3.29161511794023e-05,1.17895770026114e-06,1.14411267077619e-05,-1.52792582673852e-05
-1.6312313028486e-05,-7.47700766110942e-06,1.17895770026114e-06,1.94408837875736e-05,3.98342299457197e-06,5.17100117607765e-06
-1.59930623495453e-05,6.42907910887283e-07,1.14411267077619e-05,3.98342299457197e-06,1.62236421945747e-05,2.06904066109734e-06
-1.48759271411559e-05,1.07927634383952e-06,-1.52792582673852e-05,5.17100117607765e-06,2.06904066109734e-06,6.58492690154547e-05
