"Mkt.RF","SMB","HML","RMW","CMA","Mom"
1.26590459912181,-0.106225470226972,-0.0932136007594071,-0.154378456884466,-0.165423306740471,-0.162838128991351
-0.106225470226972,0.345824249472009,0.0273991867160302,-0.0711296796726828,0.0119369798732332,0.0121391831347115
-0.0932136007594071,0.0273991867160302,0.333985417393795,0.011613060451508,0.118021389967037,-0.142975341901621
-0.154378456884466,-0.0711296796726828,0.011613060451508,0.191845905463658,0.0372355152587389,0.053379655334725
-0.165423306740471,0.0119369798732332,0.118021389967037,0.0372355152587389,0.164089843392354,0.0259470362755123
-0.162838128991351,0.0121391831347115,-0.142975341901621,0.053379655334725,0.0259470362755123,0.64876726808038
