"V1","V2","V3","V4","V5","V6","V7","V8","V9","V10","V11","V12","V13","V14","V15","V16","V17","V18","V19","V20","V21","V22","V23","V24","V25","V26","V27","V28","V29","V30","V31","V32","V33","V34","V35","V36"
-7.46739455079537e-07,-2.65272438075935e-07,-2.04279650325361e-07,1.12285106529424e-07,4.65928579261024e-08,-6.152237687078e-08,-2.65272438075935e-07,5.6067224259766e-08,2.72922854540768e-08,4.62285354948216e-09,2.79852252232774e-08,-5.70738080779775e-08,-2.04279650325361e-07,2.72922854540768e-08,-1.29626820149102e-08,-1.35447649052899e-09,2.24154197369923e-08,-3.47406864463115e-08,1.12285106529424e-07,4.62285354948216e-09,-1.35447649052899e-09,2.56714096901349e-09,4.23127826062002e-09,3.34196283760566e-08,4.65928579261024e-08,2.79852252232774e-08,2.24154197369923e-08,4.23127826062002e-09,3.34922772377017e-08,3.55672742376726e-08,-6.152237687078e-08,-5.70738080779775e-08,-3.47406864463115e-08,3.34196283760566e-08,3.55672742376726e-08,2.28675209609474e-07
-2.65272438075935e-07,5.6067224259766e-08,2.72922854540768e-08,4.62285354948216e-09,2.79852252232774e-08,-5.70738080779775e-08,5.6067224259766e-08,-1.99918187548101e-08,1.17087313482679e-08,1.45536673841587e-08,-2.288090995781e-09,-8.80430745658934e-08,2.72922854540768e-08,1.17087313482679e-08,1.57898194101039e-09,-1.36632942749333e-08,-1.58741626041406e-08,-7.07813770290487e-08,4.62285354948216e-09,1.45536673841587e-08,-1.36632942749333e-08,-1.5989710685249e-08,-1.37160855090573e-08,1.92031273515613e-08,2.79852252232774e-08,-2.288090995781e-09,-1.58741626041406e-08,-1.37160855090573e-08,-2.01723572963233e-08,-2.57125234224982e-10,-5.70738080779775e-08,-8.80430745658934e-08,-7.07813770290487e-08,1.92031273515613e-08,-2.57125234224982e-10,9.32254949718585e-08
-2.04279650325361e-07,2.72922854540768e-08,-1.29626820149102e-08,-1.35447649052899e-09,2.24154197369923e-08,-3.47406864463115e-08,2.72922854540768e-08,1.17087313482679e-08,1.57898194101039e-09,-1.36632942749333e-08,-1.58741626041406e-08,-7.07813770290487e-08,-1.29626820149102e-08,1.57898194101039e-09,9.22519021773706e-08,1.3788249855099e-08,-1.11231306655255e-09,-2.70136205914067e-07,-1.35447649052899e-09,-1.36632942749333e-08,1.3788249855099e-08,3.050639869183e-08,6.85701073431644e-09,-3.49810823975933e-08,2.24154197369923e-08,-1.58741626041406e-08,-1.11231306655255e-09,6.85701073431644e-09,-1.64378608162293e-08,-5.53152685624786e-08,-3.47406864463115e-08,-7.07813770290487e-08,-2.70136205914067e-07,-3.49810823975933e-08,-5.53152685624786e-08,4.24872233198598e-07
1.12285106529424e-07,4.62285354948216e-09,-1.35447649052899e-09,2.56714096901349e-09,4.23127826062002e-09,3.34196283760566e-08,4.62285354948216e-09,1.45536673841587e-08,-1.36632942749333e-08,-1.5989710685249e-08,-1.37160855090573e-08,1.92031273515613e-08,-1.35447649052899e-09,-1.36632942749333e-08,1.3788249855099e-08,3.050639869183e-08,6.85701073431644e-09,-3.49810823975933e-08,2.56714096901349e-09,-1.5989710685249e-08,3.050639869183e-08,1.89068853460989e-08,6.37728180103478e-09,-5.55883783252016e-08,4.23127826062002e-09,-1.37160855090573e-08,6.85701073431644e-09,6.37728180103478e-09,-9.00474586784809e-09,-3.94284063285045e-08,3.34196283760566e-08,1.92031273515613e-08,-3.49810823975933e-08,-5.55883783252016e-08,-3.94284063285045e-08,2.58429618661057e-08
4.65928579261024e-08,2.79852252232774e-08,2.24154197369923e-08,4.23127826062002e-09,3.34922772377017e-08,3.55672742376726e-08,2.79852252232774e-08,-2.288090995781e-09,-1.58741626041406e-08,-1.37160855090573e-08,-2.01723572963233e-08,-2.57125234224982e-10,2.24154197369923e-08,-1.58741626041406e-08,-1.11231306655255e-09,6.85701073431644e-09,-1.64378608162293e-08,-5.53152685624786e-08,4.23127826062002e-09,-1.37160855090573e-08,6.85701073431644e-09,6.37728180103478e-09,-9.00474586784809e-09,-3.94284063285045e-08,3.34922772377017e-08,-2.01723572963233e-08,-1.64378608162293e-08,-9.00474586784809e-09,-3.73438075401207e-08,-6.44034061211956e-08,3.55672742376726e-08,-2.57125234224982e-10,-5.53152685624786e-08,-3.94284063285045e-08,-6.44034061211956e-08,-2.93791071610712e-08
-6.152237687078e-08,-5.70738080779775e-08,-3.47406864463115e-08,3.34196283760566e-08,3.55672742376726e-08,2.28675209609474e-07,-5.70738080779775e-08,-8.80430745658934e-08,-7.07813770290487e-08,1.92031273515613e-08,-2.57125234224982e-10,9.32254949718585e-08,-3.47406864463115e-08,-7.07813770290487e-08,-2.70136205914067e-07,-3.49810823975933e-08,-5.53152685624786e-08,4.24872233198598e-07,3.34196283760566e-08,1.92031273515613e-08,-3.49810823975933e-08,-5.55883783252016e-08,-3.94284063285045e-08,2.58429618661057e-08,3.55672742376726e-08,-2.57125234224982e-10,-5.53152685624786e-08,-3.94284063285045e-08,-6.44034061211956e-08,-2.93791071610712e-08,2.28675209609474e-07,9.32254949718585e-08,4.24872233198598e-07,2.58429618661057e-08,-2.93791071610712e-08,-1.24084891027996e-06
