"V1","V2","V3","V4","V5","V6","V7","V8","V9","V10","V11","V12","V13","V14","V15","V16","V17","V18","V19","V20","V21","V22","V23","V24","V25","V26","V27","V28","V29","V30","V31","V32","V33","V34","V35","V36"
-4.31498156762398e-07,-1.6025810901771e-07,-1.37109417560102e-07,9.02425545602902e-08,1.07072991953116e-08,-5.91527609564177e-08,-1.6025810901771e-07,6.19999944766945e-08,4.72524086312348e-08,-3.94963096290802e-10,2.66633877252233e-08,-2.58882821867265e-08,-1.37109417560102e-07,4.72524086312348e-08,-8.25054530795977e-09,-1.33818075201742e-08,1.48893531521218e-08,1.20718193421995e-09,9.02425545602902e-08,-3.94963096290802e-10,-1.33818075201742e-08,1.84748963513249e-09,3.1601461715362e-09,4.33134672220014e-08,1.07072991953116e-08,2.66633877252233e-08,1.48893531521218e-08,3.1601461715362e-09,3.80650631775684e-08,4.1051628964591e-08,-5.91527609564177e-08,-2.58882821867265e-08,1.20718193421995e-09,4.33134672220014e-08,4.1051628964591e-08,1.820820135859e-07
-1.6025810901771e-07,6.19999944766945e-08,4.72524086312348e-08,-3.94963096290802e-10,2.66633877252233e-08,-2.58882821867265e-08,6.19999944766945e-08,-3.83045741866125e-08,6.44922979047972e-09,1.77647462999634e-08,6.37623822955976e-11,-5.45632242847572e-08,4.72524086312348e-08,6.44922979047972e-09,-7.76969381723568e-09,-1.72736658500296e-08,-2.00285046924783e-08,-1.46490682142044e-08,-3.94963096290802e-10,1.77647462999634e-08,-1.72736658500296e-08,-2.15743897279104e-08,-1.4072328789109e-08,2.87051872528257e-08,2.66633877252233e-08,6.37623822955976e-11,-2.00285046924783e-08,-1.4072328789109e-08,-2.23339423504425e-08,6.51225588609483e-09,-2.58882821867265e-08,-5.45632242847572e-08,-1.46490682142044e-08,2.87051872528257e-08,6.51225588609483e-09,-1.40640514067109e-08
-1.37109417560102e-07,4.72524086312348e-08,-8.25054530795977e-09,-1.33818075201742e-08,1.48893531521218e-08,1.20718193421995e-09,4.72524086312348e-08,6.44922979047972e-09,-7.76969381723568e-09,-1.72736658500296e-08,-2.00285046924783e-08,-1.46490682142044e-08,-8.25054530795977e-09,-7.76969381723568e-09,6.69399347782444e-08,-2.00340132667402e-09,-9.87650431764202e-09,-1.58373710415696e-07,-1.33818075201742e-08,-1.72736658500296e-08,-2.00340132667402e-09,2.3098456694151e-08,5.64947070324443e-09,-1.06087923585783e-08,1.48893531521218e-08,-2.00285046924783e-08,-9.87650431764202e-09,5.64947070324443e-09,-1.78785644474693e-08,-4.21577133635959e-08,1.20718193421995e-09,-1.46490682142044e-08,-1.58373710415696e-07,-1.06087923585783e-08,-4.21577133635959e-08,1.66782413475358e-07
9.02425545602902e-08,-3.94963096290802e-10,-1.33818075201742e-08,1.84748963513249e-09,3.1601461715362e-09,4.33134672220014e-08,-3.94963096290802e-10,1.77647462999634e-08,-1.72736658500296e-08,-2.15743897279104e-08,-1.4072328789109e-08,2.87051872528257e-08,-1.33818075201742e-08,-1.72736658500296e-08,-2.00340132667402e-09,2.3098456694151e-08,5.64947070324443e-09,-1.06087923585783e-08,1.84748963513249e-09,-2.15743897279104e-08,2.3098456694151e-08,1.85118548742211e-08,5.08314938732497e-09,-4.83998694076779e-08,3.1601461715362e-09,-1.4072328789109e-08,5.64947070324443e-09,5.08314938732497e-09,-7.299608651565e-09,-3.71488250288242e-08,4.33134672220014e-08,2.87051872528257e-08,-1.06087923585783e-08,-4.83998694076779e-08,-3.71488250288242e-08,-1.78730288829861e-08
1.07072991953116e-08,2.66633877252233e-08,1.48893531521218e-08,3.1601461715362e-09,3.80650631775684e-08,4.1051628964591e-08,2.66633877252233e-08,6.37623822955976e-11,-2.00285046924783e-08,-1.4072328789109e-08,-2.23339423504425e-08,6.51225588609483e-09,1.48893531521218e-08,-2.00285046924783e-08,-9.87650431764202e-09,5.64947070324443e-09,-1.78785644474693e-08,-4.21577133635959e-08,3.1601461715362e-09,-1.4072328789109e-08,5.64947070324443e-09,5.08314938732497e-09,-7.299608651565e-09,-3.71488250288242e-08,3.80650631775684e-08,-2.23339423504425e-08,-1.78785644474693e-08,-7.299608651565e-09,-3.78178163354669e-08,-6.40858069264203e-08,4.1051628964591e-08,6.51225588609483e-09,-4.21577133635959e-08,-3.71488250288242e-08,-6.40858069264203e-08,-6.42837164363116e-08
-5.91527609564177e-08,-2.58882821867265e-08,1.20718193421995e-09,4.33134672220014e-08,4.1051628964591e-08,1.820820135859e-07,-2.58882821867265e-08,-5.45632242847572e-08,-1.46490682142044e-08,2.87051872528257e-08,6.51225588609483e-09,-1.40640514067109e-08,1.20718193421995e-09,-1.46490682142044e-08,-1.58373710415696e-07,-1.06087923585783e-08,-4.21577133635959e-08,1.66782413475358e-07,4.33134672220014e-08,2.87051872528257e-08,-1.06087923585783e-08,-4.83998694076779e-08,-3.71488250288242e-08,-1.78730288829861e-08,4.1051628964591e-08,6.51225588609483e-09,-4.21577133635959e-08,-3.71488250288242e-08,-6.40858069264203e-08,-6.42837164363116e-08,1.820820135859e-07,-1.40640514067109e-08,1.66782413475358e-07,-1.78730288829861e-08,-6.42837164363116e-08,-6.37150364613618e-07
