"V1","V2","V3","V4","V5","V6","V7","V8","V9","V10","V11","V12","V13","V14","V15","V16","V17","V18","V19","V20","V21","V22","V23","V24","V25","V26","V27","V28","V29","V30","V31","V32","V33","V34","V35","V36"
-0.920502739961651,0.0737993932359688,-0.0595352757591783,0.103546981416446,-0.0141329076800381,-0.273266256053118,0.0737993932359688,-0.00443468483677603,0.0300098177947905,-0.012194669453372,0.0277271592713759,0.0345665796756144,-0.0595352757591783,0.0300098177947905,0.00641134687989853,-0.0191026571194989,0.0157078309432062,0.00472305549125111,0.103546981416446,-0.012194669453372,-0.0191026571194989,0.00123563033464813,0.00358204510088713,0.0482106429761655,-0.0141329076800381,0.0277271592713759,0.0157078309432062,0.00358204510088713,0.0398596169834499,0.0322836366760456,-0.273266256053118,0.0345665796756144,0.00472305549125111,0.0482106429761655,0.0322836366760456,0.114544552825045
0.0737993932359688,-0.00443468483677603,0.0300098177947905,-0.012194669453372,0.0277271592713759,0.0345665796756144,-0.00443468483677603,-0.188762319036656,0.0550875504622451,0.0584930668544222,0.0380627454086875,-0.0666553684299752,0.0300098177947905,0.0550875504622451,-0.015987548413422,-0.025790373470777,-0.0294468486393905,-0.0164188890707044,-0.012194669453372,0.0584930668544222,-0.025790373470777,-0.0302758772897296,-0.0221789754634918,0.024425257573918,0.0277271592713759,0.0380627454086875,-0.0294468486393905,-0.0221789754634918,-0.0301742865253839,0.0087735072473166,0.0345665796756144,-0.0666553684299752,-0.0164188890707044,0.024425257573918,0.0087735072473166,0.00239961428692718
-0.0595352757591783,0.0300098177947905,0.00641134687989853,-0.0191026571194989,0.0157078309432062,0.00472305549125111,0.0300098177947905,0.0550875504622451,-0.015987548413422,-0.025790373470777,-0.0294468486393905,-0.0164188890707044,0.00641134687989853,-0.015987548413422,0.0876507131725196,0.000666212384370826,-0.00669291703512963,-0.155566879461712,-0.0191026571194989,-0.025790373470777,0.000666212384370826,0.0275296340771636,0.010011057945568,-0.0100462296627923,0.0157078309432062,-0.0294468486393905,-0.00669291703512963,0.010011057945568,-0.0129180889472825,-0.0354871860347622,0.00472305549125111,-0.0164188890707044,-0.155566879461712,-0.0100462296627923,-0.0354871860347622,0.150282247341795
0.103546981416446,-0.012194669453372,-0.0191026571194989,0.00123563033464813,0.00358204510088713,0.0482106429761655,-0.012194669453372,0.0584930668544222,-0.025790373470777,-0.0302758772897296,-0.0221789754634918,0.024425257573918,-0.0191026571194989,-0.025790373470777,0.000666212384370826,0.0275296340771636,0.010011057945568,-0.0100462296627923,0.00123563033464813,-0.0302758772897296,0.0275296340771636,0.0263225147104041,0.00904295627355108,-0.0450137836241944,0.00358204510088713,-0.0221789754634918,0.010011057945568,0.00904295627355108,-0.00269314801379069,-0.0342611799877141,0.0482106429761655,0.024425257573918,-0.0100462296627923,-0.0450137836241944,-0.0342611799877141,-0.00729888009525324
-0.0141329076800381,0.0277271592713759,0.0157078309432062,0.00358204510088713,0.0398596169834499,0.0322836366760456,0.0277271592713759,0.0380627454086875,-0.0294468486393905,-0.0221789754634918,-0.0301742865253839,0.0087735072473166,0.0157078309432062,-0.0294468486393905,-0.00669291703512963,0.010011057945568,-0.0129180889472825,-0.0354871860347622,0.00358204510088713,-0.0221789754634918,0.010011057945568,0.00904295627355108,-0.00269314801379069,-0.0342611799877141,0.0398596169834499,-0.0301742865253839,-0.0129180889472825,-0.00269314801379069,-0.0311841028004791,-0.0561649648233168,0.0322836366760456,0.0087735072473166,-0.0354871860347622,-0.0342611799877141,-0.0561649648233168,-0.0580921847615714
-0.273266256053118,0.0345665796756144,0.00472305549125111,0.0482106429761655,0.0322836366760456,0.114544552825045,0.0345665796756144,-0.0666553684299752,-0.0164188890707044,0.024425257573918,0.0087735072473166,0.00239961428692718,0.00472305549125111,-0.0164188890707044,-0.155566879461712,-0.0100462296627923,-0.0354871860347622,0.150282247341795,0.0482106429761655,0.024425257573918,-0.0100462296627923,-0.0450137836241944,-0.0342611799877141,-0.00729888009525324,0.0322836366760456,0.0087735072473166,-0.0354871860347622,-0.0342611799877141,-0.0561649648233168,-0.0580921847615714,0.114544552825045,0.00239961428692718,0.150282247341795,-0.00729888009525324,-0.0580921847615714,-0.535647408790678
