"Mkt.RF","SMB","HML","RMW","CMA","MOM"
9.4291077507934e-05,-2.11901373692546e-05,-2.76650433473928e-05,-5.1714045493103e-06,-1.95214937335252e-05,2.52347190704479e-06
-2.11901373692546e-05,2.96486177923198e-05,2.50918863937932e-06,-6.35742054670437e-06,1.27520858010699e-06,2.20718133952176e-06
-2.76650433473928e-05,2.50918863937932e-06,2.28125186816723e-05,3.08264254844064e-06,1.3735482620817e-05,-1.40670689211614e-06
-5.1714045493103e-06,-6.35742054670437e-06,3.08264254844064e-06,1.50949051261395e-05,3.8167492290037e-06,3.50031723488621e-07
-1.95214937335252e-05,1.27520858010699e-06,1.3735482620817e-05,3.8167492290037e-06,1.5922888904384e-05,1.86624994385965e-06
2.52347190704479e-06,2.20718133952176e-06,-1.40670689211614e-06,3.50031723488621e-07,1.86624994385965e-06,3.77223011393354e-05
