"V1","V2","V3","V4","V5","V6","V7","V8","V9","V10","V11","V12","V13","V14","V15","V16","V17","V18","V19","V20","V21","V22","V23","V24","V25","V26","V27","V28","V29","V30","V31","V32","V33","V34","V35","V36"
-6.92592321626667e-07,-2.67028764658877e-07,-2.00439529997283e-07,1.11107788806745e-07,4.25318069938776e-08,-7.54535173695972e-08,-2.67028764658877e-07,5.25112291686771e-08,1.9308814754421e-08,-1.62360675808901e-09,2.67991249974246e-08,-4.14219069523054e-08,-2.00439529997283e-07,1.9308814754421e-08,-3.0805204233895e-08,-9.36691680372083e-09,1.89783474739141e-08,-8.09230796890139e-09,1.11107788806745e-07,-1.62360675808901e-09,-9.36691680372083e-09,2.45976682959067e-09,1.26318088899188e-09,4.16270954592503e-08,4.25318069938776e-08,2.67991249974246e-08,1.89783474739141e-08,1.26318088899188e-09,3.47407632987422e-08,4.39112451072873e-08,-7.54535173695972e-08,-4.14219069523054e-08,-8.09230796890139e-09,4.16270954592503e-08,4.39112451072873e-08,1.88051749708454e-07
-2.67028764658877e-07,5.25112291686771e-08,1.9308814754421e-08,-1.62360675808901e-09,2.67991249974246e-08,-4.14219069523054e-08,5.25112291686771e-08,-2.3882540334117e-08,7.96216322653248e-10,1.20086732020616e-08,-4.32788804487891e-09,-6.41269502781966e-08,1.9308814754421e-08,7.96216322653248e-10,-2.28346248164736e-08,-1.89133782690397e-08,-1.9742831673948e-08,-2.49131145659853e-08,-1.62360675808901e-09,1.20086732020616e-08,-1.89133782690397e-08,-1.8604956929352e-08,-1.27783415219476e-08,2.69023691556626e-08,2.67991249974246e-08,-4.32788804487891e-09,-1.9742831673948e-08,-1.27783415219476e-08,-2.07606590835632e-08,6.80533610646853e-09,-4.14219069523054e-08,-6.41269502781966e-08,-2.49131145659853e-08,2.69023691556626e-08,6.80533610646853e-09,-3.88090182616225e-10
-2.00439529997283e-07,1.9308814754421e-08,-3.0805204233895e-08,-9.36691680372083e-09,1.89783474739141e-08,-8.09230796890139e-09,1.9308814754421e-08,7.96216322653248e-10,-2.28346248164736e-08,-1.89133782690397e-08,-1.9742831673948e-08,-2.49131145659853e-08,-3.0805204233895e-08,-2.28346248164736e-08,4.31457436180146e-08,2.24007251481548e-09,-6.81703738088033e-09,-1.62917447722865e-07,-9.36691680372083e-09,-1.89133782690397e-08,2.24007251481548e-09,2.5449616736634e-08,6.64519457233227e-09,-1.48596252356507e-08,1.89783474739141e-08,-1.9742831673948e-08,-6.81703738088033e-09,6.64519457233227e-09,-1.64389921983738e-08,-4.26045711471135e-08,-8.09230796890139e-09,-2.49131145659853e-08,-1.62917447722865e-07,-1.48596252356507e-08,-4.26045711471135e-08,1.81332758986449e-07
1.11107788806745e-07,-1.62360675808901e-09,-9.36691680372083e-09,2.45976682959067e-09,1.26318088899188e-09,4.16270954592503e-08,-1.62360675808901e-09,1.20086732020616e-08,-1.89133782690397e-08,-1.8604956929352e-08,-1.27783415219476e-08,2.69023691556626e-08,-9.36691680372083e-09,-1.89133782690397e-08,2.24007251481548e-09,2.5449616736634e-08,6.64519457233227e-09,-1.48596252356507e-08,2.45976682959067e-09,-1.8604956929352e-08,2.5449616736634e-08,1.83596341247457e-08,4.56861495296179e-09,-4.97892410191098e-08,1.26318088899188e-09,-1.27783415219476e-08,6.64519457233227e-09,4.56861495296179e-09,-7.39967568738852e-09,-3.7000308389128e-08,4.16270954592503e-08,2.69023691556626e-08,-1.48596252356507e-08,-4.97892410191098e-08,-3.7000308389128e-08,-9.46769161273923e-09
4.25318069938776e-08,2.67991249974246e-08,1.89783474739141e-08,1.26318088899188e-09,3.47407632987422e-08,4.39112451072873e-08,2.67991249974246e-08,-4.32788804487891e-09,-1.9742831673948e-08,-1.27783415219476e-08,-2.07606590835632e-08,6.80533610646853e-09,1.89783474739141e-08,-1.9742831673948e-08,-6.81703738088033e-09,6.64519457233227e-09,-1.64389921983738e-08,-4.26045711471135e-08,1.26318088899188e-09,-1.27783415219476e-08,6.64519457233227e-09,4.56861495296179e-09,-7.39967568738852e-09,-3.7000308389128e-08,3.47407632987422e-08,-2.07606590835632e-08,-1.64389921983738e-08,-7.39967568738852e-09,-3.70755357669977e-08,-6.48718451193823e-08,4.39112451072873e-08,6.80533610646853e-09,-4.26045711471135e-08,-3.7000308389128e-08,-6.48718451193823e-08,-6.24054195348556e-08
-7.54535173695972e-08,-4.14219069523054e-08,-8.09230796890139e-09,4.16270954592503e-08,4.39112451072873e-08,1.88051749708454e-07,-4.14219069523054e-08,-6.41269502781966e-08,-2.49131145659853e-08,2.69023691556626e-08,6.80533610646853e-09,-3.88090182616225e-10,-8.09230796890139e-09,-2.49131145659853e-08,-1.62917447722865e-07,-1.48596252356507e-08,-4.26045711471135e-08,1.81332758986449e-07,4.16270954592503e-08,2.69023691556626e-08,-1.48596252356507e-08,-4.97892410191098e-08,-3.7000308389128e-08,-9.46769161273923e-09,4.39112451072873e-08,6.80533610646853e-09,-4.26045711471135e-08,-3.7000308389128e-08,-6.48718451193823e-08,-6.24054195348556e-08,1.88051749708454e-07,-3.88090182616225e-10,1.81332758986449e-07,-9.46769161273923e-09,-6.24054195348556e-08,-6.85170067560338e-07
