"V1","V2","V3","V4","V5","V6","V7","V8","V9","V10","V11","V12","V13","V14","V15","V16","V17","V18","V19","V20","V21","V22","V23","V24","V25","V26","V27","V28","V29","V30","V31","V32","V33","V34","V35","V36"
-4.18558222313326e-07,-1.68212598995347e-07,-1.4159983544095e-07,9.00759490902852e-08,1.08672118324586e-08,-5.11979905820213e-08,-1.68212598995347e-07,5.89527789127107e-08,4.8463177554682e-08,4.36540485589821e-10,2.86076462793079e-08,-2.73293322432949e-08,-1.4159983544095e-07,4.8463177554682e-08,-8.35673075739494e-09,-1.37501588994526e-08,1.45084895042799e-08,1.48160796219128e-09,9.00759490902852e-08,4.36540485589821e-10,-1.37501588994526e-08,1.14863785635219e-09,2.93857269636888e-09,4.29396579851158e-08,1.08672118324586e-08,2.86076462793079e-08,1.45084895042799e-08,2.93857269636888e-09,3.71271701795603e-08,4.05517586145321e-08,-5.11979905820213e-08,-2.73293322432949e-08,1.48160796219128e-09,4.29396579851158e-08,4.05517586145321e-08,1.82089785844602e-07
-1.68212598995347e-07,5.89527789127107e-08,4.8463177554682e-08,4.36540485589821e-10,2.86076462793079e-08,-2.73293322432949e-08,5.89527789127107e-08,-3.20213241229796e-08,8.69498480581512e-09,1.64813877499523e-08,1.28001178129599e-09,-5.49257304752667e-08,4.8463177554682e-08,8.69498480581512e-09,-7.1411760666928e-09,-1.74189000678341e-08,-2.01194396256055e-08,-1.57262444929644e-08,4.36540485589821e-10,1.64813877499523e-08,-1.74189000678341e-08,-2.13917309935241e-08,-1.42189272450381e-08,2.86065449127408e-08,2.86076462793079e-08,1.28001178129599e-09,-2.01194396256055e-08,-1.42189272450381e-08,-2.28837859077103e-08,6.0022033874725e-09,-2.73293322432949e-08,-5.49257304752667e-08,-1.57262444929644e-08,2.86065449127408e-08,6.0022033874725e-09,-1.10040327316153e-08
-1.4159983544095e-07,4.8463177554682e-08,-8.35673075739494e-09,-1.37501588994526e-08,1.45084895042799e-08,1.48160796219128e-09,4.8463177554682e-08,8.69498480581512e-09,-7.1411760666928e-09,-1.74189000678341e-08,-2.01194396256055e-08,-1.57262444929644e-08,-8.35673075739494e-09,-7.1411760666928e-09,7.21942064560072e-08,-6.8896243371367e-10,-7.795542346087e-09,-1.63827110834313e-07,-1.37501588994526e-08,-1.74189000678341e-08,-6.8896243371367e-10,2.3554383914109e-08,5.88138812541603e-09,-1.2284340427289e-08,1.45084895042799e-08,-2.01194396256055e-08,-7.795542346087e-09,5.88138812541603e-09,-1.64632821587182e-08,-4.34630515800801e-08,1.48160796219128e-09,-1.57262444929644e-08,-1.63827110834313e-07,-1.2284340427289e-08,-4.34630515800801e-08,1.75136816687665e-07
9.00759490902852e-08,4.36540485589821e-10,-1.37501588994526e-08,1.14863785635219e-09,2.93857269636888e-09,4.29396579851158e-08,4.36540485589821e-10,1.64813877499523e-08,-1.74189000678341e-08,-2.13917309935241e-08,-1.42189272450381e-08,2.86065449127408e-08,-1.37501588994526e-08,-1.74189000678341e-08,-6.8896243371367e-10,2.3554383914109e-08,5.88138812541603e-09,-1.2284340427289e-08,1.14863785635219e-09,-2.13917309935241e-08,2.3554383914109e-08,1.87620623453507e-08,5.15141753839231e-09,-4.84041995250823e-08,2.93857269636888e-09,-1.42189272450381e-08,5.88138812541603e-09,5.15141753839231e-09,-7.18195385682584e-09,-3.6977394117432e-08,4.29396579851158e-08,2.86065449127408e-08,-1.2284340427289e-08,-4.84041995250823e-08,-3.6977394117432e-08,-1.51443263335129e-08
1.08672118324586e-08,2.86076462793079e-08,1.45084895042799e-08,2.93857269636888e-09,3.71271701795603e-08,4.05517586145321e-08,2.86076462793079e-08,1.28001178129599e-09,-2.01194396256055e-08,-1.42189272450381e-08,-2.28837859077103e-08,6.0022033874725e-09,1.45084895042799e-08,-2.01194396256055e-08,-7.795542346087e-09,5.88138812541603e-09,-1.64632821587182e-08,-4.34630515800801e-08,2.93857269636888e-09,-1.42189272450381e-08,5.88138812541603e-09,5.15141753839231e-09,-7.18195385682584e-09,-3.6977394117432e-08,3.71271701795603e-08,-2.28837859077103e-08,-1.64632821587182e-08,-7.18195385682584e-09,-3.66160933120879e-08,-6.41402880370262e-08,4.05517586145321e-08,6.0022033874725e-09,-4.34630515800801e-08,-3.6977394117432e-08,-6.41402880370262e-08,-6.19093572755476e-08
-5.11979905820213e-08,-2.73293322432949e-08,1.48160796219128e-09,4.29396579851158e-08,4.05517586145321e-08,1.82089785844602e-07,-2.73293322432949e-08,-5.49257304752667e-08,-1.57262444929644e-08,2.86065449127408e-08,6.0022033874725e-09,-1.10040327316153e-08,1.48160796219128e-09,-1.57262444929644e-08,-1.63827110834313e-07,-1.2284340427289e-08,-4.34630515800801e-08,1.75136816687665e-07,4.29396579851158e-08,2.86065449127408e-08,-1.2284340427289e-08,-4.84041995250823e-08,-3.6977394117432e-08,-1.51443263335129e-08,4.05517586145321e-08,6.0022033874725e-09,-4.34630515800801e-08,-3.6977394117432e-08,-6.41402880370262e-08,-6.19093572755476e-08,1.82089785844602e-07,-1.10040327316153e-08,1.75136816687665e-07,-1.51443263335129e-08,-6.19093572755476e-08,-6.48496633983472e-07
