"V1","V2","V3","V4","V5","V6","V7","V8","V9","V10","V11","V12","V13","V14","V15","V16","V17","V18","V19","V20","V21","V22","V23","V24","V25","V26","V27","V28","V29","V30","V31","V32","V33","V34","V35","V36"
-0.813306001932533,0.12404508867427,0.0513752941643771,0.0484207443720717,-0.0354324686450945,-0.307179158649443,0.12404508867427,-0.0391838797656923,0.0194446588678636,-0.000111561346229706,0.0317190701464838,0.04729999314222,0.0513752941643771,0.0194446588678636,-0.0011441703347968,-0.012334053439727,0.0247515557635391,0.0582047486065011,0.0484207443720717,-0.000111561346229706,-0.012334053439727,-0.00152898930348188,0.00285762720250781,0.046216994523669,-0.0354324686450945,0.0317190701464838,0.0247515557635391,0.00285762720250781,0.0437316918358989,0.037170344510736,-0.307179158649443,0.04729999314222,0.0582047486065011,0.046216994523669,0.037170344510736,-0.00411432497958205
0.12404508867427,-0.0391838797656923,0.0194446588678636,-0.000111561346229706,0.0317190701464838,0.04729999314222,-0.0391838797656923,-0.244184051309496,0.041541102288328,0.0688914519338679,0.0415161347271246,-0.0621416063699015,0.0194446588678636,0.041541102288328,-0.0365535037590332,-0.0192836968908387,-0.0323120328206829,0.0107386131730287,-0.000111561346229706,0.0688914519338679,-0.0192836968908387,-0.034655413732886,-0.0212826362011937,0.0200742396772468,0.0317190701464838,0.0415161347271246,-0.0323120328206829,-0.0212826362011937,-0.0336320963242374,0.0116286458766218,0.04729999314222,-0.0621416063699015,0.0107386131730287,0.0200742396772468,0.0116286458766218,-0.0583462488967844
0.0513752941643771,0.0194446588678636,-0.0011441703347968,-0.012334053439727,0.0247515557635391,0.0582047486065011,0.0194446588678636,0.041541102288328,-0.0365535037590332,-0.0192836968908387,-0.0323120328206829,0.0107386131730287,-0.0011441703347968,-0.0365535037590332,0.0123709672487117,0.0197668847018737,-0.0066182144584182,-0.0402307831937027,-0.012334053439727,-0.0192836968908387,0.0197668847018737,0.0131153102337524,0.00745669423416668,-0.0372641432077438,0.0247515557635391,-0.0323120328206829,-0.0066182144584182,0.00745669423416668,-0.0214614516300616,-0.0410410702997762,0.0582047486065011,0.0107386131730287,-0.0402307831937027,-0.0372641432077438,-0.0410410702997762,-0.0247165888508925
0.0484207443720717,-0.000111561346229706,-0.012334053439727,-0.00152898930348188,0.00285762720250781,0.046216994523669,-0.000111561346229706,0.0688914519338679,-0.0192836968908387,-0.034655413732886,-0.0212826362011937,0.0200742396772468,-0.012334053439727,-0.0192836968908387,0.0197668847018737,0.0131153102337524,0.00745669423416668,-0.0372641432077438,-0.00152898930348188,-0.034655413732886,0.0131153102337524,0.0326798621034134,0.00731619134253014,-0.0330479822618244,0.00285762720250781,-0.0212826362011937,0.00745669423416668,0.00731619134253014,-0.00268829096371794,-0.0333677369156469,0.046216994523669,0.0200742396772468,-0.0372641432077438,-0.0330479822618244,-0.0333677369156469,0.0255347675472545
-0.0354324686450945,0.0317190701464838,0.0247515557635391,0.00285762720250781,0.0437316918358989,0.037170344510736,0.0317190701464838,0.0415161347271246,-0.0323120328206829,-0.0212826362011937,-0.0336320963242374,0.0116286458766218,0.0247515557635391,-0.0323120328206829,-0.0066182144584182,0.00745669423416668,-0.0214614516300616,-0.0410410702997762,0.00285762720250781,-0.0212826362011937,0.00745669423416668,0.00731619134253014,-0.00268829096371794,-0.0333677369156469,0.0437316918358989,-0.0336320963242374,-0.0214614516300616,-0.00268829096371794,-0.0366179563802588,-0.0516449917687025,0.037170344510736,0.0116286458766218,-0.0410410702997762,-0.0333677369156469,-0.0516449917687025,-0.0546456959772037
-0.307179158649443,0.04729999314222,0.0582047486065011,0.046216994523669,0.037170344510736,-0.00411432497958205,0.04729999314222,-0.0621416063699015,0.0107386131730287,0.0200742396772468,0.0116286458766218,-0.0583462488967844,0.0582047486065011,0.0107386131730287,-0.0402307831937027,-0.0372641432077438,-0.0410410702997762,-0.0247165888508925,0.046216994523669,0.0200742396772468,-0.0372641432077438,-0.0330479822618244,-0.0333677369156469,0.0255347675472545,0.037170344510736,0.0116286458766218,-0.0410410702997762,-0.0333677369156469,-0.0516449917687025,-0.0546456959772037,-0.00411432497958205,-0.0583462488967844,-0.0247165888508925,0.0255347675472545,-0.0546456959772037,-0.244358317202932
