"Mkt.RF","SMB","HML","RMW","CMA","Mom"
1.19487882641128,-0.00868400654620381,-0.0445042655792163,-0.1736857646927,-0.160221385272228,-0.185667305153661
-0.00868400654620381,0.317581317202739,0.0170177370498765,-0.0733262061984389,0.00948632323705136,0.00552243415530881
-0.0445042655792163,0.0170177370498765,0.353302757739322,0.0116676375024805,0.121074866350666,-0.167352372646334
-0.1736857646927,-0.0733262061984389,0.0116676375024805,0.205384468157591,0.0416237560633279,0.0529993962476087
-0.160221385272228,0.00948632323705136,0.121074866350666,0.0416237560633279,0.16795882178105,0.0135559737774867
-0.185667305153661,0.00552243415530881,-0.167352372646334,0.0529993962476087,0.0135559737774867,0.704299119983427
