"Mkt.RF","SMB","HML","RMW","CMA","Mom"
0.90491677770849,-0.172611416619239,-0.263199814792417,-0.0855963516467521,-0.171415602437321,0.0443850052576621
-0.172611416619239,0.299047789898761,0.0140928087434441,-0.0657559954853045,0.0107367660761854,0.0379044730775413
-0.263199814792417,0.0140928087434441,0.219856379990132,0.0408263453619916,0.129183136683681,-0.0145869860375693
-0.0855963516467521,-0.0657559954853045,0.0408263453619916,0.169717652618368,0.0318525803732914,0.0147324663173659
-0.171415602437321,0.0107367660761854,0.129183136683681,0.0318525803732914,0.158457472032292,0.00998580089159477
0.0443850052576621,0.0379044730775413,-0.0145869860375693,0.0147324663173659,0.00998580089159477,0.397141570333208
