"V1","V2","V3","V4","V5","V6","V7","V8","V9","V10","V11","V12","V13","V14","V15","V16","V17","V18","V19","V20","V21","V22","V23","V24","V25","V26","V27","V28","V29","V30","V31","V32","V33","V34","V35","V36"
-1.40605932103535e-06,1.30277898825884e-07,-6.36277949938781e-08,1.15625041101786e-07,-4.46894508717868e-09,-3.153457615157e-07,1.30277898825884e-07,-9.28568184529626e-09,2.59000799083482e-08,-1.3501976076057e-08,2.58721401285335e-08,4.06211812250551e-08,-6.36277949938781e-08,2.59000799083482e-08,-1.05975404210277e-08,-1.53019888107991e-08,1.84272188618597e-08,1.63284277936695e-08,1.15625041101786e-07,-1.3501976076057e-08,-1.53019888107991e-08,3.31657793778889e-09,5.15171059268833e-09,5.38778424355279e-08,-4.46894508717868e-09,2.58721401285335e-08,1.84272188618597e-08,5.15171059268833e-09,4.25263018370487e-08,3.73549085532635e-08,-3.153457615157e-07,4.06211812250551e-08,1.63284277936695e-08,5.38778424355279e-08,3.73549085532635e-08,1.24181407042338e-07
1.30277898825884e-07,-9.28568184529626e-09,2.59000799083482e-08,-1.3501976076057e-08,2.58721401285335e-08,4.06211812250551e-08,-9.28568184529626e-09,-2.39560199305286e-07,5.78917666754904e-08,6.36516157786868e-08,4.21603340451228e-08,-6.85576165004362e-08,2.59000799083482e-08,5.78917666754904e-08,-1.86666114757955e-08,-2.50599900622365e-08,-3.08157264306302e-08,-1.46911738786785e-08,-1.3501976076057e-08,6.36516157786868e-08,-2.50599900622365e-08,-2.92043205479811e-08,-2.18056747017915e-08,2.49518060396462e-08,2.58721401285335e-08,4.21603340451228e-08,-3.08157264306302e-08,-2.18056747017915e-08,-3.14254524895899e-08,9.72549078742469e-09,4.06211812250551e-08,-6.85576165004362e-08,-1.46911738786785e-08,2.49518060396462e-08,9.72549078742469e-09,3.96390982946984e-09
-6.36277949938781e-08,2.59000799083482e-08,-1.05975404210277e-08,-1.53019888107991e-08,1.84272188618597e-08,1.63284277936695e-08,2.59000799083482e-08,5.78917666754904e-08,-1.86666114757955e-08,-2.50599900622365e-08,-3.08157264306302e-08,-1.46911738786785e-08,-1.05975404210277e-08,-1.86666114757955e-08,6.1783150048344e-08,5.5994600643806e-10,-1.31210309327228e-08,-1.5226209310705e-07,-1.53019888107991e-08,-2.50599900622365e-08,5.5994600643806e-10,2.28906735649332e-08,7.74456580827312e-09,-1.10272397376152e-08,1.84272188618597e-08,-3.08157264306302e-08,-1.31210309327228e-08,7.74456580827312e-09,-1.97415548312372e-08,-3.70469611608121e-08,1.63284277936695e-08,-1.46911738786785e-08,-1.5226209310705e-07,-1.10272397376152e-08,-3.70469611608121e-08,1.62883995448808e-07
1.15625041101786e-07,-1.3501976076057e-08,-1.53019888107991e-08,3.31657793778889e-09,5.15171059268833e-09,5.38778424355279e-08,-1.3501976076057e-08,6.36516157786868e-08,-2.50599900622365e-08,-2.92043205479811e-08,-2.18056747017915e-08,2.49518060396462e-08,-1.53019888107991e-08,-2.50599900622365e-08,5.5994600643806e-10,2.28906735649332e-08,7.74456580827312e-09,-1.10272397376152e-08,3.31657793778889e-09,-2.92043205479811e-08,2.28906735649332e-08,1.97445224884551e-08,4.8784382839664e-09,-4.80353115059195e-08,5.15171059268833e-09,-2.18056747017915e-08,7.74456580827312e-09,4.8784382839664e-09,-5.41169289757007e-09,-3.72990715970366e-08,5.38778424355279e-08,2.49518060396462e-08,-1.10272397376152e-08,-4.80353115059195e-08,-3.72990715970366e-08,-2.00370055056414e-08
-4.46894508717868e-09,2.58721401285335e-08,1.84272188618597e-08,5.15171059268833e-09,4.25263018370487e-08,3.73549085532635e-08,2.58721401285335e-08,4.21603340451228e-08,-3.08157264306302e-08,-2.18056747017915e-08,-3.14254524895899e-08,9.72549078742469e-09,1.84272188618597e-08,-3.08157264306302e-08,-1.31210309327228e-08,7.74456580827312e-09,-1.97415548312372e-08,-3.70469611608121e-08,5.15171059268833e-09,-2.18056747017915e-08,7.74456580827312e-09,4.8784382839664e-09,-5.41169289757007e-09,-3.72990715970366e-08,4.25263018370487e-08,-3.14254524895899e-08,-1.97415548312372e-08,-5.41169289757007e-09,-3.91253500520488e-08,-6.14548427751633e-08,3.73549085532635e-08,9.72549078742469e-09,-3.70469611608121e-08,-3.72990715970366e-08,-6.14548427751633e-08,-7.2619913811969e-08
-3.153457615157e-07,4.06211812250551e-08,1.63284277936695e-08,5.38778424355279e-08,3.73549085532635e-08,1.24181407042338e-07,4.06211812250551e-08,-6.85576165004362e-08,-1.46911738786785e-08,2.49518060396462e-08,9.72549078742469e-09,3.96390982946984e-09,1.63284277936695e-08,-1.46911738786785e-08,-1.5226209310705e-07,-1.10272397376152e-08,-3.70469611608121e-08,1.62883995448808e-07,5.38778424355279e-08,2.49518060396462e-08,-1.10272397376152e-08,-4.80353115059195e-08,-3.72990715970366e-08,-2.00370055056414e-08,3.73549085532635e-08,9.72549078742469e-09,-3.70469611608121e-08,-3.72990715970366e-08,-6.14548427751633e-08,-7.2619913811969e-08,1.24181407042338e-07,3.96390982946984e-09,1.62883995448808e-07,-2.00370055056414e-08,-7.2619913811969e-08,-6.4403869057462e-07
