"Mkt.RF","SMB","HML","RMW","CMA","MOM"
9.12165147956112e-05,-1.80830575744496e-05,-2.59826652612969e-05,-8.5209882578125e-06,-1.70001974998836e-05,4.27149302255238e-06
-1.80830575744496e-05,2.97191305278908e-05,1.58394218022922e-06,-6.58727652458909e-06,1.13228655312131e-06,3.43252035220081e-06
-2.59826652612969e-05,1.58394218022922e-06,2.20344636292665e-05,3.97969539832962e-06,1.30018937898887e-05,-1.3252121659897e-06
-8.5209882578125e-06,-6.58727652458909e-06,3.97969539832962e-06,1.68524860653542e-05,3.1943674530189e-06,1.40373376601444e-06
-1.70001974998836e-05,1.13228655312131e-06,1.30018937898887e-05,3.1943674530189e-06,1.58693383468192e-05,1.19476247714593e-06
4.27149302255238e-06,3.43252035220081e-06,-1.3252121659897e-06,1.40373376601444e-06,1.19476247714593e-06,3.93239084003995e-05
