"V1","V2","V3","V4","V5","V6","V7","V8","V9","V10","V11","V12","V13","V14","V15","V16","V17","V18","V19","V20","V21","V22","V23","V24","V25","V26","V27","V28","V29","V30","V31","V32","V33","V34","V35","V36"
-1.06119683321149e-06,2.07641417241261e-07,7.95350592430196e-08,4.79732208601907e-08,-1.51148480751669e-08,-3.26619897988147e-07,2.07641417241261e-07,-5.58344771665113e-08,4.18760903996222e-09,-1.58896043235777e-08,1.2586819545876e-08,5.04506746496393e-08,7.95350592430196e-08,4.18760903996222e-09,6.74348663525701e-09,-1.36263573115495e-08,1.30853027242355e-08,3.05069520757905e-08,4.79732208601907e-08,-1.58896043235777e-08,-1.36263573115495e-08,5.44608596148664e-09,-5.91422326391728e-09,2.04691611648492e-08,-1.51148480751669e-08,1.2586819545876e-08,1.30853027242355e-08,-5.91422326391728e-09,1.4150384608551e-08,8.9019819611758e-09,-3.26619897988147e-07,5.04506746496393e-08,3.05069520757905e-08,2.04691611648492e-08,8.9019819611758e-09,-4.14117371616627e-08
2.07641417241261e-07,-5.58344771665113e-08,4.18760903996222e-09,-1.58896043235777e-08,1.2586819545876e-08,5.04506746496393e-08,-5.58344771665113e-08,-2.56852823162816e-07,4.49794095783775e-08,5.95030738233775e-08,3.97894321397069e-08,-4.34065807043314e-08,4.18760903996222e-09,4.49794095783775e-08,-1.85233371495682e-08,-7.16027374854222e-09,-1.41676449987572e-08,-3.56297135691389e-10,-1.58896043235777e-08,5.95030738233775e-08,-7.16027374854222e-09,-1.36396093590399e-08,-7.98049698214579e-09,2.02803904777928e-09,1.2586819545876e-08,3.97894321397069e-08,-1.41676449987572e-08,-7.98049698214579e-09,-1.2529652181848e-08,4.46467168959975e-09,5.04506746496393e-08,-4.34065807043314e-08,-3.56297135691389e-10,2.02803904777928e-09,4.46467168959975e-09,2.27330884719015e-09
7.95350592430196e-08,4.18760903996222e-09,6.74348663525701e-09,-1.36263573115495e-08,1.30853027242355e-08,3.05069520757905e-08,4.18760903996222e-09,4.49794095783775e-08,-1.85233371495682e-08,-7.16027374854222e-09,-1.41676449987572e-08,-3.56297135691389e-10,6.74348663525701e-09,-1.85233371495682e-08,1.62680433648228e-09,4.33901517844461e-09,-4.07582684736995e-09,-1.69548623355797e-08,-1.36263573115495e-08,-7.16027374854222e-09,4.33901517844461e-09,1.89026766253626e-09,3.85473659245289e-09,-7.05005435570563e-11,1.30853027242355e-08,-1.41676449987572e-08,-4.07582684736995e-09,3.85473659245289e-09,-5.11724727823896e-09,-8.54223246423557e-09,3.05069520757905e-08,-3.56297135691389e-10,-1.69548623355797e-08,-7.05005435570563e-11,-8.54223246423557e-09,-2.50547366109139e-09
4.79732208601907e-08,-1.58896043235777e-08,-1.36263573115495e-08,5.44608596148664e-09,-5.91422326391728e-09,2.04691611648492e-08,-1.58896043235777e-08,5.95030738233775e-08,-7.16027374854222e-09,-1.36396093590399e-08,-7.98049698214579e-09,2.02803904777928e-09,-1.36263573115495e-08,-7.16027374854222e-09,4.33901517844461e-09,1.89026766253626e-09,3.85473659245289e-09,-7.05005435570563e-11,5.44608596148664e-09,-1.36396093590399e-08,1.89026766253626e-09,4.05356607057213e-09,1.45001830516088e-09,-4.07439025168056e-09,-5.91422326391728e-09,-7.98049698214579e-09,3.85473659245289e-09,1.45001830516088e-09,3.25324583938191e-09,7.48697909206895e-10,2.04691611648492e-08,2.02803904777928e-09,-7.05005435570563e-11,-4.07439025168056e-09,7.48697909206895e-10,6.16092202278221e-09
-1.51148480751669e-08,1.2586819545876e-08,1.30853027242355e-08,-5.91422326391728e-09,1.4150384608551e-08,8.9019819611758e-09,1.2586819545876e-08,3.97894321397069e-08,-1.41676449987572e-08,-7.98049698214579e-09,-1.2529652181848e-08,4.46467168959975e-09,1.30853027242355e-08,-1.41676449987572e-08,-4.07582684736995e-09,3.85473659245289e-09,-5.11724727823896e-09,-8.54223246423557e-09,-5.91422326391728e-09,-7.98049698214579e-09,3.85473659245289e-09,1.45001830516088e-09,3.25324583938191e-09,7.48697909206895e-10,1.4150384608551e-08,-1.2529652181848e-08,-5.11724727823896e-09,3.25324583938191e-09,-3.77067929341948e-09,-6.96142900611257e-09,8.9019819611758e-09,4.46467168959975e-09,-8.54223246423557e-09,7.48697909206895e-10,-6.96142900611257e-09,-1.40383183768167e-08
-3.26619897988147e-07,5.04506746496393e-08,3.05069520757905e-08,2.04691611648492e-08,8.9019819611758e-09,-4.14117371616627e-08,5.04506746496393e-08,-4.34065807043314e-08,-3.56297135691389e-10,2.02803904777928e-09,4.46467168959975e-09,2.27330884719015e-09,3.05069520757905e-08,-3.56297135691389e-10,-1.69548623355797e-08,-7.05005435570563e-11,-8.54223246423557e-09,-2.50547366109139e-09,2.04691611648492e-08,2.02803904777928e-09,-7.05005435570563e-11,-4.07439025168056e-09,7.48697909206895e-10,6.16092202278221e-09,8.9019819611758e-09,4.46467168959975e-09,-8.54223246423557e-09,7.48697909206895e-10,-6.96142900611257e-09,-1.40383183768167e-08,-4.14117371616627e-08,2.27330884719015e-09,-2.50547366109139e-09,6.16092202278221e-09,-1.40383183768167e-08,-8.61608652480727e-08
