"V1","V2","V3","V4","V5","V6","V7","V8","V9","V10","V11","V12","V13","V14","V15","V16","V17","V18","V19","V20","V21","V22","V23","V24","V25","V26","V27","V28","V29","V30","V31","V32","V33","V34","V35","V36"
-1.0264947699226e-06,2.11831784341038e-07,7.2375153848971e-08,4.20741909308382e-08,-1.97304105114837e-08,-3.24071362135773e-07,2.11831784341038e-07,-5.92934087699815e-08,1.44012981003791e-09,-1.50143979514567e-08,1.09383410209086e-08,5.30699496239942e-08,7.2375153848971e-08,1.44012981003791e-09,7.27052381091898e-09,-1.1772802166693e-08,1.36023786350489e-08,3.03610906587385e-08,4.20741909308382e-08,-1.50143979514567e-08,-1.1772802166693e-08,5.9422313917994e-09,-5.04572972081148e-09,1.91837527349529e-08,-1.97304105114837e-08,1.09383410209086e-08,1.36023786350489e-08,-5.04572972081148e-09,1.46853583391799e-08,8.49445474886632e-09,-3.24071362135773e-07,5.30699496239942e-08,3.03610906587385e-08,1.91837527349529e-08,8.49445474886632e-09,-4.15914084072475e-08
2.11831784341038e-07,-5.92934087699815e-08,1.44012981003791e-09,-1.50143979514567e-08,1.09383410209086e-08,5.30699496239942e-08,-5.92934087699815e-08,-2.55370871162882e-07,4.64986230986346e-08,5.92120957014818e-08,4.05263043440344e-08,-4.4628869781482e-08,1.44012981003791e-09,4.64986230986346e-08,-1.69680020546468e-08,-7.40238208824693e-09,-1.31904608250107e-08,-1.66092936395834e-09,-1.50143979514567e-08,5.92120957014818e-08,-7.40238208824693e-09,-1.36245253982883e-08,-8.21784298328492e-09,2.30064060734621e-09,1.09383410209086e-08,4.05263043440344e-08,-1.31904608250107e-08,-8.21784298328492e-09,-1.16843610967445e-08,3.23579268548982e-09,5.30699496239942e-08,-4.4628869781482e-08,-1.66092936395834e-09,2.30064060734621e-09,3.23579268548982e-09,3.33689043487257e-09
7.2375153848971e-08,1.44012981003791e-09,7.27052381091898e-09,-1.1772802166693e-08,1.36023786350489e-08,3.03610906587385e-08,1.44012981003791e-09,4.64986230986346e-08,-1.69680020546468e-08,-7.40238208824693e-09,-1.31904608250107e-08,-1.66092936395834e-09,7.27052381091898e-09,-1.69680020546468e-08,2.66208482930542e-09,3.47251097743361e-09,-3.39885471920707e-09,-1.78250016696169e-08,-1.1772802166693e-08,-7.40238208824693e-09,3.47251097743361e-09,1.97497422908624e-09,3.13960879359594e-09,7.49896794162333e-10,1.36023786350489e-08,-1.31904608250107e-08,-3.39885471920707e-09,3.13960879359594e-09,-4.56659831850356e-09,-9.08200467547943e-09,3.03610906587385e-08,-1.66092936395834e-09,-1.78250016696169e-08,7.49896794162333e-10,-9.08200467547943e-09,-1.41993889606163e-09
4.20741909308382e-08,-1.50143979514567e-08,-1.1772802166693e-08,5.9422313917994e-09,-5.04572972081148e-09,1.91837527349529e-08,-1.50143979514567e-08,5.92120957014818e-08,-7.40238208824693e-09,-1.36245253982883e-08,-8.21784298328492e-09,2.30064060734621e-09,-1.1772802166693e-08,-7.40238208824693e-09,3.47251097743361e-09,1.97497422908624e-09,3.13960879359594e-09,7.49896794162333e-10,5.9422313917994e-09,-1.36245253982883e-08,1.97497422908624e-09,3.60815940494007e-09,1.70627513406082e-09,-4.46825313055947e-09,-5.04572972081148e-09,-8.21784298328492e-09,3.13960879359594e-09,1.70627513406082e-09,2.62918536477639e-09,1.44538585902981e-09,1.91837527349529e-08,2.30064060734621e-09,7.49896794162333e-10,-4.46825313055947e-09,1.44538585902981e-09,5.36743700216368e-09
-1.97304105114837e-08,1.09383410209086e-08,1.36023786350489e-08,-5.04572972081148e-09,1.46853583391799e-08,8.49445474886632e-09,1.09383410209086e-08,4.05263043440344e-08,-1.31904608250107e-08,-8.21784298328492e-09,-1.16843610967445e-08,3.23579268548982e-09,1.36023786350489e-08,-1.31904608250107e-08,-3.39885471920707e-09,3.13960879359594e-09,-4.56659831850356e-09,-9.08200467547943e-09,-5.04572972081148e-09,-8.21784298328492e-09,3.13960879359594e-09,1.70627513406082e-09,2.62918536477639e-09,1.44538585902981e-09,1.46853583391799e-08,-1.16843610967445e-08,-4.56659831850356e-09,2.62918536477639e-09,-3.20112092568512e-09,-7.30236765979426e-09,8.49445474886632e-09,3.23579268548982e-09,-9.08200467547943e-09,1.44538585902981e-09,-7.30236765979426e-09,-1.35659098928261e-08
-3.24071362135773e-07,5.30699496239942e-08,3.03610906587385e-08,1.91837527349529e-08,8.49445474886632e-09,-4.15914084072475e-08,5.30699496239942e-08,-4.4628869781482e-08,-1.66092936395834e-09,2.30064060734621e-09,3.23579268548982e-09,3.33689043487257e-09,3.03610906587385e-08,-1.66092936395834e-09,-1.78250016696169e-08,7.49896794162333e-10,-9.08200467547943e-09,-1.41993889606163e-09,1.91837527349529e-08,2.30064060734621e-09,7.49896794162333e-10,-4.46825313055947e-09,1.44538585902981e-09,5.36743700216368e-09,8.49445474886632e-09,3.23579268548982e-09,-9.08200467547943e-09,1.44538585902981e-09,-7.30236765979426e-09,-1.35659098928261e-08,-4.15914084072475e-08,3.33689043487257e-09,-1.41993889606163e-09,5.36743700216368e-09,-1.35659098928261e-08,-8.64366590481935e-08
