"V1","V2","V3","V4","V5","V6","V7","V8","V9","V10","V11","V12","V13","V14","V15","V16","V17","V18","V19","V20","V21","V22","V23","V24","V25","V26","V27","V28","V29","V30","V31","V32","V33","V34","V35","V36"
-0.831023285024059,0.0644242306798953,-0.0559947608680384,0.0835147442495747,-0.0168608153198463,-0.28340810599196,0.0644242306798953,0.00381932430811367,0.0360302297928341,-0.0141266172772294,0.0313533892068032,0.0478629407630669,-0.0559947608680384,0.0360302297928341,0.00887486085168658,-0.016773010383742,0.018115486952871,0.012633026365728,0.0835147442495747,-0.0141266172772294,-0.016773010383742,0.00512359771409454,0.00553364793148608,0.0475116806412423,-0.0168608153198463,0.0313533892068032,0.018115486952871,0.00553364793148608,0.0440419912571226,0.0390554796256995,-0.28340810599196,0.0478629407630669,0.012633026365728,0.0475116806412423,0.0390554796256995,0.119836748075648
0.0644242306798953,0.00381932430811367,0.0360302297928341,-0.0141266172772294,0.0313533892068032,0.0478629407630669,0.00381932430811367,-0.204569321983684,0.0495957597043428,0.059501449226617,0.0359082235497291,-0.064052097715197,0.0360302297928341,0.0495957597043428,-0.0185672889770638,-0.0240820582152989,-0.0312179960251803,-0.0163180403621632,-0.0141266172772294,0.059501449226617,-0.0240820582152989,-0.0298345037682706,-0.0212269787101384,0.0207250854959541,0.0313533892068032,0.0359082235497291,-0.0312179960251803,-0.0212269787101384,-0.0316708337749395,0.00847155143701836,0.0478629407630669,-0.064052097715197,-0.0163180403621632,0.0207250854959541,0.00847155143701836,0.00393473509325794
-0.0559947608680384,0.0360302297928341,0.00887486085168658,-0.016773010383742,0.018115486952871,0.012633026365728,0.0360302297928341,0.0495957597043428,-0.0185672889770638,-0.0240820582152989,-0.0312179960251803,-0.0163180403621632,0.00887486085168658,-0.0185672889770638,0.0783907780508084,-0.00247599679272694,-0.0122794804291872,-0.150477786990479,-0.016773010383742,-0.0240820582152989,-0.00247599679272694,0.0241900629977135,0.00851270306807902,-0.0106421401925746,0.018115486952871,-0.0312179960251803,-0.0122794804291872,0.00851270306807902,-0.0180323598119053,-0.0345897791956789,0.012633026365728,-0.0163180403621632,-0.150477786990479,-0.0106421401925746,-0.0345897791956789,0.137625000188763
0.0835147442495747,-0.0141266172772294,-0.016773010383742,0.00512359771409454,0.00553364793148608,0.0475116806412423,-0.0141266172772294,0.059501449226617,-0.0240820582152989,-0.0298345037682706,-0.0212269787101384,0.0207250854959541,-0.016773010383742,-0.0240820582152989,-0.00247599679272694,0.0241900629977135,0.00851270306807902,-0.0106421401925746,0.00512359771409454,-0.0298345037682706,0.0241900629977135,0.0255033040994144,0.00666736073100989,-0.0432174159425382,0.00553364793148608,-0.0212269787101384,0.00851270306807902,0.00666736073100989,-0.00347960907907088,-0.0347119524401925,0.0475116806412423,0.0207250854959541,-0.0106421401925746,-0.0432174159425382,-0.0347119524401925,-0.0107743637275461
-0.0168608153198463,0.0313533892068032,0.018115486952871,0.00553364793148608,0.0440419912571226,0.0390554796256995,0.0313533892068032,0.0359082235497291,-0.0312179960251803,-0.0212269787101384,-0.0316708337749395,0.00847155143701836,0.018115486952871,-0.0312179960251803,-0.0122794804291872,0.00851270306807902,-0.0180323598119053,-0.0345897791956789,0.00553364793148608,-0.0212269787101384,0.00851270306807902,0.00666736073100989,-0.00347960907907088,-0.0347119524401925,0.0440419912571226,-0.0316708337749395,-0.0180323598119053,-0.00347960907907088,-0.036235428913662,-0.0574542558959271,0.0390554796256995,0.00847155143701836,-0.0345897791956789,-0.0347119524401925,-0.0574542558959271,-0.0687641187772896
-0.28340810599196,0.0478629407630669,0.012633026365728,0.0475116806412423,0.0390554796256995,0.119836748075648,0.0478629407630669,-0.064052097715197,-0.0163180403621632,0.0207250854959541,0.00847155143701836,0.00393473509325794,0.012633026365728,-0.0163180403621632,-0.150477786990479,-0.0106421401925746,-0.0345897791956789,0.137625000188763,0.0475116806412423,0.0207250854959541,-0.0106421401925746,-0.0432174159425382,-0.0347119524401925,-0.0107743637275461,0.0390554796256995,0.00847155143701836,-0.0345897791956789,-0.0347119524401925,-0.0574542558959271,-0.0687641187772896,0.119836748075648,0.00393473509325794,0.137625000188763,-0.0107743637275461,-0.0687641187772896,-0.541971520510494
