"V1","V2","V3","V4","V5","V6","V7","V8","V9","V10","V11","V12","V13","V14","V15","V16","V17","V18","V19","V20","V21","V22","V23","V24","V25","V26","V27","V28","V29","V30","V31","V32","V33","V34","V35","V36"
-1.29001963663128e-06,1.08094141923135e-07,-5.24213761677565e-08,9.65373842447395e-08,-4.56923733547101e-09,-3.28080432732385e-07,1.08094141923135e-07,-9.04226333882203e-09,3.70500707142806e-08,-1.26120544565413e-08,3.17186918107347e-08,4.31540603090854e-08,-5.24213761677565e-08,3.70500707142806e-08,-2.94866228017985e-09,-1.65884504249799e-08,2.27158099146348e-08,2.5338439491981e-08,9.65373842447395e-08,-1.26120544565413e-08,-1.65884504249799e-08,7.32862521097532e-09,5.0670333811082e-09,5.57085391451531e-08,-4.56923733547101e-09,3.17186918107347e-08,2.27158099146348e-08,5.0670333811082e-09,4.60881190939195e-08,4.19167312766311e-08,-3.28080432732385e-07,4.31540603090854e-08,2.5338439491981e-08,5.57085391451531e-08,4.19167312766311e-08,1.24508894774191e-07
1.08094141923135e-07,-9.04226333882203e-09,3.70500707142806e-08,-1.26120544565413e-08,3.17186918107347e-08,4.31540603090854e-08,-9.04226333882203e-09,-2.75801691097638e-07,5.4272862900968e-08,7.34287344811391e-08,4.2431506595457e-08,-7.94436364525485e-08,3.70500707142806e-08,5.4272862900968e-08,-2.05039022129957e-08,-2.34976618598247e-08,-3.1904158058627e-08,-1.39292481531869e-08,-1.26120544565413e-08,7.34287344811391e-08,-2.34976618598247e-08,-3.29954758746095e-08,-2.18386744005991e-08,2.54138883694768e-08,3.17186918107347e-08,4.2431506595457e-08,-3.1904158058627e-08,-2.18386744005991e-08,-3.31566862995548e-08,8.95506942201752e-09,4.31540603090854e-08,-7.94436364525485e-08,-1.39292481531869e-08,2.54138883694768e-08,8.95506942201752e-09,-9.44095401362962e-09
-5.24213761677565e-08,3.70500707142806e-08,-2.94866228017985e-09,-1.65884504249799e-08,2.27158099146348e-08,2.5338439491981e-08,3.70500707142806e-08,5.4272862900968e-08,-2.05039022129957e-08,-2.34976618598247e-08,-3.1904158058627e-08,-1.39292481531869e-08,-2.94866228017985e-09,-2.05039022129957e-08,6.12666985859089e-08,-3.58774291000525e-09,-1.45900723454672e-08,-1.50577684825704e-07,-1.65884504249799e-08,-2.34976618598247e-08,-3.58774291000525e-09,2.08955362475167e-08,5.86306881783557e-09,-1.1777409202034e-08,2.27158099146348e-08,-3.1904158058627e-08,-1.45900723454672e-08,5.86306881783557e-09,-2.2313152470225e-08,-3.80277461636191e-08,2.5338439491981e-08,-1.39292481531869e-08,-1.50577684825704e-07,-1.1777409202034e-08,-3.80277461636191e-08,1.54170769605541e-07
9.65373842447395e-08,-1.26120544565413e-08,-1.65884504249799e-08,7.32862521097532e-09,5.0670333811082e-09,5.57085391451531e-08,-1.26120544565413e-08,7.34287344811391e-08,-2.34976618598247e-08,-3.29954758746095e-08,-2.18386744005991e-08,2.54138883694768e-08,-1.65884504249799e-08,-2.34976618598247e-08,-3.58774291000525e-09,2.08955362475167e-08,5.86306881783557e-09,-1.1777409202034e-08,7.32862521097532e-09,-3.29954758746095e-08,2.08955362475167e-08,2.03263776316726e-08,4.12046008668532e-09,-4.76348654725459e-08,5.0670333811082e-09,-2.18386744005991e-08,5.86306881783557e-09,4.12046008668532e-09,-6.19035915899937e-09,-3.77346586540698e-08,5.57085391451531e-08,2.54138883694768e-08,-1.1777409202034e-08,-4.76348654725459e-08,-3.77346586540698e-08,-1.73527942580967e-08
-4.56923733547101e-09,3.17186918107347e-08,2.27158099146348e-08,5.0670333811082e-09,4.60881190939195e-08,4.19167312766311e-08,3.17186918107347e-08,4.2431506595457e-08,-3.1904158058627e-08,-2.18386744005991e-08,-3.31566862995548e-08,8.95506942201752e-09,2.27158099146348e-08,-3.1904158058627e-08,-1.45900723454672e-08,5.86306881783557e-09,-2.2313152470225e-08,-3.80277461636191e-08,5.0670333811082e-09,-2.18386744005991e-08,5.86306881783557e-09,4.12046008668532e-09,-6.19035915899937e-09,-3.77346586540698e-08,4.60881190939195e-08,-3.31566862995548e-08,-2.2313152470225e-08,-6.19035915899937e-09,-4.18059031400064e-08,-6.30653786785124e-08,4.19167312766311e-08,8.95506942201752e-09,-3.80277461636191e-08,-3.77346586540698e-08,-6.30653786785124e-08,-7.83772162665531e-08
-3.28080432732385e-07,4.31540603090854e-08,2.5338439491981e-08,5.57085391451531e-08,4.19167312766311e-08,1.24508894774191e-07,4.31540603090854e-08,-7.94436364525485e-08,-1.39292481531869e-08,2.54138883694768e-08,8.95506942201752e-09,-9.44095401362962e-09,2.5338439491981e-08,-1.39292481531869e-08,-1.50577684825704e-07,-1.1777409202034e-08,-3.80277461636191e-08,1.54170769605541e-07,5.57085391451531e-08,2.54138883694768e-08,-1.1777409202034e-08,-4.76348654725459e-08,-3.77346586540698e-08,-1.73527942580967e-08,4.19167312766311e-08,8.95506942201752e-09,-3.80277461636191e-08,-3.77346586540698e-08,-6.30653786785124e-08,-7.83772162665531e-08,1.24508894774191e-07,-9.44095401362962e-09,1.54170769605541e-07,-1.73527942580967e-08,-7.83772162665531e-08,-6.59643055087586e-07
