"V1","V2","V3","V4","V5","V6","V7","V8","V9","V10","V11","V12","V13","V14","V15","V16","V17","V18","V19","V20","V21","V22","V23","V24","V25","V26","V27","V28","V29","V30","V31","V32","V33","V34","V35","V36"
-1.10095098443063e-06,2.01458352535115e-07,8.83895251519127e-08,5.45938138716539e-08,-1.82364885918266e-09,-3.27479537221278e-07,2.01458352535115e-07,-5.25268762328508e-08,7.64287485614946e-09,-1.36265961946891e-08,1.74203205662203e-08,4.91514515482001e-08,8.83895251519127e-08,7.64287485614946e-09,5.04127543564467e-09,-1.70798803810271e-08,9.58020502638473e-09,3.38134357689475e-08,5.45938138716539e-08,-1.36265961946891e-08,-1.70798803810271e-08,3.66657334033003e-09,-9.47575649918085e-09,2.3082166099873e-08,-1.82364885918266e-09,1.74203205662203e-08,9.58020502638473e-09,-9.47575649918085e-09,9.55365696993804e-09,1.06443901427361e-08,-3.27479537221278e-07,4.91514515482001e-08,3.38134357689475e-08,2.3082166099873e-08,1.06443901427361e-08,-4.50756099545957e-08
2.01458352535115e-07,-5.25268762328508e-08,7.64287485614946e-09,-1.36265961946891e-08,1.74203205662203e-08,4.91514515482001e-08,-5.25268762328508e-08,-2.56644899293401e-07,4.32393035753593e-08,5.90595491758878e-08,3.91293735032733e-08,-4.35159731799814e-08,7.64287485614946e-09,4.32393035753593e-08,-2.03208864363315e-08,-7.68413944389106e-09,-1.62007081283321e-08,3.5218478611192e-10,-1.36265961946891e-08,5.90595491758878e-08,-7.68413944389106e-09,-1.35648883726616e-08,-8.90917762914053e-09,2.38154803387989e-09,1.74203205662203e-08,3.91293735032733e-08,-1.62007081283321e-08,-8.90917762914053e-09,-1.59575810299142e-08,4.76412832352252e-09,4.91514515482001e-08,-4.35159731799814e-08,3.5218478611192e-10,2.38154803387989e-09,4.76412832352252e-09,6.34274733916598e-09
8.83895251519127e-08,7.64287485614946e-09,5.04127543564467e-09,-1.70798803810271e-08,9.58020502638473e-09,3.38134357689475e-08,7.64287485614946e-09,4.32393035753593e-08,-2.03208864363315e-08,-7.68413944389106e-09,-1.62007081283321e-08,3.5218478611192e-10,5.04127543564467e-09,-2.03208864363315e-08,4.06318782683716e-09,7.33853756552399e-09,-1.78378186716311e-09,-2.30788351566966e-08,-1.70798803810271e-08,-7.68413944389106e-09,7.33853756552399e-09,3.2731152122414e-09,6.17966903217186e-09,-4.36953946984572e-09,9.58020502638473e-09,-1.62007081283321e-08,-1.78378186716311e-09,6.17966903217186e-09,-2.96328286335866e-09,-1.24076079878149e-08,3.38134357689475e-08,3.5218478611192e-10,-2.30788351566966e-08,-4.36953946984572e-09,-1.24076079878149e-08,7.3569370843993e-09
5.45938138716539e-08,-1.36265961946891e-08,-1.70798803810271e-08,3.66657334033003e-09,-9.47575649918085e-09,2.3082166099873e-08,-1.36265961946891e-08,5.90595491758878e-08,-7.68413944389106e-09,-1.35648883726616e-08,-8.90917762914053e-09,2.38154803387989e-09,-1.70798803810271e-08,-7.68413944389106e-09,7.33853756552399e-09,3.2731152122414e-09,6.17966903217186e-09,-4.36953946984572e-09,3.66657334033003e-09,-1.35648883726616e-08,3.2731152122414e-09,4.10153439333912e-09,2.29599533824199e-09,-7.0646800348183e-09,-9.47575649918085e-09,-8.90917762914053e-09,6.17966903217186e-09,2.29599533824199e-09,5.08256330809607e-09,-2.11718821726565e-09,2.3082166099873e-08,2.38154803387989e-09,-4.36953946984572e-09,-7.0646800348183e-09,-2.11718821726565e-09,1.20538718242147e-08
-1.82364885918266e-09,1.74203205662203e-08,9.58020502638473e-09,-9.47575649918085e-09,9.55365696993804e-09,1.06443901427361e-08,1.74203205662203e-08,3.91293735032733e-08,-1.62007081283321e-08,-8.90917762914053e-09,-1.59575810299142e-08,4.76412832352252e-09,9.58020502638473e-09,-1.62007081283321e-08,-1.78378186716311e-09,6.17966903217186e-09,-2.96328286335866e-09,-1.24076079878149e-08,-9.47575649918085e-09,-8.90917762914053e-09,6.17966903217186e-09,2.29599533824199e-09,5.08256330809607e-09,-2.11718821726565e-09,9.55365696993804e-09,-1.59575810299142e-08,-2.96328286335866e-09,5.08256330809607e-09,-1.13160524158186e-09,-9.03460884512868e-09,1.06443901427361e-08,4.76412832352252e-09,-1.24076079878149e-08,-2.11718821726565e-09,-9.03460884512868e-09,-8.74890984787572e-09
-3.27479537221278e-07,4.91514515482001e-08,3.38134357689475e-08,2.3082166099873e-08,1.06443901427361e-08,-4.50756099545957e-08,4.91514515482001e-08,-4.35159731799814e-08,3.5218478611192e-10,2.38154803387989e-09,4.76412832352252e-09,6.34274733916598e-09,3.38134357689475e-08,3.5218478611192e-10,-2.30788351566966e-08,-4.36953946984572e-09,-1.24076079878149e-08,7.3569370843993e-09,2.3082166099873e-08,2.38154803387989e-09,-4.36953946984572e-09,-7.0646800348183e-09,-2.11718821726565e-09,1.20538718242147e-08,1.06443901427361e-08,4.76412832352252e-09,-1.24076079878149e-08,-2.11718821726565e-09,-9.03460884512868e-09,-8.74890984787572e-09,-4.50756099545957e-08,6.34274733916598e-09,7.3569370843993e-09,1.20538718242147e-08,-8.74890984787572e-09,-1.08618088904923e-07
