"V1","V2","V3","V4","V5","V6","V7","V8","V9","V10","V11","V12","V13","V14","V15","V16","V17","V18","V19","V20","V21","V22","V23","V24","V25","V26","V27","V28","V29","V30","V31","V32","V33","V34","V35","V36"
-1.13040144322736e-06,1.72255994414902e-07,7.42913581304724e-08,5.96212420326935e-08,-2.7701966907969e-08,-3.64032617991735e-07,1.72255994414902e-07,-4.23282827347704e-08,1.79608371995602e-08,-1.04360606892187e-09,3.14447801533634e-08,5.2536396715015e-08,7.42913581304724e-08,1.79608371995602e-08,-1.66552443108429e-09,-1.17839468334289e-08,2.49888334759339e-08,6.4774005243352e-08,5.96212420326935e-08,-1.04360606892187e-09,-1.17839468334289e-08,-9.20895232405719e-10,3.38517254053724e-09,4.93147331759062e-08,-2.7701966907969e-08,3.14447801533634e-08,2.49888334759339e-08,3.38517254053724e-09,4.4665168313876e-08,4.10736154271824e-08,-3.64032617991735e-07,5.2536396715015e-08,6.4774005243352e-08,4.93147331759062e-08,4.10736154271824e-08,-1.59558479903461e-08
1.72255994414902e-07,-4.23282827347704e-08,1.79608371995602e-08,-1.04360606892187e-09,3.14447801533634e-08,5.2536396715015e-08,-4.23282827347704e-08,-2.90184030140825e-07,4.60831731162899e-08,7.43538211730017e-08,4.60821558366382e-08,-6.53638267465446e-08,1.79608371995602e-08,4.60831731162899e-08,-3.75209741988229e-08,-1.95323737187096e-08,-3.32317395232504e-08,1.10133757906248e-08,-1.04360606892187e-09,7.43538211730017e-08,-1.95323737187096e-08,-3.44801338618593e-08,-2.1716118971647e-08,2.05823468041348e-08,3.14447801533634e-08,4.60821558366382e-08,-3.32317395232504e-08,-2.1716118971647e-08,-3.46767102328586e-08,1.13914182913684e-08,5.2536396715015e-08,-6.53638267465446e-08,1.10133757906248e-08,2.05823468041348e-08,1.13914182913684e-08,-6.50312086742178e-08
7.42913581304724e-08,1.79608371995602e-08,-1.66552443108429e-09,-1.17839468334289e-08,2.49888334759339e-08,6.4774005243352e-08,1.79608371995602e-08,4.60831731162899e-08,-3.75209741988229e-08,-1.95323737187096e-08,-3.32317395232504e-08,1.10133757906248e-08,-1.66552443108429e-09,-3.75209741988229e-08,6.50521955990828e-09,1.71243001864885e-08,-1.07375539639914e-08,-4.38734489523242e-08,-1.17839468334289e-08,-1.95323737187096e-08,1.71243001864885e-08,1.00162939021389e-08,5.06581228574965e-09,-3.91150124960963e-08,2.49888334759339e-08,-3.32317395232504e-08,-1.07375539639914e-08,5.06581228574965e-09,-2.55898753503632e-08,-4.53637934338189e-08,6.4774005243352e-08,1.10133757906248e-08,-4.38734489523242e-08,-3.91150124960963e-08,-4.53637934338189e-08,-2.90784989882474e-08
5.96212420326935e-08,-1.04360606892187e-09,-1.17839468334289e-08,-9.20895232405719e-10,3.38517254053724e-09,4.93147331759062e-08,-1.04360606892187e-09,7.43538211730017e-08,-1.95323737187096e-08,-3.44801338618593e-08,-2.1716118971647e-08,2.05823468041348e-08,-1.17839468334289e-08,-1.95323737187096e-08,1.71243001864885e-08,1.00162939021389e-08,5.06581228574965e-09,-3.91150124960963e-08,-9.20895232405719e-10,-3.44801338618593e-08,1.00162939021389e-08,2.69871870924998e-08,4.81051918032068e-09,-3.46180116096959e-08,3.38517254053724e-09,-2.1716118971647e-08,5.06581228574965e-09,4.81051918032068e-09,-5.37843627960535e-09,-3.57366408581273e-08,4.93147331759062e-08,2.05823468041348e-08,-3.91150124960963e-08,-3.46180116096959e-08,-3.57366408581273e-08,2.29003654946797e-08
-2.7701966907969e-08,3.14447801533634e-08,2.49888334759339e-08,3.38517254053724e-09,4.4665168313876e-08,4.10736154271824e-08,3.14447801533634e-08,4.60821558366382e-08,-3.32317395232504e-08,-2.1716118971647e-08,-3.46767102328586e-08,1.13914182913684e-08,2.49888334759339e-08,-3.32317395232504e-08,-1.07375539639914e-08,5.06581228574965e-09,-2.55898753503632e-08,-4.53637934338189e-08,3.38517254053724e-09,-2.1716118971647e-08,5.06581228574965e-09,4.81051918032068e-09,-5.37843627960535e-09,-3.57366408581273e-08,4.4665168313876e-08,-3.46767102328586e-08,-2.55898753503632e-08,-5.37843627960535e-09,-4.19385454994504e-08,-5.73244529441454e-08,4.10736154271824e-08,1.13914182913684e-08,-4.53637934338189e-08,-3.57366408581273e-08,-5.73244529441454e-08,-6.15291195017347e-08
-3.64032617991735e-07,5.2536396715015e-08,6.4774005243352e-08,4.93147331759062e-08,4.10736154271824e-08,-1.59558479903461e-08,5.2536396715015e-08,-6.53638267465446e-08,1.10133757906248e-08,2.05823468041348e-08,1.13914182913684e-08,-6.50312086742178e-08,6.4774005243352e-08,1.10133757906248e-08,-4.38734489523242e-08,-3.91150124960963e-08,-4.53637934338189e-08,-2.90784989882474e-08,4.93147331759062e-08,2.05823468041348e-08,-3.91150124960963e-08,-3.46180116096959e-08,-3.57366408581273e-08,2.29003654946797e-08,4.10736154271824e-08,1.13914182913684e-08,-4.53637934338189e-08,-3.57366408581273e-08,-5.73244529441454e-08,-6.15291195017347e-08,-1.59558479903461e-08,-6.50312086742178e-08,-2.90784989882474e-08,2.29003654946797e-08,-6.15291195017347e-08,-2.80280382180392e-07
