"V1","V2","V3","V4","V5","V6","V7","V8","V9","V10","V11","V12","V13","V14","V15","V16","V17","V18","V19","V20","V21","V22","V23","V24","V25","V26","V27","V28","V29","V30","V31","V32","V33","V34","V35","V36"
-1.10006973132753e-06,2.01431175848769e-07,8.70199854184935e-08,5.41705663253952e-08,-3.21987090875177e-09,-3.26548593451893e-07,2.01431175848769e-07,-5.21053990781764e-08,7.83667258596224e-09,-1.34499217204286e-08,1.75325823682354e-08,4.90626481066136e-08,8.70199854184935e-08,7.83667258596224e-09,6.25769089004637e-09,-1.69078996987472e-08,1.05071610544965e-08,3.27978677260281e-08,5.41705663253952e-08,-1.34499217204286e-08,-1.69078996987472e-08,3.79212128148159e-09,-9.22792693719110e-09,2.27972388709522e-08,-3.21987090875177e-09,1.75325823682354e-08,1.05071610544965e-08,-9.22792693719110e-09,1.05531029729138e-08,9.79653430860219e-09,-3.26548593451893e-07,4.90626481066136e-08,3.27978677260281e-08,2.27972388709522e-08,9.79653430860219e-09,-4.41856348844989e-08
2.01431175848769e-07,-5.21053990781764e-08,7.83667258596224e-09,-1.34499217204286e-08,1.75325823682354e-08,4.90626481066136e-08,-5.21053990781764e-08,-2.56926187897847e-07,4.31707752824913e-08,5.92710465390278e-08,3.91632011363675e-08,-4.33287980015945e-08,7.83667258596224e-09,4.31707752824913e-08,-2.05216556487624e-08,-8.00805519752041e-09,-1.63145085574491e-08,4.75704680394231e-10,-1.34499217204286e-08,5.92710465390278e-08,-8.00805519752041e-09,-1.37640413803395e-08,-9.19747858733532e-09,2.60681104809162e-09,1.75325823682354e-08,3.91632011363675e-08,-1.63145085574491e-08,-9.19747858733532e-09,-1.60405516184593e-08,4.84809250522977e-09,4.90626481066136e-08,-4.33287980015945e-08,4.75704680394231e-10,2.60681104809162e-09,4.84809250522977e-09,6.06559350389621e-09
8.70199854184935e-08,7.83667258596224e-09,6.25769089004637e-09,-1.69078996987472e-08,1.05071610544965e-08,3.27978677260281e-08,7.83667258596224e-09,4.31707752824913e-08,-2.05216556487624e-08,-8.00805519752041e-09,-1.63145085574491e-08,4.75704680394231e-10,6.25769089004637e-09,-2.05216556487624e-08,3.09428885629422e-09,7.36617435669438e-09,-2.38139272472819e-09,-2.22633499145292e-08,-1.69078996987472e-08,-8.00805519752041e-09,7.36617435669438e-09,3.36076699543431e-09,6.19387449651089e-09,-4.28896206837217e-09,1.05071610544965e-08,-1.63145085574491e-08,-2.38139272472819e-09,6.19387449651089e-09,-3.49032360326992e-09,-1.1789318807545e-08,3.27978677260281e-08,4.75704680394231e-10,-2.22633499145292e-08,-4.28896206837217e-09,-1.1789318807545e-08,6.63448439550519e-09
5.41705663253952e-08,-1.34499217204286e-08,-1.69078996987472e-08,3.79212128148159e-09,-9.22792693719110e-09,2.27972388709522e-08,-1.34499217204286e-08,5.92710465390278e-08,-8.00805519752041e-09,-1.37640413803395e-08,-9.19747858733532e-09,2.60681104809162e-09,-1.69078996987472e-08,-8.00805519752041e-09,7.36617435669438e-09,3.36076699543431e-09,6.19387449651089e-09,-4.28896206837217e-09,3.79212128148159e-09,-1.37640413803395e-08,3.36076699543431e-09,4.32738672286891e-09,2.42511207329849e-09,-7.04736377442578e-09,-9.22792693719110e-09,-9.19747858733532e-09,6.19387449651089e-09,2.42511207329849e-09,5.0231494476587e-09,-1.996534499651e-09,2.27972388709522e-08,2.60681104809162e-09,-4.28896206837217e-09,-7.04736377442578e-09,-1.996534499651e-09,1.19270793507371e-08
-3.21987090875177e-09,1.75325823682354e-08,1.05071610544965e-08,-9.22792693719110e-09,1.05531029729138e-08,9.79653430860219e-09,1.75325823682354e-08,3.91632011363675e-08,-1.63145085574491e-08,-9.19747858733532e-09,-1.60405516184593e-08,4.84809250522977e-09,1.05071610544965e-08,-1.63145085574491e-08,-2.38139272472819e-09,6.19387449651089e-09,-3.49032360326992e-09,-1.1789318807545e-08,-9.22792693719110e-09,-9.19747858733532e-09,6.19387449651089e-09,2.42511207329849e-09,5.0231494476587e-09,-1.996534499651e-09,1.05531029729138e-08,-1.60405516184593e-08,-3.49032360326992e-09,5.0231494476587e-09,-1.78888960409564e-09,-8.41150776823415e-09,9.79653430860219e-09,4.84809250522977e-09,-1.1789318807545e-08,-1.996534499651e-09,-8.41150776823415e-09,-9.44106731105897e-09
-3.26548593451893e-07,4.90626481066136e-08,3.27978677260281e-08,2.27972388709522e-08,9.79653430860219e-09,-4.41856348844989e-08,4.90626481066136e-08,-4.33287980015945e-08,4.75704680394231e-10,2.60681104809162e-09,4.84809250522977e-09,6.06559350389621e-09,3.27978677260281e-08,4.75704680394231e-10,-2.22633499145292e-08,-4.28896206837217e-09,-1.1789318807545e-08,6.63448439550519e-09,2.27972388709522e-08,2.60681104809162e-09,-4.28896206837217e-09,-7.04736377442578e-09,-1.996534499651e-09,1.19270793507371e-08,9.79653430860219e-09,4.84809250522977e-09,-1.1789318807545e-08,-1.996534499651e-09,-8.41150776823415e-09,-9.44106731105897e-09,-4.41856348844989e-08,6.06559350389621e-09,6.63448439550519e-09,1.19270793507371e-08,-9.44106731105897e-09,-1.08300588942604e-07
