"Mkt.RF","SMB","HML","RMW","CMA","MOM"
0.00012648769236817,-7.63369152934984e-06,-7.13547401525128e-06,-1.62658903468485e-05,-1.60849747022394e-05,-1.50713896647147e-05
-7.63369152934984e-06,3.44676577213655e-05,2.06877161620326e-06,-7.39599445184024e-06,7.18234825167503e-07,1.08686431157266e-06
-7.13547401525128e-06,2.06877161620326e-06,3.28089900595799e-05,1.21716193182374e-06,1.14540176613896e-05,-1.4856885487792e-05
-1.62658903468485e-05,-7.39599445184024e-06,1.21716193182374e-06,1.93525063239884e-05,3.98620721202233e-06,5.14500913358639e-06
-1.60849747022394e-05,7.18234825167503e-07,1.14540176613896e-05,3.98620721202233e-06,1.62599007399321e-05,2.2037004228582e-06
-1.50713896647147e-05,1.08686431157266e-06,-1.4856885487792e-05,5.14500913358639e-06,2.2037004228582e-06,6.51052744575383e-05
