"Mkt.RF","SMB","HML","RMW","CMA","MOM"
8.86813811418816e-05,-1.99142047945431e-05,-2.68593316940539e-05,-3.85050436258121e-06,-1.86933646614576e-05,5.67501645626252e-06
-1.99142047945431e-05,2.85786230987855e-05,2.30627816353304e-06,-6.32883412891421e-06,1.10196237713482e-06,1.66316405142314e-06
-2.68593316940539e-05,2.30627816353304e-06,2.21603420903403e-05,2.91389327764847e-06,1.34946985991681e-05,-2.10898568163817e-06
-3.85050436258121e-06,-6.32883412891421e-06,2.91389327764847e-06,1.36723508980745e-05,3.29693290065046e-06,-1.18613720488156e-06
-1.86933646614576e-05,1.10196237713482e-06,1.34946985991681e-05,3.29693290065046e-06,1.52705011318005e-05,1.04241362202203e-06
5.67501645626252e-06,1.66316405142314e-06,-2.10898568163817e-06,-1.18613720488156e-06,1.04241362202203e-06,3.51297315804124e-05
