"Mkt.RF","SMB","HML","RMW","CMA","MOM"
9.15626165383024e-05,-1.85287082191944e-05,-2.59375240420567e-05,-8.52361597455457e-06,-1.69457687789536e-05,4.3088476093439e-06
-1.85287082191944e-05,2.97072315176206e-05,1.65248975318945e-06,-6.60588722085565e-06,1.14108160315693e-06,3.28185094783443e-06
-2.59375240420567e-05,1.65248975318945e-06,2.20778883538852e-05,3.91501196971262e-06,1.30268264046142e-05,-1.36451879134038e-06
-8.52361597455457e-06,-6.60588722085565e-06,3.91501196971262e-06,1.68085572494916e-05,3.18740163809984e-06,1.34923860061706e-06
-1.69457687789536e-05,1.14108160315693e-06,1.30268264046142e-05,3.18740163809984e-06,1.58991853297885e-05,1.23791269007429e-06
4.3088476093439e-06,3.28185094783443e-06,-1.36451879134038e-06,1.34923860061706e-06,1.23791269007429e-06,3.91342596335959e-05
