"Mkt.RF","SMB","HML","RMW","CMA","Mom"
1.21788194164719,-0.140313327165507,-0.129414840433228,-0.123281350736588,-0.180303409370035,-0.150139199512438
-0.140313327165507,0.337428636875401,0.0282547058300971,-0.065947156935585,0.0144935874149808,0.0150955994022758
-0.129414840433228,0.0282547058300971,0.339883815046879,0.012073183706815,0.125052771544503,-0.133894262249218
-0.123281350736588,-0.065947156935585,0.012073183706815,0.186036616304809,0.0341086068233895,0.0480775985285876
-0.180303409370035,0.0144935874149808,0.125052771544503,0.0341086068233895,0.168047274984716,0.0246853193194168
-0.150139199512438,0.0150955994022758,-0.133894262249218,0.0480775985285876,0.0246853193194168,0.639801980687407
