"Mkt.RF","SMB","HML","RMW","CMA","MOM"
0.000125255762714452,-1.23028746437547e-05,-1.12306887906053e-05,-1.39707765943841e-05,-1.70179524041558e-05,-1.49725949701113e-05
-1.23028746437547e-05,3.42576789344849e-05,2.60551280448774e-06,-6.76369573694154e-06,1.39288014117523e-06,2.11925716037615e-06
-1.12306887906053e-05,2.60551280448774e-06,3.36580238178137e-05,1.27534260818496e-06,1.22358296840936e-05,-1.29289325534765e-05
-1.39707765943841e-05,-6.76369573694154e-06,1.27534260818496e-06,1.87648286010576e-05,3.50335700038231e-06,4.2934546359884e-06
-1.70179524041558e-05,1.39288014117523e-06,1.22358296840936e-05,3.50335700038231e-06,1.66713136772816e-05,2.96137528933481e-06
-1.49725949701113e-05,2.11925716037615e-06,-1.29289325534765e-05,4.2934546359884e-06,2.96137528933481e-06,6.43097583083387e-05
