"Mkt.RF","SMB","HML","RMW","CMA","MOM"
7.04235079006956e-05,-1.31173319251132e-05,-1.72606759385857e-05,3.73332510983095e-06,-1.10979240590545e-05,4.84140381754053e-06
-1.31173319251132e-05,2.1780490574104e-05,1.75742312413723e-06,-3.3558478947207e-06,-1.0226673143419e-07,6.02770576239112e-07
-1.72606759385857e-05,1.75742312413723e-06,1.44917833412939e-05,-3.86846633688818e-06,8.07065873876941e-06,-1.41225566559774e-06
3.73332510983095e-06,-3.3558478947207e-06,-3.86846633688818e-06,5.93678674356165e-06,-2.82808645898875e-06,8.71033686138362e-07
-1.10979240590545e-05,-1.0226673143419e-07,8.07065873876941e-06,-2.82808645898875e-06,9.44339603882577e-06,-4.60269801989029e-07
4.84140381754053e-06,6.02770576239112e-07,-1.41225566559774e-06,8.71033686138362e-07,-4.60269801989029e-07,2.32596918246548e-05
