"Mkt.RF","SMB","HML","RMW","CMA","Mom"
0.805345002819503,-0.184588190800514,-0.222956599352884,-0.000689278439326928,-0.142986063291256,0.102722363153746
-0.184588190800514,0.272072466010196,0.020682312627831,-0.0626103731412965,0.00492432702885108,0.00990120952407381
-0.222956599352884,0.020682312627831,0.182515120749955,-0.00311662401371931,0.101553570203009,-0.0554977582725059
-0.000689278439326928,-0.0626103731412965,-0.00311662401371931,0.100063054178964,0.00142848379496915,-0.0379203111820394
-0.142986063291256,0.00492432702885108,0.101553570203009,0.00142848379496915,0.115947852362405,-0.0278755504663132
0.102722363153746,0.00990120952407381,-0.0554977582725059,-0.0379203111820394,-0.0278755504663132,0.273748014898775
