"Mkt.RF","SMB","HML","RMW","CMA","MOM"
0.000126522197540482,-8.42831654991317e-06,-7.44926253428457e-06,-1.61314838086745e-05,-1.61610488020407e-05,-1.61268510572879e-05
-8.42831654991317e-06,3.42198767024217e-05,2.40737373139963e-06,-7.13761705224795e-06,8.91410136660014e-07,1.11968057055282e-06
-7.44926253428457e-06,2.40737373139963e-06,3.2924139149602e-05,1.15110004075229e-06,1.15509913535713e-05,-1.431630334512e-05
-1.61314838086745e-05,-7.13761705224795e-06,1.15110004075229e-06,1.92178135897859e-05,3.90127854184228e-06,5.41320998240018e-06
-1.61610488020407e-05,8.91410136660014e-07,1.15509913535713e-05,3.90127854184228e-06,1.63491094423904e-05,2.54703399155436e-06
-1.61268510572879e-05,1.11968057055282e-06,-1.431630334512e-05,5.41320998240018e-06,2.54703399155436e-06,6.50585644374963e-05
