"Mkt.RF","SMB","HML","RMW","CMA","Mom"
1.27474511657175,-0.0713893180746817,-0.067684163468001,-0.163600723815577,-0.16092694615613,-0.15215499407564
-0.0713893180746817,0.347424075823428,0.0188751238844812,-0.0757442231880613,0.00645347189127312,0.00803455599763549
-0.067684163468001,0.0188751238844812,0.334319676606222,0.0128625728633428,0.115694832394459,-0.160193446431099
-0.163600723815577,-0.0757442231880613,0.0128625728633428,0.196229352343294,0.040789518440039,0.0503680010028391
-0.16092694615613,0.00645347189127312,0.115694832394459,0.040789518440039,0.162731166049099,0.0168265542321082
-0.15215499407564,0.00803455599763549,-0.160193446431099,0.0503680010028391,0.0168265542321082,0.669851414418438
