"V1","V2","V3","V4","V5","V6","V7","V8","V9","V10","V11","V12","V13","V14","V15","V16","V17","V18","V19","V20","V21","V22","V23","V24","V25","V26","V27","V28","V29","V30","V31","V32","V33","V34","V35","V36"
-1.37536686625949e-06,1.27475223362861e-07,-7.38318442689003e-08,1.09576244077537e-07,-1.14719104525478e-08,-3.21267179772915e-07,1.27475223362861e-07,-5.93451531527477e-09,2.61827994083664e-08,-1.44750616459379e-08,2.67239581215844e-08,4.61612484808309e-08,-7.38318442689003e-08,2.61827994083664e-08,-5.60157414596049e-09,-1.32438634138846e-08,2.22571634440808e-08,2.02789369649998e-08,1.09576244077537e-07,-1.44750616459379e-08,-1.32438634138846e-08,5.37317572419607e-09,6.50634154442314e-09,5.46548473529238e-08,-1.14719104525478e-08,2.67239581215844e-08,2.22571634440808e-08,6.50634154442314e-09,4.53930072853361e-08,4.05656788301798e-08,-3.21267179772915e-07,4.61612484808309e-08,2.02789369649998e-08,5.46548473529238e-08,4.05656788301798e-08,1.28913928983214e-07
1.27475223362861e-07,-5.93451531527477e-09,2.61827994083664e-08,-1.44750616459379e-08,2.67239581215844e-08,4.61612484808309e-08,-5.93451531527477e-09,-2.42812002244142e-07,5.50914243946025e-08,6.35987023787033e-08,4.09420151769918e-08,-6.87994649075872e-08,2.61827994083664e-08,5.50914243946025e-08,-1.85900526601485e-08,-2.43806738112162e-08,-3.08161978015818e-08,-1.73559310367069e-08,-1.44750616459379e-08,6.35987023787033e-08,-2.43806738112162e-08,-2.84827515869954e-08,-2.14838174110253e-08,2.3842886034615e-08,2.67239581215844e-08,4.09420151769918e-08,-3.08161978015818e-08,-2.14838174110253e-08,-3.16116851826136e-08,8.60050240180377e-09,4.61612484808309e-08,-6.87994649075872e-08,-1.73559310367069e-08,2.3842886034615e-08,8.60050240180377e-09,6.7367965604531e-09
-7.38318442689003e-08,2.61827994083664e-08,-5.60157414596049e-09,-1.32438634138846e-08,2.22571634440808e-08,2.02789369649998e-08,2.61827994083664e-08,5.50914243946025e-08,-1.85900526601485e-08,-2.43806738112162e-08,-3.08161978015818e-08,-1.73559310367069e-08,-5.60157414596049e-09,-1.85900526601485e-08,5.42009513838969e-08,-1.7531630729957e-09,-1.69211846090093e-08,-1.51226252541741e-07,-1.32438634138846e-08,-2.43806738112162e-08,-1.7531630729957e-09,2.13411288651042e-08,6.57268251898674e-09,-9.66267326370406e-09,2.22571634440808e-08,-3.08161978015818e-08,-1.69211846090093e-08,6.57268251898674e-09,-2.24564313694474e-08,-3.81450893778225e-08,2.02789369649998e-08,-1.73559310367069e-08,-1.51226252541741e-07,-9.66267326370406e-09,-3.81450893778225e-08,1.53016901702941e-07
1.09576244077537e-07,-1.44750616459379e-08,-1.32438634138846e-08,5.37317572419607e-09,6.50634154442314e-09,5.46548473529238e-08,-1.44750616459379e-08,6.35987023787033e-08,-2.43806738112162e-08,-2.84827515869954e-08,-2.14838174110253e-08,2.3842886034615e-08,-1.32438634138846e-08,-2.43806738112162e-08,-1.7531630729957e-09,2.13411288651042e-08,6.57268251898674e-09,-9.66267326370406e-09,5.37317572419607e-09,-2.84827515869954e-08,2.13411288651042e-08,1.82549506041324e-08,3.94373945789557e-09,-4.75754680011802e-08,6.50634154442314e-09,-2.14838174110253e-08,6.57268251898674e-09,3.94373945789557e-09,-6.1580362623416e-09,-3.69897006757958e-08,5.46548473529238e-08,2.3842886034615e-08,-9.66267326370406e-09,-4.75754680011802e-08,-3.69897006757958e-08,-2.3666816810245e-08
-1.14719104525478e-08,2.67239581215844e-08,2.22571634440808e-08,6.50634154442314e-09,4.53930072853361e-08,4.05656788301798e-08,2.67239581215844e-08,4.09420151769918e-08,-3.08161978015818e-08,-2.14838174110253e-08,-3.16116851826136e-08,8.60050240180377e-09,2.22571634440808e-08,-3.08161978015818e-08,-1.69211846090093e-08,6.57268251898674e-09,-2.24564313694474e-08,-3.81450893778225e-08,6.50634154442314e-09,-2.14838174110253e-08,6.57268251898674e-09,3.94373945789557e-09,-6.1580362623416e-09,-3.69897006757958e-08,4.53930072853361e-08,-3.16116851826136e-08,-2.24564313694474e-08,-6.1580362623416e-09,-4.12356151360414e-08,-6.26794029260301e-08,4.05656788301798e-08,8.60050240180377e-09,-3.81450893778225e-08,-3.69897006757958e-08,-6.26794029260301e-08,-7.67384607973164e-08
-3.21267179772915e-07,4.61612484808309e-08,2.02789369649998e-08,5.46548473529238e-08,4.05656788301798e-08,1.28913928983214e-07,4.61612484808309e-08,-6.87994649075872e-08,-1.73559310367069e-08,2.3842886034615e-08,8.60050240180377e-09,6.7367965604531e-09,2.02789369649998e-08,-1.73559310367069e-08,-1.51226252541741e-07,-9.66267326370406e-09,-3.81450893778225e-08,1.53016901702941e-07,5.46548473529238e-08,2.3842886034615e-08,-9.66267326370406e-09,-4.75754680011802e-08,-3.69897006757958e-08,-2.3666816810245e-08,4.05656788301798e-08,8.60050240180377e-09,-3.81450893778225e-08,-3.69897006757958e-08,-6.26794029260301e-08,-7.67384607973164e-08,1.28913928983214e-07,6.7367965604531e-09,1.53016901702941e-07,-2.3666816810245e-08,-7.67384607973164e-08,-6.35362087867913e-07
