"Mkt.RF","SMB","HML","RMW","CMA","Mom"
1.20447314264731,-0.149899606672772,-0.143515949797312,-0.116878777112302,-0.186694138582025,-0.153390241342834
-0.149899606672772,0.337213260066394,0.0247522777204453,-0.0670906491593936,0.0115618045797247,0.0121979547738088
-0.143515949797312,0.0247522777204453,0.33598175513763,0.0141327162347705,0.124337033458627,-0.140737390442103
-0.116878777112302,-0.0670906491593936,0.0141327162347705,0.185632068337216,0.0352477437028916,0.0496187060287102
-0.186694138582025,0.0115618045797247,0.124337033458627,0.0352477437028916,0.167827185959625,0.021887725195921
-0.153390241342834,0.0121979547738088,-0.140737390442103,0.0496187060287102,0.021887725195921,0.641067973263327
