"V1","V2","V3","V4","V5","V6","V7","V8","V9","V10","V11","V12","V13","V14","V15","V16","V17","V18","V19","V20","V21","V22","V23","V24","V25","V26","V27","V28","V29","V30","V31","V32","V33","V34","V35","V36"
-0.906016566343385,0.0771985739998328,-0.0651051525080511,0.0933373253375472,-0.0226102614788285,-0.289797422288596,0.0771985739998328,-0.00223884833446761,0.0291143399830365,-0.0139571707830653,0.0270405838916718,0.0416444647448531,-0.0651051525080511,0.0291143399830365,0.0123117232653563,-0.0171155764167853,0.0196429209567723,0.00899587277082684,0.0933373253375472,-0.0139571707830653,-0.0171155764167853,0.00461906845059045,0.0059495770788195,0.0505859341050491,-0.0226102614788285,0.0270405838916718,0.0196429209567723,0.0059495770788195,0.0438667095990852,0.0369965600297731,-0.289797422288596,0.0416444647448531,0.00899587277082684,0.0505859341050491,0.0369965600297731,0.12062964278295
0.0771985739998328,-0.00223884833446761,0.0291143399830365,-0.0139571707830653,0.0270405838916718,0.0416444647448531,-0.00223884833446761,-0.19597227527768,0.0519651843417694,0.0582950350001088,0.0365414024914429,-0.066728937906112,0.0291143399830365,0.0519651843417694,-0.0165975667244374,-0.0245200131692578,-0.0301557742663148,-0.0172826664813914,-0.0139571707830653,0.0582950350001088,-0.0245200131692578,-0.0289839239615205,-0.0211743642053424,0.0233614506094705,0.0270405838916718,0.0365414024914429,-0.0301557742663148,-0.0211743642053424,-0.0306012688123368,0.0089723200153694,0.0416444647448531,-0.066728937906112,-0.0172826664813914,0.0233614506094705,0.0089723200153694,0.00860053334881477
-0.0651051525080511,0.0291143399830365,0.0123117232653563,-0.0171155764167853,0.0196429209567723,0.00899587277082684,0.0291143399830365,0.0519651843417694,-0.0165975667244374,-0.0245200131692578,-0.0301557742663148,-0.0172826664813914,0.0123117232653563,-0.0165975667244374,0.0752264285994314,-0.00115153540883385,-0.0135184419480095,-0.151952703008814,-0.0171155764167853,-0.0245200131692578,-0.00115153540883385,0.0246459718143959,0.00924962798697582,-0.00889506212981531,0.0196429209567723,-0.0301557742663148,-0.0135184419480095,0.00924962798697582,-0.0178777630847933,-0.034617523655031,0.00899587277082684,-0.0172826664813914,-0.151952703008814,-0.00889506212981531,-0.034617523655031,0.139880599094065
0.0933373253375472,-0.0139571707830653,-0.0171155764167853,0.00461906845059045,0.0059495770788195,0.0505859341050491,-0.0139571707830653,0.0582950350001088,-0.0245200131692578,-0.0289839239615205,-0.0211743642053424,0.0233614506094705,-0.0171155764167853,-0.0245200131692578,-0.00115153540883385,0.0246459718143959,0.00924962798697582,-0.00889506212981531,0.00461906845059045,-0.0289839239615205,0.0246459718143959,0.0244139397756621,0.00675801299306179,-0.0452950146077287,0.0059495770788195,-0.0211743642053424,0.00924962798697582,0.00675801299306179,-0.00316763369929618,-0.0345109469902523,0.0505859341050491,0.0233614506094705,-0.00889506212981531,-0.0452950146077287,-0.0345109469902523,-0.0146003857061601
-0.0226102614788285,0.0270405838916718,0.0196429209567723,0.0059495770788195,0.0438667095990852,0.0369965600297731,0.0270405838916718,0.0365414024914429,-0.0301557742663148,-0.0211743642053424,-0.0306012688123368,0.0089723200153694,0.0196429209567723,-0.0301557742663148,-0.0135184419480095,0.00924962798697582,-0.0178777630847933,-0.034617523655031,0.0059495770788195,-0.0211743642053424,0.00924962798697582,0.00675801299306179,-0.00316763369929618,-0.0345109469902523,0.0438667095990852,-0.0306012688123368,-0.0178777630847933,-0.00316763369929618,-0.0352691855988951,-0.0567367143443914,0.0369965600297731,0.0089723200153694,-0.034617523655031,-0.0345109469902523,-0.0567367143443914,-0.06591399804698
-0.289797422288596,0.0416444647448531,0.00899587277082684,0.0505859341050491,0.0369965600297731,0.12062964278295,0.0416444647448531,-0.066728937906112,-0.0172826664813914,0.0233614506094705,0.0089723200153694,0.00860053334881477,0.00899587277082684,-0.0172826664813914,-0.151952703008814,-0.00889506212981531,-0.034617523655031,0.139880599094065,0.0505859341050491,0.0233614506094705,-0.00889506212981531,-0.0452950146077287,-0.0345109469902523,-0.0146003857061601,0.0369965600297731,0.0089723200153694,-0.034617523655031,-0.0345109469902523,-0.0567367143443914,-0.06591399804698,0.12062964278295,0.00860053334881477,0.139880599094065,-0.0146003857061601,-0.06591399804698,-0.531401624899789
