"Mkt.RF","SMB","HML","RMW","CMA","Mom"
1.17477524527059,-0.0141463630207551,-0.0384344379781746,-0.171711073214057,-0.154328030354992,-0.187285044681838
-0.0141463630207551,0.314995835633179,0.0181749544629741,-0.0732132274261296,0.0106033554530377,0.00753986652781203
-0.0384344379781746,0.0181749544629741,0.344906805612059,0.0111086816471204,0.117451994307588,-0.162201513763381
-0.171711073214057,-0.0732132274261296,0.0111086816471204,0.203133644440326,0.0409677314283231,0.052965315490268
-0.154328030354992,0.0106033554530377,0.117451994307588,0.0409677314283231,0.165030955168417,0.0150798105252025
-0.187285044681838,0.00753986652781203,-0.162201513763381,0.052965315490268,0.0150798105252025,0.696308468097903
