"Mkt.RF","SMB","HML","RMW","CMA","Mom"
0.690443313307967,-0.124576419206619,-0.168437934151556,0.038476902361768,-0.109055567296068,0.0478294247009416
-0.124576419206619,0.213729200584041,0.0188221076270046,-0.0323670383070206,-0.000967955304374567,0.0107258180442265
-0.168437934151556,0.0188221076270046,0.142762167912536,-0.0399443164105553,0.0784576452480421,-0.0121155410417903
0.038476902361768,-0.0323670383070206,-0.0399443164105553,0.0591380772891163,-0.0290706714606073,0.00874773068832352
-0.109055567296068,-0.000967955304374567,0.0784576452480421,-0.0290706714606073,0.0922130510810888,-0.00374294005322761
0.0478294247009416,0.0107258180442265,-0.0121155410417903,0.00874773068832352,-0.00374294005322761,0.234993140650707
