"V1","V2","V3","V4","V5","V6","V7","V8","V9","V10","V11","V12","V13","V14","V15","V16","V17","V18","V19","V20","V21","V22","V23","V24","V25","V26","V27","V28","V29","V30","V31","V32","V33","V34","V35","V36"
-0.735768862415979,0.156553232336049,0.0550190138190749,0.0358093568228209,-0.0206001955967357,-0.275920606504774,0.156553232336049,-0.056228900042023,0.00373269204820804,-0.0150357761219567,0.0124657464925275,0.0415681261173864,0.0550190138190749,0.00373269204820804,0.00895970478184259,-0.0107109619416422,0.0141762544348527,0.0270412426231437,0.0358093568228209,-0.0150357761219567,-0.0107109619416422,0.00632875143658826,-0.00500215553130997,0.0171730325651817,-0.0206001955967357,0.0124657464925275,0.0141762544348527,-0.00500215553130997,0.0145024784888992,0.0095342470600338,-0.275920606504774,0.0415681261173864,0.0270412426231437,0.0171730325651817,0.0095342470600338,-0.0343942370877153
0.156553232336049,-0.056228900042023,0.00373269204820804,-0.0150357761219567,0.0124657464925275,0.0415681261173864,-0.056228900042023,-0.219654939618146,0.0417317357436276,0.054751441997715,0.0368143177068568,-0.0476098173438914,0.00373269204820804,0.0417317357436276,-0.0164823924096517,-0.00618509042778865,-0.0134887577814953,-0.00156262164703069,-0.0150357761219567,0.054751441997715,-0.00618509042778865,-0.0132414544778375,-0.00722615762019881,0.00190543854687607,0.0124657464925275,0.0368143177068568,-0.0134887577814953,-0.00722615762019881,-0.012038567682727,0.00483349272644211,0.0415681261173864,-0.0476098173438914,-0.00156262164703069,0.00190543854687607,0.00483349272644211,-0.00112677614438439
0.0550190138190749,0.00373269204820804,0.00895970478184259,-0.0107109619416422,0.0141762544348527,0.0270412426231437,0.00373269204820804,0.0417317357436276,-0.0164823924096517,-0.00618509042778865,-0.0134887577814953,-0.00156262164703069,0.00895970478184259,-0.0164823924096517,0.00421444505252438,0.00288653682907792,-0.00288568343251501,-0.0161868357070381,-0.0107109619416422,-0.00618509042778865,0.00288653682907792,0.00122332238600847,0.00285052229902617,0.000530940240519694,0.0141762544348527,-0.0134887577814953,-0.00288568343251501,0.00285052229902617,-0.00404781586254367,-0.00818171811017248,0.0270412426231437,-0.00156262164703069,-0.0161868357070381,0.000530940240519694,-0.00818171811017248,-0.000943231485060596
0.0358093568228209,-0.0150357761219567,-0.0107109619416422,0.00632875143658826,-0.00500215553130997,0.0171730325651817,-0.0150357761219567,0.054751441997715,-0.00618509042778865,-0.0132414544778375,-0.00722615762019881,0.00190543854687607,-0.0107109619416422,-0.00618509042778865,0.00288653682907792,0.00122332238600847,0.00285052229902617,0.000530940240519694,0.00632875143658826,-0.0132414544778375,0.00122332238600847,0.00402549552957062,0.00133146624638074,-0.00439470552906975,-0.00500215553130997,-0.00722615762019881,0.00285052229902617,0.00133146624638074,0.00244497422467012,0.00145894829534522,0.0171730325651817,0.00190543854687607,0.000530940240519694,-0.00439470552906975,0.00145894829534522,0.00584780558626855
-0.0206001955967357,0.0124657464925275,0.0141762544348527,-0.00500215553130997,0.0145024784888992,0.0095342470600338,0.0124657464925275,0.0368143177068568,-0.0134887577814953,-0.00722615762019881,-0.012038567682727,0.00483349272644211,0.0141762544348527,-0.0134887577814953,-0.00288568343251501,0.00285052229902617,-0.00404781586254367,-0.00818171811017248,-0.00500215553130997,-0.00722615762019881,0.00285052229902617,0.00133146624638074,0.00244497422467012,0.00145894829534522,0.0145024784888992,-0.012038567682727,-0.00404781586254367,0.00244497422467012,-0.00211758721546779,-0.00710007581354122,0.0095342470600338,0.00483349272644211,-0.00818171811017248,0.00145894829534522,-0.00710007581354122,-0.0118135396337702
-0.275920606504774,0.0415681261173864,0.0270412426231437,0.0171730325651817,0.0095342470600338,-0.0343942370877153,0.0415681261173864,-0.0476098173438914,-0.00156262164703069,0.00190543854687607,0.00483349272644211,-0.00112677614438439,0.0270412426231437,-0.00156262164703069,-0.0161868357070381,0.000530940240519694,-0.00818171811017248,-0.000943231485060596,0.0171730325651817,0.00190543854687607,0.000530940240519694,-0.00439470552906975,0.00145894829534522,0.00584780558626855,0.0095342470600338,0.00483349272644211,-0.00818171811017248,0.00145894829534522,-0.00710007581354122,-0.0118135396337702,-0.0343942370877153,-0.00112677614438439,-0.000943231485060596,0.00584780558626855,-0.0118135396337702,-0.0838179620993722
