"V1","V2","V3","V4","V5","V6","V7","V8","V9","V10","V11","V12","V13","V14","V15","V16","V17","V18","V19","V20","V21","V22","V23","V24","V25","V26","V27","V28","V29","V30","V31","V32","V33","V34","V35","V36"
-0.83387402150017,0.130701651572103,0.0857116289818883,0.0570708985513463,-0.0101985082087837,-0.271860118264022,0.130701651572103,-0.0373702808272842,0.0201334914368309,-0.00550586214981969,0.0287593119704252,0.0419881908251151,0.0857116289818883,0.0201334914368309,-0.0113239636411961,-0.0231160943446145,0.00541754803664892,0.0235823656018882,0.0570708985513463,-0.00550586214981969,-0.0231160943446145,-0.00378648117763186,-0.00736931878771284,0.0273775220150156,-0.0101985082087837,0.0287593119704252,0.00541754803664892,-0.00736931878771284,0.0149691068819164,-0.000849777280347221,-0.271860118264022,0.0419881908251151,0.0235823656018882,0.0273775220150156,-0.000849777280347221,-0.0509792749951093
0.130701651572103,-0.0373702808272842,0.0201334914368309,-0.00550586214981969,0.0287593119704252,0.0419881908251151,-0.0373702808272842,-0.238618310984301,0.041976024840138,0.0686033094595813,0.0416862428100953,-0.0611919876375513,0.0201334914368309,0.041976024840138,-0.0311640911474244,-0.0195418901917916,-0.0269408258744072,0.013306704492906,-0.00550586214981969,0.0686033094595813,-0.0195418901917916,-0.0323292592397463,-0.022289068888679,0.0253699574735929,0.0287593119704252,0.0416862428100953,-0.0269408258744072,-0.022289068888679,-0.026776123766753,0.0181624706885982,0.0419881908251151,-0.0611919876375513,0.013306704492906,0.0253699574735929,0.0181624706885982,-0.0401149557861481
0.0857116289818883,0.0201334914368309,-0.0113239636411961,-0.0231160943446145,0.00541754803664892,0.0235823656018882,0.0201334914368309,0.041976024840138,-0.0311640911474244,-0.0195418901917916,-0.0269408258744072,0.013306704492906,-0.0113239636411961,-0.0311640911474244,0.028440177631102,0.022447470137663,0.0124027708758123,-0.0199629588937973,-0.0231160943446145,-0.0195418901917916,0.022447470137663,0.0210198462551723,0.014864727439564,-0.0174755199809935,0.00541754803664892,-0.0269408258744072,0.0124027708758123,0.014864727439564,0.00350461339898218,-0.00856091418479615,0.0235823656018882,0.013306704492906,-0.0199629588937973,-0.0174755199809935,-0.00856091418479615,0.0332085354532276
0.0570708985513463,-0.00550586214981969,-0.0231160943446145,-0.00378648117763186,-0.00736931878771284,0.0273775220150156,-0.00550586214981969,0.0686033094595813,-0.0195418901917916,-0.0323292592397463,-0.022289068888679,0.0253699574735929,-0.0231160943446145,-0.0195418901917916,0.022447470137663,0.0210198462551723,0.014864727439564,-0.0174755199809935,-0.00378648117763186,-0.0323292592397463,0.0210198462551723,0.0291914897799832,0.0153579368299786,-0.0283101289269056,-0.00736931878771284,-0.022289068888679,0.014864727439564,0.0153579368299786,0.00873880854660882,-0.0134568944377353,0.0273775220150156,0.0253699574735929,-0.0174755199809935,-0.0283101289269056,-0.0134568944377353,0.0511917099284332
-0.0101985082087837,0.0287593119704252,0.00541754803664892,-0.00736931878771284,0.0149691068819164,-0.000849777280347221,0.0287593119704252,0.0416862428100953,-0.0269408258744072,-0.022289068888679,-0.026776123766753,0.0181624706885982,0.00541754803664892,-0.0269408258744072,0.0124027708758123,0.014864727439564,0.00350461339898218,-0.00856091418479615,-0.00736931878771284,-0.022289068888679,0.014864727439564,0.0153579368299786,0.00873880854660882,-0.0134568944377353,0.0149691068819164,-0.026776123766753,0.00350461339898218,0.00873880854660882,-0.000403468715038214,-0.00370544075436013,-0.000849777280347221,0.0181624706885982,-0.00856091418479615,-0.0134568944377353,-0.00370544075436013,0.0133623559445445
-0.271860118264022,0.0419881908251151,0.0235823656018882,0.0273775220150156,-0.000849777280347221,-0.0509792749951093,0.0419881908251151,-0.0611919876375513,0.013306704492906,0.0253699574735929,0.0181624706885982,-0.0401149557861481,0.0235823656018882,0.013306704492906,-0.0199629588937973,-0.0174755199809935,-0.00856091418479615,0.0332085354532276,0.0273775220150156,0.0253699574735929,-0.0174755199809935,-0.0283101289269056,-0.0134568944377353,0.0511917099284332,-0.000849777280347221,0.0181624706885982,-0.00856091418479615,-0.0134568944377353,-0.00370544075436013,0.0133623559445445,-0.0509792749951093,-0.0401149557861481,0.0332085354532276,0.0511917099284332,0.0133623559445445,-0.133162026263939
