"V1","V2","V3","V4","V5","V6","V7","V8","V9","V10","V11","V12","V13","V14","V15","V16","V17","V18","V19","V20","V21","V22","V23","V24","V25","V26","V27","V28","V29","V30","V31","V32","V33","V34","V35","V36"
-0.839107627003566,0.126788854076876,0.0639763093503638,0.0550603134484984,-0.032829199736142,-0.303529154506525,0.126788854076876,-0.0349482809617123,0.022175823650227,-0.00737036974311678,0.0315596750601494,0.0478435909085424,0.0639763093503638,0.022175823650227,0.00172218611514562,-0.0178664562878868,0.0253626145435851,0.0522926604834008,0.0550603134484984,-0.00737036974311678,-0.0178664562878868,-0.00188385940052062,0.00171146002031784,0.041180836644958,-0.032829199736142,0.0315596750601494,0.0253626145435851,0.00171146002031784,0.0423075372994495,0.0380041063671885,-0.303529154506525,0.0478435909085424,0.0522926604834008,0.041180836644958,0.0380041063671885,-0.00231463664651409
0.126788854076876,-0.0349482809617123,0.022175823650227,-0.00737036974311678,0.0315596750601494,0.0478435909085424,-0.0349482809617123,-0.240836011021243,0.0408949991101592,0.068633098673576,0.0405576167724056,-0.0638387862398179,0.022175823650227,0.0408949991101592,-0.0340034494539307,-0.0189492790292197,-0.0301043283964875,0.00866448039680446,-0.00737036974311678,0.068633098673576,-0.0189492790292197,-0.0309293108605418,-0.0221330621271314,0.024426259906679,0.0315596750601494,0.0405576167724056,-0.0301043283964875,-0.0221330621271314,-0.0304020486496641,0.012659538681215,0.0478435909085424,-0.0638387862398179,0.00866448039680446,0.024426259906679,0.012659538681215,-0.0492101163263921
0.0639763093503638,0.022175823650227,0.00172218611514562,-0.0178664562878868,0.0253626145435851,0.0522926604834008,0.022175823650227,0.0408949991101592,-0.0340034494539307,-0.0189492790292197,-0.0301043283964875,0.00866448039680446,0.00172218611514562,-0.0340034494539307,0.0153555701477124,0.0181259901444592,-0.00454092789887257,-0.0438539356539453,-0.0178664562878868,-0.0189492790292197,0.0181259901444592,0.0182558243969077,0.00699269871445878,-0.0288567629013941,0.0253626145435851,-0.0301043283964875,-0.00454092789887257,0.00699269871445878,-0.019836522140391,-0.0414374743677871,0.0522926604834008,0.00866448039680446,-0.0438539356539453,-0.0288567629013941,-0.0414374743677871,-0.0140343572236622
0.0550603134484984,-0.00737036974311678,-0.0178664562878868,-0.00188385940052062,0.00171146002031784,0.041180836644958,-0.00737036974311678,0.068633098673576,-0.0189492790292197,-0.0309293108605418,-0.0221330621271314,0.024426259906679,-0.0178664562878868,-0.0189492790292197,0.0181259901444592,0.0182558243969077,0.00699269871445878,-0.0288567629013941,-0.00188385940052062,-0.0309293108605418,0.0182558243969077,0.0274743598528184,0.0107616206426428,-0.0353896362226029,0.00171146002031784,-0.0221330621271314,0.00699269871445878,0.0107616206426428,-0.00335999358804982,-0.0308754522287644,0.041180836644958,0.024426259906679,-0.0288567629013941,-0.0353896362226029,-0.0308754522287644,0.0302766736087913
-0.032829199736142,0.0315596750601494,0.0253626145435851,0.00171146002031784,0.0423075372994495,0.0380041063671885,0.0315596750601494,0.0405576167724056,-0.0301043283964875,-0.0221330621271314,-0.0304020486496641,0.012659538681215,0.0253626145435851,-0.0301043283964875,-0.00454092789887257,0.00699269871445878,-0.019836522140391,-0.0414374743677871,0.00171146002031784,-0.0221330621271314,0.00699269871445878,0.0107616206426428,-0.00335999358804982,-0.0308754522287644,0.0423075372994495,-0.0304020486496641,-0.019836522140391,-0.00335999358804982,-0.0336232358126083,-0.0493947765539545,0.0380041063671885,0.012659538681215,-0.0414374743677871,-0.0308754522287644,-0.0493947765539545,-0.0508988606329926
-0.303529154506525,0.0478435909085424,0.0522926604834008,0.041180836644958,0.0380041063671885,-0.00231463664651409,0.0478435909085424,-0.0638387862398179,0.00866448039680446,0.024426259906679,0.012659538681215,-0.0492101163263921,0.0522926604834008,0.00866448039680446,-0.0438539356539453,-0.0288567629013941,-0.0414374743677871,-0.0140343572236622,0.041180836644958,0.024426259906679,-0.0288567629013941,-0.0353896362226029,-0.0308754522287644,0.0302766736087913,0.0380041063671885,0.012659538681215,-0.0414374743677871,-0.0308754522287644,-0.0493947765539545,-0.0508988606329926,-0.00231463664651409,-0.0492101163263921,-0.0140343572236622,0.0302766736087913,-0.0508988606329926,-0.231778926246015
