"Mkt.RF","SMB","HML","RMW","CMA","Mom"
1.26542569512576,-0.100089038342624,-0.090155751428557,-0.156422056586232,-0.164995255717849,-0.163605948730944
-0.100089038342624,0.344488025094712,0.0265130633486761,-0.0713348055048987,0.0109450443135832,0.0102674497432952
-0.090155751428557,0.0265130633486761,0.333474703795098,0.0121689468252709,0.117292974000708,-0.145513132200052
-0.156422056586232,-0.0713348055048987,0.0121689468252709,0.191860141484778,0.0380127133061872,0.0549867738688696
-0.164995255717849,0.0109450443135832,0.117292974000708,0.0380127133061872,0.163828152671337,0.0256612673609748
-0.163605948730944,0.0102674497432952,-0.145513132200052,0.0549867738688696,0.0256612673609748,0.650210166121179
