"V1","V2","V3","V4","V5","V6","V7","V8","V9","V10","V11","V12","V13","V14","V15","V16","V17","V18","V19","V20","V21","V22","V23","V24","V25","V26","V27","V28","V29","V30","V31","V32","V33","V34","V35","V36"
-1.13744045968019e-06,1.74644458795711e-07,7.60349794854419e-08,5.89093641072709e-08,-2.71395596008246e-08,-3.62992271198695e-07,1.74644458795711e-07,-4.41989732794338e-08,1.72206615916833e-08,-1.10614157863539e-09,3.1441201712486e-08,5.17480929826462e-08,7.60349794854419e-08,1.72206615916833e-08,-2.8169982322443e-09,-1.16303040349152e-08,2.44032948230024e-08,6.47037230073806e-08,5.89093641072709e-08,-1.10614157863539e-09,-1.16303040349152e-08,-9.51589053490951e-10,3.62399222286018e-09,4.88733208457332e-08,-2.71395596008246e-08,3.1441201712486e-08,2.44032948230024e-08,3.62399222286018e-09,4.43249915063746e-08,4.11520007890973e-08,-3.62992271198695e-07,5.17480929826462e-08,6.47037230073806e-08,4.88733208457332e-08,4.11520007890973e-08,-1.64046437431301e-08
1.74644458795711e-07,-4.41989732794338e-08,1.72206615916833e-08,-1.10614157863539e-09,3.1441201712486e-08,5.17480929826462e-08,-4.41989732794338e-08,-2.89330046428426e-07,4.66811968813531e-08,7.36789195040029e-08,4.62116079623495e-08,-6.58561654486825e-08,1.72206615916833e-08,4.66811968813531e-08,-3.7320416697304e-08,-1.94337438504102e-08,-3.3052569816923e-08,1.1259180365295e-08,-1.10614157863539e-09,7.36789195040029e-08,-1.94337438504102e-08,-3.40206529018672e-08,-2.16297509961142e-08,2.04787460499627e-08,3.1441201712486e-08,4.62116079623495e-08,-3.3052569816923e-08,-2.16297509961142e-08,-3.44090905602113e-08,1.17094593504159e-08,5.17480929826462e-08,-6.58561654486825e-08,1.1259180365295e-08,2.04787460499627e-08,1.17094593504159e-08,-6.49242741149419e-08
7.60349794854419e-08,1.72206615916833e-08,-2.8169982322443e-09,-1.16303040349152e-08,2.44032948230024e-08,6.47037230073806e-08,1.72206615916833e-08,4.66811968813531e-08,-3.7320416697304e-08,-1.94337438504102e-08,-3.3052569816923e-08,1.1259180365295e-08,-2.8169982322443e-09,-3.7320416697304e-08,7.30618523778735e-09,1.71169164285777e-08,-1.04766855413233e-08,-4.36988392648131e-08,-1.16303040349152e-08,-1.94337438504102e-08,1.71169164285777e-08,1.00765654752413e-08,4.98275053167497e-09,-3.90446799366352e-08,2.44032948230024e-08,-3.3052569816923e-08,-1.04766855413233e-08,4.98275053167497e-09,-2.5477226932067e-08,-4.51106682127918e-08,6.47037230073806e-08,1.1259180365295e-08,-4.36988392648131e-08,-3.90446799366352e-08,-4.51106682127918e-08,-2.85789928660719e-08
5.89093641072709e-08,-1.10614157863539e-09,-1.16303040349152e-08,-9.51589053490951e-10,3.62399222286018e-09,4.88733208457332e-08,-1.10614157863539e-09,7.36789195040029e-08,-1.94337438504102e-08,-3.40206529018672e-08,-2.16297509961142e-08,2.04787460499627e-08,-1.16303040349152e-08,-1.94337438504102e-08,1.71169164285777e-08,1.00765654752413e-08,4.98275053167497e-09,-3.90446799366352e-08,-9.51589053490951e-10,-3.40206529018672e-08,1.00765654752413e-08,2.64409910650978e-08,4.64192864111361e-09,-3.4606398313924e-08,3.62399222286018e-09,-2.16297509961142e-08,4.98275053167497e-09,4.64192864111361e-09,-5.64003072585969e-09,-3.55978123675251e-08,4.88733208457332e-08,2.04787460499627e-08,-3.90446799366352e-08,-3.4606398313924e-08,-3.55978123675251e-08,2.21308510954169e-08
-2.71395596008246e-08,3.1441201712486e-08,2.44032948230024e-08,3.62399222286018e-09,4.43249915063746e-08,4.11520007890973e-08,3.1441201712486e-08,4.62116079623495e-08,-3.3052569816923e-08,-2.16297509961142e-08,-3.44090905602113e-08,1.17094593504159e-08,2.44032948230024e-08,-3.3052569816923e-08,-1.04766855413233e-08,4.98275053167497e-09,-2.5477226932067e-08,-4.51106682127918e-08,3.62399222286018e-09,-2.16297509961142e-08,4.98275053167497e-09,4.64192864111361e-09,-5.64003072585969e-09,-3.55978123675251e-08,4.43249915063746e-08,-3.44090905602113e-08,-2.5477226932067e-08,-5.64003072585969e-09,-4.18573100057156e-08,-5.71937767594919e-08,4.11520007890973e-08,1.17094593504159e-08,-4.51106682127918e-08,-3.55978123675251e-08,-5.71937767594919e-08,-6.10911779340581e-08
-3.62992271198695e-07,5.17480929826462e-08,6.47037230073806e-08,4.88733208457332e-08,4.11520007890973e-08,-1.64046437431301e-08,5.17480929826462e-08,-6.58561654486825e-08,1.1259180365295e-08,2.04787460499627e-08,1.17094593504159e-08,-6.49242741149419e-08,6.47037230073806e-08,1.1259180365295e-08,-4.36988392648131e-08,-3.90446799366352e-08,-4.51106682127918e-08,-2.85789928660719e-08,4.88733208457332e-08,2.04787460499627e-08,-3.90446799366352e-08,-3.4606398313924e-08,-3.55978123675251e-08,2.21308510954169e-08,4.11520007890973e-08,1.17094593504159e-08,-4.51106682127918e-08,-3.55978123675251e-08,-5.71937767594919e-08,-6.10911779340581e-08,-1.64046437431301e-08,-6.49242741149419e-08,-2.85789928660719e-08,2.21308510954169e-08,-6.10911779340581e-08,-2.80683147439706e-07
