"V1","V2","V3","V4","V5","V6","V7","V8","V9","V10","V11","V12","V13","V14","V15","V16","V17","V18","V19","V20","V21","V22","V23","V24","V25","V26","V27","V28","V29","V30","V31","V32","V33","V34","V35","V36"
-0.827975883478109,0.131977081756552,0.0552264567954965,0.0445871264515261,-0.0380671097727691,-0.32210158120868,0.131977081756552,-0.0418802050175422,0.0205992698923907,-0.00141591043839363,0.0308719558360956,0.0431800859192463,0.0552264567954965,0.0205992698923907,0.00717409876836849,-0.0139568101133389,0.0240561391077657,0.0431593067085193,0.0445871264515261,-0.00141591043839363,-0.0139568101133389,-0.00136797424080409,0.0031643170753229,0.0471872369641619,-0.0380671097727691,0.0308719558360956,0.0240561391077657,0.0031643170753229,0.0433091169555919,0.0383416164328432,-0.32210158120868,0.0431800859192463,0.0431593067085193,0.0471872369641619,0.0383416164328432,0.0230878478327163
0.131977081756552,-0.0418802050175422,0.0205992698923907,-0.00141591043839363,0.0308719558360956,0.0431800859192463,-0.0418802050175422,-0.239210679490127,0.0447568685645258,0.0667588817157209,0.0418458868226629,-0.0669447634644502,0.0205992698923907,0.0447568685645258,-0.0276187483880787,-0.0206403253723834,-0.0307707028866029,0.000117216437612691,-0.00141591043839363,0.0667588817157209,-0.0206403253723834,-0.0328191674001805,-0.0211193806254867,0.0219901174019655,0.0308719558360956,0.0418458868226629,-0.0307707028866029,-0.0211193806254867,-0.0323058111617324,0.0110830625426873,0.0431800859192463,-0.0669447634644502,0.000117216437612691,0.0219901174019655,0.0110830625426873,-0.041868916511661
0.0552264567954965,0.0205992698923907,0.00717409876836849,-0.0139568101133389,0.0240561391077657,0.0431593067085193,0.0205992698923907,0.0447568685645258,-0.0276187483880787,-0.0206403253723834,-0.0307707028866029,0.000117216437612691,0.00717409876836849,-0.0276187483880787,0.0405610326622874,0.0144763336038602,-0.00359762251225835,-0.0784162197609063,-0.0139568101133389,-0.0206403253723834,0.0144763336038602,0.0149381652569353,0.00745711672106235,-0.0305577819000202,0.0240561391077657,-0.0307707028866029,-0.00359762251225835,0.00745711672106235,-0.0201305877262925,-0.0437234402685566,0.0431593067085193,0.000117216437612691,-0.0784162197609063,-0.0305577819000202,-0.0437234402685566,0.0316182505671058
0.0445871264515261,-0.00141591043839363,-0.0139568101133389,-0.00136797424080409,0.0031643170753229,0.0471872369641619,-0.00141591043839363,0.0667588817157209,-0.0206403253723834,-0.0328191674001805,-0.0211193806254867,0.0219901174019655,-0.0139568101133389,-0.0206403253723834,0.0144763336038602,0.0149381652569353,0.00745711672106235,-0.0305577819000202,-0.00136797424080409,-0.0328191674001805,0.0149381652569353,0.0316980629717728,0.00773390600575106,-0.0355151330632707,0.0031643170753229,-0.0211193806254867,0.00745711672106235,0.00773390600575106,-0.00259385488423963,-0.0338265208070078,0.0471872369641619,0.0219901174019655,-0.0305577819000202,-0.0355151330632707,-0.0338265208070078,0.0175723684040421
-0.0380671097727691,0.0308719558360956,0.0240561391077657,0.0031643170753229,0.0433091169555919,0.0383416164328432,0.0308719558360956,0.0418458868226629,-0.0307707028866029,-0.0211193806254867,-0.0323058111617324,0.0110830625426873,0.0240561391077657,-0.0307707028866029,-0.00359762251225835,0.00745711672106235,-0.0201305877262925,-0.0437234402685566,0.0031643170753229,-0.0211193806254867,0.00745711672106235,0.00773390600575106,-0.00259385488423963,-0.0338265208070078,0.0433091169555919,-0.0323058111617324,-0.0201305877262925,-0.00259385488423963,-0.0353694381461917,-0.0529363896030939,0.0383416164328432,0.0110830625426873,-0.0437234402685566,-0.0338265208070078,-0.0529363896030939,-0.0509449330916154
-0.32210158120868,0.0431800859192463,0.0431593067085193,0.0471872369641619,0.0383416164328432,0.0230878478327163,0.0431800859192463,-0.0669447634644502,0.000117216437612691,0.0219901174019655,0.0110830625426873,-0.041868916511661,0.0431593067085193,0.000117216437612691,-0.0784162197609063,-0.0305577819000202,-0.0437234402685566,0.0316182505671058,0.0471872369641619,0.0219901174019655,-0.0305577819000202,-0.0355151330632707,-0.0338265208070078,0.0175723684040421,0.0383416164328432,0.0110830625426873,-0.0437234402685566,-0.0338265208070078,-0.0529363896030939,-0.0509449330916154,0.0230878478327163,-0.041868916511661,0.0316182505671058,0.0175723684040421,-0.0509449330916154,-0.332440419119138
