"V1","V2","V3","V4","V5","V6","V7","V8","V9","V10","V11","V12","V13","V14","V15","V16","V17","V18","V19","V20","V21","V22","V23","V24","V25","V26","V27","V28","V29","V30","V31","V32","V33","V34","V35","V36"
-0.805948148845828,0.155506806981201,0.0676288248852121,0.0490381536897943,-0.0081164567758797,-0.271817486934742,0.155506806981201,-0.0498133638893525,0.00913588208179889,-0.0129982589001022,0.0176075082921233,0.0433959757884437,0.0676288248852121,0.00913588208179889,0.00630898486721805,-0.0168477364827564,0.0104890954119714,0.0295159532794249,0.0490381536897943,-0.0129982589001022,-0.0168477364827564,0.00414125999638504,-0.00934310676235872,0.0216929058397586,-0.0081164567758797,0.0176075082921233,0.0104890954119714,-0.00934310676235872,0.0104912810701132,0.00898847717372877,-0.271817486934742,0.0433959757884437,0.0295159532794249,0.0216929058397586,0.00898847717372877,-0.0318781094702032
0.155506806981201,-0.0498133638893525,0.00913588208179889,-0.0129982589001022,0.0176075082921233,0.0433959757884437,-0.0498133638893525,-0.213722758233938,0.0392265481699926,0.0543956071167754,0.0348826599418071,-0.0433988427785651,0.00913588208179889,0.0392265481699926,-0.0199096345687046,-0.00770090373014066,-0.0159034284255469,0.000317342038158381,-0.0129982589001022,0.0543956071167754,-0.00770090373014066,-0.0134642246614085,-0.00889837445953764,0.00242538147354735,0.0176075082921233,0.0348826599418071,-0.0159034284255469,-0.00889837445953764,-0.0156884183880054,0.00475453922915295,0.0433959757884437,-0.0433988427785651,0.000317342038158381,0.00242538147354735,0.00475453922915295,0.00609779902918033
0.0676288248852121,0.00913588208179889,0.00630898486721805,-0.0168477364827564,0.0104890954119714,0.0295159532794249,0.00913588208179889,0.0392265481699926,-0.0199096345687046,-0.00770090373014066,-0.0159034284255469,0.000317342038158381,0.00630898486721805,-0.0199096345687046,0.00598585119926222,0.00757972377276045,-0.000681170996627387,-0.0219233155462234,-0.0168477364827564,-0.00770090373014066,0.00757972377276045,0.00354683339168077,0.00638430345239942,-0.0043959727926455,0.0104890954119714,-0.0159034284255469,-0.000681170996627387,0.00638430345239942,-0.00219571148939295,-0.0114110326620672,0.0295159532794249,0.000317342038158381,-0.0219233155462234,-0.0043959727926455,-0.0114110326620672,0.00623909408775816
0.0490381536897943,-0.0129982589001022,-0.0168477364827564,0.00414125999638504,-0.00934310676235872,0.0216929058397586,-0.0129982589001022,0.0543956071167754,-0.00770090373014066,-0.0134642246614085,-0.00889837445953764,0.00242538147354735,-0.0168477364827564,-0.00770090373014066,0.00757972377276045,0.00354683339168077,0.00638430345239942,-0.0043959727926455,0.00414125999638504,-0.0134642246614085,0.00354683339168077,0.00471318213733332,0.00257485748497773,-0.00694233675280724,-0.00934310676235872,-0.00889837445953764,0.00638430345239942,0.00257485748497773,0.0052104110536653,-0.00204212482704334,0.0216929058397586,0.00242538147354735,-0.0043959727926455,-0.00694233675280724,-0.00204212482704334,0.0117205911275523
-0.0081164567758797,0.0176075082921233,0.0104890954119714,-0.00934310676235872,0.0104912810701132,0.00898847717372877,0.0176075082921233,0.0348826599418071,-0.0159034284255469,-0.00889837445953764,-0.0156884183880054,0.00475453922915295,0.0104890954119714,-0.0159034284255469,-0.000681170996627387,0.00638430345239942,-0.00219571148939295,-0.0114110326620672,-0.00934310676235872,-0.00889837445953764,0.00638430345239942,0.00257485748497773,0.0052104110536653,-0.00204212482704334,0.0104912810701132,-0.0156884183880054,-0.00219571148939295,0.0052104110536653,-0.000419581214705813,-0.00797424235937851,0.00898847717372877,0.00475453922915295,-0.0114110326620672,-0.00204212482704334,-0.00797424235937851,-0.00938894966367947
-0.271817486934742,0.0433959757884437,0.0295159532794249,0.0216929058397586,0.00898847717372877,-0.0318781094702032,0.0433959757884437,-0.0433988427785651,0.000317342038158381,0.00242538147354735,0.00475453922915295,0.00609779902918033,0.0295159532794249,0.000317342038158381,-0.0219233155462234,-0.0043959727926455,-0.0114110326620672,0.00623909408775816,0.0216929058397586,0.00242538147354735,-0.0043959727926455,-0.00694233675280724,-0.00204212482704334,0.0117205911275523,0.00898847717372877,0.00475453922915295,-0.0114110326620672,-0.00204212482704334,-0.00797424235937851,-0.00938894966367947,-0.0318781094702032,0.00609779902918033,0.00623909408775816,0.0117205911275523,-0.00938894966367947,-0.10046767337241
