"Mkt.RF","SMB","HML","RMW","CMA","Mom"
1.28396703965089,-0.0640044793535755,-0.0649109439829046,-0.166799328467836,-0.163074172601062,-0.163874960299197
-0.0640044793535755,0.348226530536414,0.0174623927450023,-0.0764848624656681,0.00587065020656285,0.00318622254998619
-0.0649109439829046,0.0174623927450023,0.339332574242116,0.0130719131048515,0.117182140906042,-0.163930865754129
-0.166799328467836,-0.0764848624656681,0.0130719131048515,0.198128773366927,0.0422892411635935,0.053041678980504
-0.163074172601062,0.00587065020656285,0.117182140906042,0.0422892411635935,0.164293060315376,0.0173485693172788
-0.163874960299197,0.00318622254998619,-0.163930865754129,0.053041678980504,0.0173485693172788,0.692570133039358
