"V1","V2","V3","V4","V5","V6","V7","V8","V9","V10","V11","V12","V13","V14","V15","V16","V17","V18","V19","V20","V21","V22","V23","V24","V25","V26","V27","V28","V29","V30","V31","V32","V33","V34","V35","V36"
-7.48438283403195e-07,-2.63970333511038e-07,-2.04454121417356e-07,1.11706273924128e-07,4.7151365489597e-08,-6.07968185116677e-08,-2.63970333511038e-07,5.62361975147049e-08,2.71815615869572e-08,4.36294482262003e-09,2.7707915615971e-08,-5.66703374383094e-08,-2.04454121417356e-07,2.71815615869572e-08,-1.31580525354738e-08,-1.12813905142307e-09,2.22329508048052e-08,-3.4674017631091e-08,1.11706273924128e-07,4.36294482262003e-09,-1.12813905142307e-09,3.01284754427198e-09,4.46492284289143e-09,3.27982092756407e-08,4.7151365489597e-08,2.7707915615971e-08,2.22329508048052e-08,4.46492284289143e-09,3.31584577471623e-08,3.54248554531859e-08,-6.07968185116677e-08,-5.66703374383094e-08,-3.4674017631091e-08,3.27982092756407e-08,3.54248554531859e-08,2.2871592992335e-07
-2.63970333511038e-07,5.62361975147049e-08,2.71815615869572e-08,4.36294482262003e-09,2.7707915615971e-08,-5.66703374383094e-08,5.62361975147049e-08,-1.969604779941e-08,1.16837160412752e-08,1.4481883484492e-08,-2.21889956096073e-09,-8.81914281913513e-08,2.71815615869572e-08,1.16837160412752e-08,1.32063312773647e-09,-1.3890488605893e-08,-1.58244450176708e-08,-7.12721765110916e-08,4.36294482262003e-09,1.4481883484492e-08,-1.3890488605893e-08,-1.6108938622107e-08,-1.36822529966712e-08,1.94311544711359e-08,2.7707915615971e-08,-2.21889956096073e-09,-1.58244450176708e-08,-1.36822529966712e-08,-2.00403268952984e-08,-4.85893193782819e-10,-5.66703374383094e-08,-8.81914281913513e-08,-7.12721765110916e-08,1.94311544711359e-08,-4.85893193782819e-10,9.38557420983713e-08
-2.04454121417356e-07,2.71815615869572e-08,-1.31580525354738e-08,-1.12813905142307e-09,2.22329508048052e-08,-3.4674017631091e-08,2.71815615869572e-08,1.16837160412752e-08,1.32063312773647e-09,-1.3890488605893e-08,-1.58244450176708e-08,-7.12721765110916e-08,-1.31580525354738e-08,1.32063312773647e-09,9.14064547095202e-08,1.36287366957984e-08,-1.27440226832187e-09,-2.70396680035668e-07,-1.12813905142307e-09,-1.3890488605893e-08,1.36287366957984e-08,3.04531171735087e-08,6.64811127087188e-09,-3.45923593456834e-08,2.22329508048052e-08,-1.58244450176708e-08,-1.27440226832187e-09,6.64811127087188e-09,-1.63543432783167e-08,-5.54769769947391e-08,-3.4674017631091e-08,-7.12721765110916e-08,-2.70396680035668e-07,-3.45923593456834e-08,-5.54769769947391e-08,4.23709042362157e-07
1.11706273924128e-07,4.36294482262003e-09,-1.12813905142307e-09,3.01284754427198e-09,4.46492284289143e-09,3.27982092756407e-08,4.36294482262003e-09,1.4481883484492e-08,-1.3890488605893e-08,-1.6108938622107e-08,-1.36822529966712e-08,1.94311544711359e-08,-1.12813905142307e-09,-1.3890488605893e-08,1.36287366957984e-08,3.04531171735087e-08,6.64811127087188e-09,-3.45923593456834e-08,3.01284754427198e-09,-1.6108938622107e-08,3.04531171735087e-08,1.88046469011897e-08,6.27184566265434e-09,-5.54222631425639e-08,4.46492284289143e-09,-1.36822529966712e-08,6.64811127087188e-09,6.27184566265434e-09,-9.15032756688789e-09,-3.91503031805342e-08,3.27982092756407e-08,1.94311544711359e-08,-3.45923593456834e-08,-5.54222631425639e-08,-3.91503031805342e-08,2.52524423878675e-08
4.7151365489597e-08,2.7707915615971e-08,2.22329508048052e-08,4.46492284289143e-09,3.31584577471623e-08,3.54248554531859e-08,2.7707915615971e-08,-2.21889956096073e-09,-1.58244450176708e-08,-1.36822529966712e-08,-2.00403268952984e-08,-4.85893193782819e-10,2.22329508048052e-08,-1.58244450176708e-08,-1.27440226832187e-09,6.64811127087188e-09,-1.63543432783167e-08,-5.54769769947391e-08,4.46492284289143e-09,-1.36822529966712e-08,6.64811127087188e-09,6.27184566265434e-09,-9.15032756688789e-09,-3.91503031805342e-08,3.31584577471623e-08,-2.00403268952984e-08,-1.63543432783167e-08,-9.15032756688789e-09,-3.70905977651516e-08,-6.4432165383294e-08,3.54248554531859e-08,-4.85893193782819e-10,-5.54769769947391e-08,-3.91503031805342e-08,-6.4432165383294e-08,-2.95280503370876e-08
-6.07968185116677e-08,-5.66703374383094e-08,-3.4674017631091e-08,3.27982092756407e-08,3.54248554531859e-08,2.2871592992335e-07,-5.66703374383094e-08,-8.81914281913513e-08,-7.12721765110916e-08,1.94311544711359e-08,-4.85893193782819e-10,9.38557420983713e-08,-3.4674017631091e-08,-7.12721765110916e-08,-2.70396680035668e-07,-3.45923593456834e-08,-5.54769769947391e-08,4.23709042362157e-07,3.27982092756407e-08,1.94311544711359e-08,-3.45923593456834e-08,-5.54222631425639e-08,-3.91503031805342e-08,2.52524423878675e-08,3.54248554531859e-08,-4.85893193782819e-10,-5.54769769947391e-08,-3.91503031805342e-08,-6.4432165383294e-08,-2.95280503370876e-08,2.2871592992335e-07,9.38557420983713e-08,4.23709042362157e-07,2.52524423878675e-08,-2.95280503370876e-08,-1.23863270000089e-06
