"Mkt.RF","SMB","HML","RMW","CMA","Mom"
0.758550634307044,-0.162777455291547,-0.198469914713303,0.0303088991860528,-0.12805500740785,0.0395313852949169
-0.162777455291547,0.236754024735533,0.021223927922994,-0.0407445173867613,0.0010868752941891,-0.014163146867402
-0.198469914713303,0.021223927922994,0.159170894142886,-0.0328447193857026,0.0902225900997481,-0.011316651123185
0.0303088991860528,-0.0407445173867613,-0.0328447193857026,0.0600918694047349,-0.0189404092930683,0.00611115243240828
-0.12805500740785,0.0010868752941891,0.0902225900997481,-0.0189404092930683,0.103688591765096,0.00567127027385046
0.0395313852949169,-0.014163146867402,-0.011316651123185,0.00611115243240828,0.00567127027385046,0.219416081065208
