"V1","V2","V3","V4","V5","V6","V7","V8","V9","V10","V11","V12","V13","V14","V15","V16","V17","V18","V19","V20","V21","V22","V23","V24","V25","V26","V27","V28","V29","V30","V31","V32","V33","V34","V35","V36"
-1.28978908299231e-06,1.07140783979693e-07,-5.32350165213124e-08,9.69960074139978e-08,-4.35498772313544e-09,-3.27731182698382e-07,1.07140783979693e-07,-9.09606239608599e-09,3.64246253396226e-08,-1.25528935629796e-08,3.1322629360052e-08,4.45567191820927e-08,-5.32350165213124e-08,3.64246253396226e-08,-5.10990318301711e-09,-1.59937999719583e-08,2.21199427160786e-08,2.73180273823471e-08,9.69960074139978e-08,-1.25528935629796e-08,-1.59937999719583e-08,7.26273572972672e-09,5.09559148198705e-09,5.55623759057256e-08,-4.35498772313544e-09,3.1322629360052e-08,2.21199427160786e-08,5.09559148198705e-09,4.56424200157883e-08,4.27804161904525e-08,-3.27731182698382e-07,4.45567191820927e-08,2.73180273823471e-08,5.55623759057256e-08,4.27804161904525e-08,1.22517133342265e-07
1.07140783979693e-07,-9.09606239608599e-09,3.64246253396226e-08,-1.25528935629796e-08,3.1322629360052e-08,4.45567191820927e-08,-9.09606239608599e-09,-2.75890290860508e-07,5.44783187612766e-08,7.33174313551771e-08,4.24834078080953e-08,-7.96502200260661e-08,3.64246253396226e-08,5.44783187612766e-08,-2.0201393082137e-08,-2.40030990510739e-08,-3.19593980372326e-08,-1.40067430963076e-08,-1.25528935629796e-08,7.33174313551771e-08,-2.40030990510739e-08,-3.26041663302485e-08,-2.19456480135138e-08,2.58021822806223e-08,3.1322629360052e-08,4.24834078080953e-08,-3.19593980372326e-08,-2.19456480135138e-08,-3.32546143442596e-08,9.05372253007072e-09,4.45567191820927e-08,-7.96502200260661e-08,-1.40067430963076e-08,2.58021822806223e-08,9.05372253007072e-09,-9.81430649103163e-09
-5.32350165213124e-08,3.64246253396226e-08,-5.10990318301711e-09,-1.59937999719583e-08,2.21199427160786e-08,2.73180273823471e-08,3.64246253396226e-08,5.44783187612766e-08,-2.0201393082137e-08,-2.40030990510739e-08,-3.19593980372326e-08,-1.40067430963076e-08,-5.10990318301711e-09,-2.0201393082137e-08,6.01145894884273e-08,-2.58602558947006e-09,-1.41864694353593e-08,-1.49041393393728e-07,-1.59937999719583e-08,-2.40030990510739e-08,-2.58602558947006e-09,2.04257859261097e-08,5.9377873088137e-09,-1.25016299645083e-08,2.21199427160786e-08,-3.19593980372326e-08,-1.41864694353593e-08,5.9377873088137e-09,-2.20074181609428e-08,-3.80109117685811e-08,2.73180273823471e-08,-1.40067430963076e-08,-1.49041393393728e-07,-1.25016299645083e-08,-3.80109117685811e-08,1.52427695952378e-07
9.69960074139978e-08,-1.25528935629796e-08,-1.59937999719583e-08,7.26273572972672e-09,5.09559148198705e-09,5.55623759057256e-08,-1.25528935629796e-08,7.33174313551771e-08,-2.40030990510739e-08,-3.26041663302485e-08,-2.19456480135138e-08,2.58021822806223e-08,-1.59937999719583e-08,-2.40030990510739e-08,-2.58602558947006e-09,2.04257859261097e-08,5.9377873088137e-09,-1.25016299645083e-08,7.26273572972672e-09,-3.26041663302485e-08,2.04257859261097e-08,2.05257420354983e-08,4.1556395410449e-09,-4.74478350912165e-08,5.09559148198705e-09,-2.19456480135138e-08,5.9377873088137e-09,4.1556395410449e-09,-6.222760606964e-09,-3.78026469476e-08,5.55623759057256e-08,2.58021822806223e-08,-1.25016299645083e-08,-4.74478350912165e-08,-3.78026469476e-08,-1.68831014133526e-08
-4.35498772313544e-09,3.1322629360052e-08,2.21199427160786e-08,5.09559148198705e-09,4.56424200157883e-08,4.27804161904525e-08,3.1322629360052e-08,4.24834078080953e-08,-3.19593980372326e-08,-2.19456480135138e-08,-3.32546143442596e-08,9.05372253007072e-09,2.21199427160786e-08,-3.19593980372326e-08,-1.41864694353593e-08,5.9377873088137e-09,-2.20074181609428e-08,-3.80109117685811e-08,5.09559148198705e-09,-2.19456480135138e-08,5.9377873088137e-09,4.1556395410449e-09,-6.222760606964e-09,-3.78026469476e-08,4.56424200157883e-08,-3.32546143442596e-08,-2.20074181609428e-08,-6.222760606964e-09,-4.15538982433878e-08,-6.31007786835958e-08,4.27804161904525e-08,9.05372253007072e-09,-3.80109117685811e-08,-3.78026469476e-08,-6.31007786835958e-08,-7.86741764854288e-08
-3.27731182698382e-07,4.45567191820927e-08,2.73180273823471e-08,5.55623759057256e-08,4.27804161904525e-08,1.22517133342265e-07,4.45567191820927e-08,-7.96502200260661e-08,-1.40067430963076e-08,2.58021822806223e-08,9.05372253007072e-09,-9.81430649103163e-09,2.73180273823471e-08,-1.40067430963076e-08,-1.49041393393728e-07,-1.25016299645083e-08,-3.80109117685811e-08,1.52427695952378e-07,5.55623759057256e-08,2.58021822806223e-08,-1.25016299645083e-08,-4.74478350912165e-08,-3.78026469476e-08,-1.68831014133526e-08,4.27804161904525e-08,9.05372253007072e-09,-3.80109117685811e-08,-3.78026469476e-08,-6.31007786835958e-08,-7.86741764854288e-08,1.22517133342265e-07,-9.81430649103163e-09,1.52427695952378e-07,-1.68831014133526e-08,-7.86741764854288e-08,-6.58103573995442e-07
