"V1","V2","V3","V4","V5","V6","V7","V8","V9","V10","V11","V12","V13","V14","V15","V16","V17","V18","V19","V20","V21","V22","V23","V24","V25","V26","V27","V28","V29","V30","V31","V32","V33","V34","V35","V36"
-1.02632813917005e-06,2.11520998376887e-07,7.23821615901354e-08,4.21250006700489e-08,-2.00277011410573e-08,-3.23401526617832e-07,2.11520998376887e-07,-5.86264316665995e-08,1.68825612181644e-09,-1.51548961144168e-08,1.0777850814264e-08,5.33129984782978e-08,7.23821615901354e-08,1.68825612181644e-09,7.24801227485137e-09,-1.17624984332278e-08,1.35873474261249e-08,3.02670389645467e-08,4.21250006700489e-08,-1.51548961144168e-08,-1.17624984332278e-08,5.97730199368992e-09,-4.98365255345743e-09,1.9175818429815e-08,-2.00277011410573e-08,1.0777850814264e-08,1.35873474261249e-08,-4.98365255345743e-09,1.47705484995499e-08,8.17686414135651e-09,-3.23401526617832e-07,5.33129984782978e-08,3.02670389645467e-08,1.9175818429815e-08,8.17686414135651e-09,-4.09422907671404e-08
2.11520998376887e-07,-5.86264316665995e-08,1.68825612181644e-09,-1.51548961144168e-08,1.0777850814264e-08,5.33129984782978e-08,-5.86264316665995e-08,-2.5579168885515e-07,4.622324255829e-08,5.93325435956599e-08,4.03094245937394e-08,-4.42549202250306e-08,1.68825612181644e-09,4.622324255829e-08,-1.71023929138015e-08,-7.35096312796006e-09,-1.321948326138e-08,-1.63567935652691e-09,-1.51548961144168e-08,5.93325435956599e-08,-7.35096312796006e-09,-1.3603323726904e-08,-8.16383302419924e-09,2.19547899640767e-09,1.0777850814264e-08,4.03094245937394e-08,-1.321948326138e-08,-8.16383302419924e-09,-1.16007346511857e-08,3.03450121434623e-09,5.33129984782978e-08,-4.42549202250306e-08,-1.63567935652691e-09,2.19547899640767e-09,3.03450121434623e-09,3.4697913438439e-09
7.23821615901354e-08,1.68825612181644e-09,7.24801227485137e-09,-1.17624984332278e-08,1.35873474261249e-08,3.02670389645467e-08,1.68825612181644e-09,4.622324255829e-08,-1.71023929138015e-08,-7.35096312796006e-09,-1.321948326138e-08,-1.63567935652691e-09,7.24801227485137e-09,-1.71023929138015e-08,2.65121867927745e-09,3.49298256337716e-09,-3.33755197789822e-09,-1.79669329922995e-08,-1.17624984332278e-08,-7.35096312796006e-09,3.49298256337716e-09,1.96977520950614e-09,3.0961309781623e-09,7.88820947687333e-10,1.35873474261249e-08,-1.321948326138e-08,-3.33755197789822e-09,3.0961309781623e-09,-4.45888208721385e-09,-9.19841627300683e-09,3.02670389645467e-08,-1.63567935652691e-09,-1.79669329922995e-08,7.88820947687333e-10,-9.19841627300683e-09,-1.52466299465709e-09
4.21250006700489e-08,-1.51548961144168e-08,-1.17624984332278e-08,5.97730199368992e-09,-4.98365255345743e-09,1.9175818429815e-08,-1.51548961144168e-08,5.93325435956599e-08,-7.35096312796006e-09,-1.3603323726904e-08,-8.16383302419924e-09,2.19547899640767e-09,-1.17624984332278e-08,-7.35096312796006e-09,3.49298256337716e-09,1.96977520950614e-09,3.0961309781623e-09,7.88820947687333e-10,5.97730199368992e-09,-1.3603323726904e-08,1.96977520950614e-09,3.62491829174147e-09,1.72409462926807e-09,-4.47139997999387e-09,-4.98365255345743e-09,-8.16383302419924e-09,3.0961309781623e-09,1.72409462926807e-09,2.52245066200928e-09,1.55943983050698e-09,1.9175818429815e-08,2.19547899640767e-09,7.88820947687333e-10,-4.47139997999387e-09,1.55943983050698e-09,5.27316896900500e-09
-2.00277011410573e-08,1.0777850814264e-08,1.35873474261249e-08,-4.98365255345743e-09,1.47705484995499e-08,8.17686414135651e-09,1.0777850814264e-08,4.03094245937394e-08,-1.321948326138e-08,-8.16383302419924e-09,-1.16007346511857e-08,3.03450121434623e-09,1.35873474261249e-08,-1.321948326138e-08,-3.33755197789822e-09,3.0961309781623e-09,-4.45888208721385e-09,-9.19841627300683e-09,-4.98365255345743e-09,-8.16383302419924e-09,3.0961309781623e-09,1.72409462926807e-09,2.52245066200928e-09,1.55943983050698e-09,1.47705484995499e-08,-1.16007346511857e-08,-4.45888208721385e-09,2.52245066200928e-09,-3.02843422152812e-09,-7.3870707461438e-09,8.17686414135651e-09,3.03450121434623e-09,-9.19841627300683e-09,1.55943983050698e-09,-7.3870707461438e-09,-1.38251851813094e-08
-3.23401526617832e-07,5.33129984782978e-08,3.02670389645467e-08,1.9175818429815e-08,8.17686414135651e-09,-4.09422907671404e-08,5.33129984782978e-08,-4.42549202250306e-08,-1.63567935652691e-09,2.19547899640767e-09,3.03450121434623e-09,3.4697913438439e-09,3.02670389645467e-08,-1.63567935652691e-09,-1.79669329922995e-08,7.88820947687333e-10,-9.19841627300683e-09,-1.52466299465709e-09,1.9175818429815e-08,2.19547899640767e-09,7.88820947687333e-10,-4.47139997999387e-09,1.55943983050698e-09,5.27316896900500e-09,8.17686414135651e-09,3.03450121434623e-09,-9.19841627300683e-09,1.55943983050698e-09,-7.3870707461438e-09,-1.38251851813094e-08,-4.09422907671404e-08,3.4697913438439e-09,-1.52466299465709e-09,5.27316896900500e-09,-1.38251851813094e-08,-8.62157717729526e-08
