"V1","V2","V3","V4","V5","V6","V7","V8","V9","V10","V11","V12","V13","V14","V15","V16","V17","V18","V19","V20","V21","V22","V23","V24","V25","V26","V27","V28","V29","V30","V31","V32","V33","V34","V35","V36"
-1.40298988003913e-06,1.29356363514863e-07,-6.32528000117762e-08,1.16346553322071e-07,-4.47023735454479e-09,-3.15116542921365e-07,1.29356363514863e-07,-8.48411723103646e-09,2.67530133021477e-08,-1.30048958795391e-08,2.67891914092485e-08,4.07171006535895e-08,-6.32528000117762e-08,2.67530133021477e-08,-1.11114198579582e-08,-1.55726575356169e-08,1.80967441070062e-08,1.65782669693033e-08,1.16346553322071e-07,-1.30048958795391e-08,-1.55726575356169e-08,2.99916980000624e-09,4.97092775524109e-09,5.27502299096843e-08,-4.47023735454479e-09,2.67891914092485e-08,1.80967441070062e-08,4.97092775524109e-09,4.25459578199931e-08,3.69916055759796e-08,-3.15116542921365e-07,4.07171006535895e-08,1.65782669693033e-08,5.27502299096843e-08,3.69916055759796e-08,1.24883545753346e-07
1.29356363514863e-07,-8.48411723103646e-09,2.67530133021477e-08,-1.30048958795391e-08,2.67891914092485e-08,4.07171006535895e-08,-8.48411723103646e-09,-2.39488849928369e-07,5.71291692922066e-08,6.40523281265347e-08,4.18997784517935e-08,-6.69486408557668e-08,2.67530133021477e-08,5.71291692922066e-08,-1.85324690021054e-08,-2.52172887583994e-08,-3.06332940162478e-08,-1.50669974361801e-08,-1.30048958795391e-08,6.40523281265347e-08,-2.52172887583994e-08,-2.93083797060294e-08,-2.19167544483783e-08,2.42246718071139e-08,2.67891914092485e-08,4.18997784517935e-08,-3.06332940162478e-08,-2.19167544483783e-08,-3.13336239198931e-08,9.34203310885283e-09,4.07171006535895e-08,-6.69486408557668e-08,-1.50669974361801e-08,2.42246718071139e-08,9.34203310885283e-09,1.2626096031867e-09
-6.32528000117762e-08,2.67530133021477e-08,-1.11114198579582e-08,-1.55726575356169e-08,1.80967441070062e-08,1.65782669693033e-08,2.67530133021477e-08,5.71291692922066e-08,-1.85324690021054e-08,-2.52172887583994e-08,-3.06332940162478e-08,-1.50669974361801e-08,-1.11114198579582e-08,-1.85324690021054e-08,6.19142678361889e-08,9.31693186942941e-10,-1.29589660074863e-08,-1.5230271121061e-07,-1.55726575356169e-08,-2.52172887583994e-08,9.31693186942941e-10,2.32519580794397e-08,8.12644188648294e-09,-1.12345659575487e-08,1.80967441070062e-08,-3.06332940162478e-08,-1.29589660074863e-08,8.12644188648294e-09,-1.92569459260199e-08,-3.76756467865277e-08,1.65782669693033e-08,-1.50669974361801e-08,-1.5230271121061e-07,-1.12345659575487e-08,-3.76756467865277e-08,1.631591106119e-07
1.16346553322071e-07,-1.30048958795391e-08,-1.55726575356169e-08,2.99916980000624e-09,4.97092775524109e-09,5.27502299096843e-08,-1.30048958795391e-08,6.40523281265347e-08,-2.52172887583994e-08,-2.93083797060294e-08,-2.19167544483783e-08,2.42246718071139e-08,-1.55726575356169e-08,-2.52172887583994e-08,9.31693186942941e-10,2.32519580794397e-08,8.12644188648294e-09,-1.12345659575487e-08,2.99916980000624e-09,-2.93083797060294e-08,2.32519580794397e-08,2.01795188614523e-08,5.20039514349296e-09,-4.74026783528601e-08,4.97092775524109e-09,-2.19167544483783e-08,8.12644188648294e-09,5.20039514349296e-09,-5.1594347357718e-09,-3.73761741366997e-08,5.27502299096843e-08,2.42246718071139e-08,-1.12345659575487e-08,-4.74026783528601e-08,-3.73761741366997e-08,-1.76262543624279e-08
-4.47023735454479e-09,2.67891914092485e-08,1.80967441070062e-08,4.97092775524109e-09,4.25459578199931e-08,3.69916055759796e-08,2.67891914092485e-08,4.18997784517935e-08,-3.06332940162478e-08,-2.19167544483783e-08,-3.13336239198931e-08,9.34203310885283e-09,1.80967441070062e-08,-3.06332940162478e-08,-1.29589660074863e-08,8.12644188648294e-09,-1.92569459260199e-08,-3.76756467865277e-08,4.97092775524109e-09,-2.19167544483783e-08,8.12644188648294e-09,5.20039514349296e-09,-5.1594347357718e-09,-3.73761741366997e-08,4.25459578199931e-08,-3.13336239198931e-08,-1.92569459260199e-08,-5.1594347357718e-09,-3.87728180913542e-08,-6.20597586084549e-08,3.69916055759796e-08,9.34203310885283e-09,-3.76756467865277e-08,-3.73761741366997e-08,-6.20597586084549e-08,-7.10180987270957e-08
-3.15116542921365e-07,4.07171006535895e-08,1.65782669693033e-08,5.27502299096843e-08,3.69916055759796e-08,1.24883545753346e-07,4.07171006535895e-08,-6.69486408557668e-08,-1.50669974361801e-08,2.42246718071139e-08,9.34203310885283e-09,1.2626096031867e-09,1.65782669693033e-08,-1.50669974361801e-08,-1.5230271121061e-07,-1.12345659575487e-08,-3.76756467865277e-08,1.631591106119e-07,5.27502299096843e-08,2.42246718071139e-08,-1.12345659575487e-08,-4.74026783528601e-08,-3.73761741366997e-08,-1.76262543624279e-08,3.69916055759796e-08,9.34203310885283e-09,-3.76756467865277e-08,-3.73761741366997e-08,-6.20597586084549e-08,-7.10180987270957e-08,1.24883545753346e-07,1.2626096031867e-09,1.631591106119e-07,-1.76262543624279e-08,-7.10180987270957e-08,-6.43717386553858e-07
