"Mkt.RF","SMB","HML","RMW","CMA","MOM"
6.98333999883307e-05,-1.24557563308327e-05,-1.6846549513271e-05,3.81969824484332e-06,-1.08929485407347e-05,4.93915456051253e-06
-1.24557563308327e-05,2.15511924214728e-05,1.87321553921192e-06,-3.25161075008203e-06,-1.036757787765e-07,1.10376858373821e-06
-1.6846549513271e-05,1.87321553921192e-06,1.42436065952415e-05,-3.99166107572466e-06,7.83396457331347e-06,-1.19949557663351e-06
3.81969824484332e-06,-3.25161075008203e-06,-3.99166107572466e-06,5.9051217762573e-06,-2.90845787428348e-06,8.72929587667115e-07
-1.08929485407347e-05,-1.036757787765e-07,7.83396457331347e-06,-2.90845787428348e-06,9.21147499062097e-06,-3.58342497076324e-07
4.93915456051253e-06,1.10376858373821e-06,-1.19949557663351e-06,8.72929587667115e-07,-3.58342497076324e-07,2.3528543743343e-05
