"V1","V2","V3","V4","V5","V6","V7","V8","V9","V10","V11","V12","V13","V14","V15","V16","V17","V18","V19","V20","V21","V22","V23","V24","V25","V26","V27","V28","V29","V30","V31","V32","V33","V34","V35","V36"
-0.74426468167907,0.15931118810181,0.0565564263655396,0.0357891532788027,-0.0208017242809239,-0.275163321754494,0.15931118810181,-0.0569073805204588,0.00398859562344711,-0.015100048581495,0.0130223076452235,0.0421720590512243,0.0565564263655396,0.00398859562344711,0.00792496116533549,-0.0109793872254227,0.0134246206610009,0.0270191071784982,0.0357891532788027,-0.015100048581495,-0.0109793872254227,0.00638055308086813,-0.00501124748586818,0.0172096345386189,-0.0208017242809239,0.0130223076452235,0.0134246206610009,-0.00501124748586818,0.0138160514223019,0.00896528026496303,-0.275163321754494,0.0421720590512243,0.0270191071784982,0.0172096345386189,0.00896528026496303,-0.0339022179846333
0.15931118810181,-0.0569073805204588,0.00398859562344711,-0.015100048581495,0.0130223076452235,0.0421720590512243,-0.0569073805204588,-0.216660502076741,0.0426032055275501,0.0544867394114944,0.0369021431675584,-0.0471932252184928,0.00398859562344711,0.0426032055275501,-0.0169491684548401,-0.00644434475094282,-0.0137295131178451,-0.00069804033166875,-0.015100048581495,0.0544867394114944,-0.00644434475094282,-0.0135326291436158,-0.00737401662639833,0.00164594643689372,0.0130223076452235,0.0369021431675584,-0.0137295131178451,-0.00737401662639833,-0.0123204507433605,0.0053462866319255,0.0421720590512243,-0.0471932252184928,-0.00069804033166875,0.00164594643689372,0.0053462866319255,-0.000661170936855784
0.0565564263655396,0.00398859562344711,0.00792496116533549,-0.0109793872254227,0.0134246206610009,0.0270191071784982,0.00398859562344711,0.0426032055275501,-0.0169491684548401,-0.00644434475094282,-0.0137295131178451,-0.00069804033166875,0.00792496116533549,-0.0169491684548401,0.00479055437998958,0.00306037246830648,-0.00211181048612957,-0.0168183196248273,-0.0109793872254227,-0.00644434475094282,0.00306037246830648,0.00154845127513896,0.00304186149495358,0.000508826259510984,0.0134246206610009,-0.0137295131178451,-0.00211181048612957,0.00304186149495358,-0.00329230122332967,-0.00860149200216385,0.0270191071784982,-0.00069804033166875,-0.0168183196248273,0.000508826259510984,-0.00860149200216385,-7.7946100625691e-05
0.0357891532788027,-0.015100048581495,-0.0109793872254227,0.00638055308086813,-0.00501124748586818,0.0172096345386189,-0.015100048581495,0.0544867394114944,-0.00644434475094282,-0.0135326291436158,-0.00737401662639833,0.00164594643689372,-0.0109793872254227,-0.00644434475094282,0.00306037246830648,0.00154845127513896,0.00304186149495358,0.000508826259510984,0.00638055308086813,-0.0135326291436158,0.00154845127513896,0.00410592779779771,0.00142180611466813,-0.00453212232337287,-0.00501124748586818,-0.00737401662639833,0.00304186149495358,0.00142180611466813,0.00252200054082898,0.00141356037940268,0.0172096345386189,0.00164594643689372,0.000508826259510984,-0.00453212232337287,0.00141356037940268,0.00547644243172605
-0.0208017242809239,0.0130223076452235,0.0134246206610009,-0.00501124748586818,0.0138160514223019,0.00896528026496303,0.0130223076452235,0.0369021431675584,-0.0137295131178451,-0.00737401662639833,-0.0123204507433605,0.0053462866319255,0.0134246206610009,-0.0137295131178451,-0.00211181048612957,0.00304186149495358,-0.00329230122332967,-0.00860149200216385,-0.00501124748586818,-0.00737401662639833,0.00304186149495358,0.00142180611466813,0.00252200054082898,0.00141356037940268,0.0138160514223019,-0.0123204507433605,-0.00329230122332967,0.00252200054082898,-0.00152822749729574,-0.0075159824072464,0.00896528026496303,0.0053462866319255,-0.00860149200216385,0.00141356037940268,-0.0075159824072464,-0.012017812713058
-0.275163321754494,0.0421720590512243,0.0270191071784982,0.0172096345386189,0.00896528026496303,-0.0339022179846333,0.0421720590512243,-0.0471932252184928,-0.00069804033166875,0.00164594643689372,0.0053462866319255,-0.000661170936855784,0.0270191071784982,-0.00069804033166875,-0.0168183196248273,0.000508826259510984,-0.00860149200216385,-7.7946100625691e-05,0.0172096345386189,0.00164594643689372,0.000508826259510984,-0.00453212232337287,0.00141356037940268,0.00547644243172605,0.00896528026496303,0.0053462866319255,-0.00860149200216385,0.00141356037940268,-0.0075159824072464,-0.012017812713058,-0.0339022179846333,-0.000661170936855784,-7.7946100625691e-05,0.00547644243172605,-0.012017812713058,-0.0835739268952624
