"V1","V2","V3","V4","V5","V6","V7","V8","V9","V10","V11","V12","V13","V14","V15","V16","V17","V18","V19","V20","V21","V22","V23","V24","V25","V26","V27","V28","V29","V30","V31","V32","V33","V34","V35","V36"
-1.39218238281051e-06,1.2682370135934e-07,-7.14276762765531e-08,1.12190444296274e-07,-8.48337622915471e-09,-3.21142469100865e-07,1.2682370135934e-07,-7.56706154959821e-09,2.62194716277213e-08,-1.39875853402353e-08,2.68326597391726e-08,4.4762916439547e-08,-7.14276762765531e-08,2.62194716277213e-08,-6.29367460967683e-09,-1.36922521504396e-08,2.15903540360421e-08,2.06968723036163e-08,1.12190444296274e-07,-1.39875853402353e-08,-1.36922521504396e-08,4.29762123148957e-09,5.95810089042028e-09,5.46533339375193e-08,-8.48337622915471e-09,2.68326597391726e-08,2.15903540360421e-08,5.95810089042028e-09,4.43111797803063e-08,4.04448982026756e-08,-3.21142469100865e-07,4.4762916439547e-08,2.06968723036163e-08,5.46533339375193e-08,4.04448982026756e-08,1.24839823226326e-07
1.2682370135934e-07,-7.56706154959821e-09,2.62194716277213e-08,-1.39875853402353e-08,2.68326597391726e-08,4.4762916439547e-08,-7.56706154959821e-09,-2.41580178581812e-07,5.59636977224488e-08,6.40110230317417e-08,4.12347223590229e-08,-6.88709636994359e-08,2.62194716277213e-08,5.59636977224488e-08,-1.91539908364521e-08,-2.47096644842258e-08,-3.11017034235078e-08,-1.66177098907681e-08,-1.39875853402353e-08,6.40110230317417e-08,-2.47096644842258e-08,-2.89787031003793e-08,-2.17283615503419e-08,2.43690833090232e-08,2.68326597391726e-08,4.12347223590229e-08,-3.11017034235078e-08,-2.17283615503419e-08,-3.17100358214807e-08,8.8917928879858e-09,4.4762916439547e-08,-6.88709636994359e-08,-1.66177098907681e-08,2.43690833090232e-08,8.8917928879858e-09,5.41408173975518e-09
-7.14276762765531e-08,2.62194716277213e-08,-6.29367460967683e-09,-1.36922521504396e-08,2.15903540360421e-08,2.06968723036163e-08,2.62194716277213e-08,5.59636977224488e-08,-1.91539908364521e-08,-2.47096644842258e-08,-3.11017034235078e-08,-1.66177098907681e-08,-6.29367460967683e-09,-1.91539908364521e-08,5.53562158642612e-08,-1.29094961124445e-09,-1.61869572564095e-08,-1.51831680690777e-07,-1.36922521504396e-08,-2.47096644842258e-08,-1.29094961124445e-09,2.17638003422235e-08,6.83472429162744e-09,-1.00628249325191e-08,2.15903540360421e-08,-3.11017034235078e-08,-1.61869572564095e-08,6.83472429162744e-09,-2.18807226055346e-08,-3.84006802658338e-08,2.06968723036163e-08,-1.66177098907681e-08,-1.51831680690777e-07,-1.00628249325191e-08,-3.84006802658338e-08,1.54991231307464e-07
1.12190444296274e-07,-1.39875853402353e-08,-1.36922521504396e-08,4.29762123148957e-09,5.95810089042028e-09,5.46533339375193e-08,-1.39875853402353e-08,6.40110230317417e-08,-2.47096644842258e-08,-2.89787031003793e-08,-2.17283615503419e-08,2.43690833090232e-08,-1.36922521504396e-08,-2.47096644842258e-08,-1.29094961124445e-09,2.17638003422235e-08,6.83472429162744e-09,-1.00628249325191e-08,4.29762123148957e-09,-2.89787031003793e-08,2.17638003422235e-08,1.88457039616551e-08,4.32365617605101e-09,-4.78833934278112e-08,5.95810089042028e-09,-2.17283615503419e-08,6.83472429162744e-09,4.32365617605101e-09,-5.87521889490455e-09,-3.71196605818033e-08,5.46533339375193e-08,2.43690833090232e-08,-1.00628249325191e-08,-4.78833934278112e-08,-3.71196605818033e-08,-2.24141631944476e-08
-8.48337622915471e-09,2.68326597391726e-08,2.15903540360421e-08,5.95810089042028e-09,4.43111797803063e-08,4.04448982026756e-08,2.68326597391726e-08,4.12347223590229e-08,-3.11017034235078e-08,-2.17283615503419e-08,-3.17100358214807e-08,8.8917928879858e-09,2.15903540360421e-08,-3.11017034235078e-08,-1.61869572564095e-08,6.83472429162744e-09,-2.18807226055346e-08,-3.84006802658338e-08,5.95810089042028e-09,-2.17283615503419e-08,6.83472429162744e-09,4.32365617605101e-09,-5.87521889490455e-09,-3.71196605818033e-08,4.43111797803063e-08,-3.17100358214807e-08,-2.18807226055346e-08,-5.87521889490455e-09,-4.06177362740311e-08,-6.26701927967601e-08,4.04448982026756e-08,8.8917928879858e-09,-3.84006802658338e-08,-3.71196605818033e-08,-6.26701927967601e-08,-7.52053354953753e-08
-3.21142469100865e-07,4.4762916439547e-08,2.06968723036163e-08,5.46533339375193e-08,4.04448982026756e-08,1.24839823226326e-07,4.4762916439547e-08,-6.88709636994359e-08,-1.66177098907681e-08,2.43690833090232e-08,8.8917928879858e-09,5.41408173975518e-09,2.06968723036163e-08,-1.66177098907681e-08,-1.51831680690777e-07,-1.00628249325191e-08,-3.84006802658338e-08,1.54991231307464e-07,5.46533339375193e-08,2.43690833090232e-08,-1.00628249325191e-08,-4.78833934278112e-08,-3.71196605818033e-08,-2.24141631944476e-08,4.04448982026756e-08,8.8917928879858e-09,-3.84006802658338e-08,-3.71196605818033e-08,-6.26701927967601e-08,-7.52053354953753e-08,1.24839823226326e-07,5.41408173975518e-09,1.54991231307464e-07,-2.24141631944476e-08,-7.52053354953753e-08,-6.3749020466447e-07
