"V1","V2","V3","V4","V5","V6","V7","V8","V9","V10","V11","V12","V13","V14","V15","V16","V17","V18","V19","V20","V21","V22","V23","V24","V25","V26","V27","V28","V29","V30","V31","V32","V33","V34","V35","V36"
-1.02493776118244e-06,2.06749370074271e-07,7.46827643520101e-08,4.1089253124683e-08,-1.90073151929655e-08,-3.23208288564542e-07,2.06749370074271e-07,-5.81876149335018e-08,2.87448469501678e-09,-1.47410437171308e-08,1.21896013732579e-08,5.11518580524353e-08,7.46827643520101e-08,2.87448469501678e-09,6.11032334034897e-09,-1.15398705791875e-08,1.30069374888995e-08,2.96343657837576e-08,4.1089253124683e-08,-1.47410437171308e-08,-1.15398705791875e-08,5.72840977243024e-09,-5.18296667273807e-09,1.85924987041623e-08,-1.90073151929655e-08,1.21896013732579e-08,1.30069374888995e-08,-5.18296667273807e-09,1.42327044143291e-08,7.96702017165347e-09,-3.23208288564542e-07,5.11518580524353e-08,2.96343657837576e-08,1.85924987041623e-08,7.96702017165347e-09,-4.07535724213027e-08
2.06749370074271e-07,-5.81876149335018e-08,2.87448469501678e-09,-1.47410437171308e-08,1.21896013732579e-08,5.11518580524353e-08,-5.81876149335018e-08,-2.58574697947827e-07,4.64621356390677e-08,5.94062379555409e-08,4.07340720117042e-08,-4.54244287021765e-08,2.87448469501678e-09,4.64621356390677e-08,-1.7582630862506e-08,-6.9981932733056e-09,-1.36871166353494e-08,-1.2591719926939e-09,-1.47410437171308e-08,5.94062379555409e-08,-6.9981932733056e-09,-1.37317980792207e-08,-7.81879806780902e-09,2.216841034331e-09,1.21896013732579e-08,4.07340720117042e-08,-1.36871166353494e-08,-7.81879806780902e-09,-1.19345301017359e-08,4.20049830689748e-09,5.11518580524353e-08,-4.54244287021765e-08,-1.2591719926939e-09,2.216841034331e-09,4.20049830689748e-09,2.82214511869979e-09
7.46827643520101e-08,2.87448469501678e-09,6.11032334034897e-09,-1.15398705791875e-08,1.30069374888995e-08,2.96343657837576e-08,2.87448469501678e-09,4.64621356390677e-08,-1.7582630862506e-08,-6.9981932733056e-09,-1.36871166353494e-08,-1.2591719926939e-09,6.11032334034897e-09,-1.7582630862506e-08,3.72232767343738e-09,3.41803432540215e-09,-2.96029625458273e-09,-1.7618439575024e-08,-1.15398705791875e-08,-6.9981932733056e-09,3.41803432540215e-09,1.6952233443076e-09,3.05424010163812e-09,6.70869575096069e-10,1.30069374888995e-08,-1.36871166353494e-08,-2.96029625458273e-09,3.05424010163812e-09,-4.27001495944417e-09,-8.88858407106548e-09,2.96343657837576e-08,-1.2591719926939e-09,-1.7618439575024e-08,6.70869575096069e-10,-8.88858407106548e-09,-6.9389189971242e-10
4.1089253124683e-08,-1.47410437171308e-08,-1.15398705791875e-08,5.72840977243024e-09,-5.18296667273807e-09,1.85924987041623e-08,-1.47410437171308e-08,5.94062379555409e-08,-6.9981932733056e-09,-1.37317980792207e-08,-7.81879806780902e-09,2.216841034331e-09,-1.15398705791875e-08,-6.9981932733056e-09,3.41803432540215e-09,1.6952233443076e-09,3.05424010163812e-09,6.70869575096069e-10,5.72840977243024e-09,-1.37317980792207e-08,1.6952233443076e-09,3.77095536934998e-09,1.48734362659618e-09,-4.70053886678052e-09,-5.18296667273807e-09,-7.81879806780902e-09,3.05424010163812e-09,1.48734362659618e-09,2.39561326967381e-09,1.59003955229586e-09,1.85924987041623e-08,2.216841034331e-09,6.70869575096069e-10,-4.70053886678052e-09,1.59003955229586e-09,5.20880135884196e-09
-1.90073151929655e-08,1.21896013732579e-08,1.30069374888995e-08,-5.18296667273807e-09,1.42327044143291e-08,7.96702017165347e-09,1.21896013732579e-08,4.07340720117042e-08,-1.36871166353494e-08,-7.81879806780902e-09,-1.19345301017359e-08,4.20049830689748e-09,1.30069374888995e-08,-1.36871166353494e-08,-2.96029625458273e-09,3.05424010163812e-09,-4.27001495944417e-09,-8.88858407106548e-09,-5.18296667273807e-09,-7.81879806780902e-09,3.05424010163812e-09,1.48734362659618e-09,2.39561326967381e-09,1.59003955229586e-09,1.42327044143291e-08,-1.19345301017359e-08,-4.27001495944417e-09,2.39561326967381e-09,-2.83615453854081e-09,-7.41787714163527e-09,7.96702017165347e-09,4.20049830689748e-09,-8.88858407106548e-09,1.59003955229586e-09,-7.41787714163527e-09,-1.35000562144147e-08
-3.23208288564542e-07,5.11518580524353e-08,2.96343657837576e-08,1.85924987041623e-08,7.96702017165347e-09,-4.07535724213027e-08,5.11518580524353e-08,-4.54244287021765e-08,-1.2591719926939e-09,2.216841034331e-09,4.20049830689748e-09,2.82214511869979e-09,2.96343657837576e-08,-1.2591719926939e-09,-1.7618439575024e-08,6.70869575096069e-10,-8.88858407106548e-09,-6.9389189971242e-10,1.85924987041623e-08,2.216841034331e-09,6.70869575096069e-10,-4.70053886678052e-09,1.59003955229586e-09,5.20880135884196e-09,7.96702017165347e-09,4.20049830689748e-09,-8.88858407106548e-09,1.59003955229586e-09,-7.41787714163527e-09,-1.35000562144147e-08,-4.07535724213027e-08,2.82214511869979e-09,-6.9389189971242e-10,5.20880135884196e-09,-1.35000562144147e-08,-8.78428862016508e-08
