"V1","V2","V3","V4","V5","V6","V7","V8","V9","V10","V11","V12","V13","V14","V15","V16","V17","V18","V19","V20","V21","V22","V23","V24","V25","V26","V27","V28","V29","V30","V31","V32","V33","V34","V35","V36"
-0.739741232941602,0.158035407588299,0.056459780533686,0.0355663113292375,-0.0205335454497966,-0.27512636260393,0.158035407588299,-0.0567279764973086,0.00380531818843248,-0.0148477879916557,0.0129155480462763,0.0416170038684632,0.056459780533686,0.00380531818843248,0.00801447410745225,-0.0109739751674617,0.0135287049476138,0.0273602717064176,0.0355663113292375,-0.0148477879916557,-0.0109739751674617,0.00630751781009905,-0.00506564332191457,0.0171018550614332,-0.0205335454497966,0.0129155480462763,0.0135287049476138,-0.00506564332191457,0.013863321158782,0.00938809245135682,-0.27512636260393,0.0416170038684632,0.0273602717064176,0.0171018550614332,0.00938809245135682,-0.0334394953640566
0.158035407588299,-0.0567279764973086,0.00380531818843248,-0.0148477879916557,0.0129155480462763,0.0416170038684632,-0.0567279764973086,-0.216885204617322,0.0424286767056298,0.0544558721461414,0.0370277553114273,-0.0470679331194728,0.00380531818843248,0.0424286767056298,-0.0167894728555673,-0.00653286876898718,-0.0136217223134783,-0.00101512187814423,-0.0148477879916557,0.0544558721461414,-0.00653286876898718,-0.0133372991653542,-0.00744705356957342,0.00182208996874204,0.0129155480462763,0.0370277553114273,-0.0136217223134783,-0.00744705356957342,-0.0122058176969408,0.00526946862434834,0.0416170038684632,-0.0470679331194728,-0.00101512187814423,0.00182208996874204,0.00526946862434834,-0.000493857583411037
0.056459780533686,0.00380531818843248,0.00801447410745225,-0.0109739751674617,0.0135287049476138,0.0273602717064176,0.00380531818843248,0.0424286767056298,-0.0167894728555673,-0.00653286876898718,-0.0136217223134783,-0.00101512187814423,0.00801447410745225,-0.0167894728555673,0.00486527378190361,0.00303689947937217,-0.00223953522190209,-0.0167470301661063,-0.0109739751674617,-0.00653286876898718,0.00303689947937217,0.0014894646426616,0.00305056671748235,0.000453346531507678,0.0135287049476138,-0.0136217223134783,-0.00223953522190209,0.00305056671748235,-0.00334319489599914,-0.00851975259883761,0.0273602717064176,-0.00101512187814423,-0.0167470301661063,0.000453346531507678,-0.00851975259883761,-0.000196435072357305
0.0355663113292375,-0.0148477879916557,-0.0109739751674617,0.00630751781009905,-0.00506564332191457,0.0171018550614332,-0.0148477879916557,0.0544558721461414,-0.00653286876898718,-0.0133372991653542,-0.00744705356957342,0.00182208996874204,-0.0109739751674617,-0.00653286876898718,0.00303689947937217,0.0014894646426616,0.00305056671748235,0.000453346531507678,0.00630751781009905,-0.0133372991653542,0.0014894646426616,0.00407177543428385,0.0014040433057062,-0.00447202253448327,-0.00506564332191457,-0.00744705356957342,0.00305056671748235,0.0014040433057062,0.00255974599189937,0.00140098787344293,0.0171018550614332,0.00182208996874204,0.000453346531507678,-0.00447202253448327,0.00140098787344293,0.0055461269829888
-0.0205335454497966,0.0129155480462763,0.0135287049476138,-0.00506564332191457,0.013863321158782,0.00938809245135682,0.0129155480462763,0.0370277553114273,-0.0136217223134783,-0.00744705356957342,-0.0122058176969408,0.00526946862434834,0.0135287049476138,-0.0136217223134783,-0.00223953522190209,0.00305056671748235,-0.00334319489599914,-0.00851975259883761,-0.00506564332191457,-0.00744705356957342,0.00305056671748235,0.0014040433057062,0.00255974599189937,0.00140098787344293,0.013863321158782,-0.0122058176969408,-0.00334319489599914,0.00255974599189937,-0.00161298376009211,-0.00739738384430669,0.00938809245135682,0.00526946862434834,-0.00851975259883761,0.00140098787344293,-0.00739738384430669,-0.0118610976822965
-0.27512636260393,0.0416170038684632,0.0273602717064176,0.0171018550614332,0.00938809245135682,-0.0334394953640566,0.0416170038684632,-0.0470679331194728,-0.00101512187814423,0.00182208996874204,0.00526946862434834,-0.000493857583411037,0.0273602717064176,-0.00101512187814423,-0.0167470301661063,0.000453346531507678,-0.00851975259883761,-0.000196435072357305,0.0171018550614332,0.00182208996874204,0.000453346531507678,-0.00447202253448327,0.00140098787344293,0.0055461269829888,0.00938809245135682,0.00526946862434834,-0.00851975259883761,0.00140098787344293,-0.00739738384430669,-0.0118610976822965,-0.0334394953640566,-0.000493857583411037,-0.000196435072357305,0.0055461269829888,-0.0118610976822965,-0.0834668867345511
