"Mkt.RF","SMB","HML","RMW","CMA","MOM"
9.34223679610518e-05,-2.10482618884616e-05,-2.75961364211634e-05,-5.04732404290303e-06,-1.9605818932377e-05,2.89770435152045e-06
-2.10482618884616e-05,2.9546630736001e-05,2.4924661426409e-06,-6.33173951444291e-06,1.28084483402766e-06,2.19356263059162e-06
-2.75961364211634e-05,2.4924661426409e-06,2.27699476842335e-05,3.06348248536462e-06,1.37431957885083e-05,-1.47961237900411e-06
-5.04732404290303e-06,-6.33173951444291e-06,3.06348248536462e-06,1.49758855542698e-05,3.84965890881407e-06,2.28905024184929e-07
-1.9605818932377e-05,1.28084483402766e-06,1.37431957885083e-05,3.84965890881407e-06,1.59100426876071e-05,1.91072941172002e-06
2.89770435152045e-06,2.19356263059162e-06,-1.47961237900411e-06,2.28905024184929e-07,1.91072941172002e-06,3.74938129380432e-05
