"V1","V2","V3","V4","V5","V6","V7","V8","V9","V10","V11","V12","V13","V14","V15","V16","V17","V18","V19","V20","V21","V22","V23","V24","V25","V26","V27","V28","V29","V30","V31","V32","V33","V34","V35","V36"
-0.88103896053794,0.063512525831694,-0.0647008019970805,0.091698592293398,-0.0220088571665738,-0.291869709990129,0.063512525831694,0.00516138409484723,0.0309280193160828,-0.0125072327412898,0.027946360160649,0.043045170056256,-0.0647008019970805,0.0309280193160828,0.00988059045817836,-0.0161567451480741,0.0179810719577101,0.00987971466608353,0.091698592293398,-0.0125072327412898,-0.0161567451480741,0.00439698464524202,0.00668687323052656,0.0518327427831838,-0.0220088571665738,0.027946360160649,0.0179810719577101,0.00668687323052656,0.0436047449397832,0.0379966502823924,-0.291869709990129,0.043045170056256,0.00987971466608353,0.0518327427831838,0.0379966502823924,0.121851320221655
0.063512525831694,0.00516138409484723,0.0309280193160828,-0.0125072327412898,0.027946360160649,0.043045170056256,0.00516138409484723,-0.197911665119478,0.0508376674395724,0.0577697566746905,0.0359778346503312,-0.0669950293172083,0.0309280193160828,0.0508376674395724,-0.017800695113914,-0.0242010239299853,-0.0304759065104307,-0.0167914045686022,-0.0125072327412898,0.0577697566746905,-0.0242010239299853,-0.0293890032839457,-0.0212136717967353,0.0224684899235581,0.027946360160649,0.0359778346503312,-0.0304759065104307,-0.0212136717967353,-0.0309881248255919,0.00880959539298137,0.043045170056256,-0.0669950293172083,-0.0167914045686022,0.0224684899235581,0.00880959539298137,0.00695126001884529
-0.0647008019970805,0.0309280193160828,0.00988059045817836,-0.0161567451480741,0.0179810719577101,0.00987971466608353,0.0309280193160828,0.0508376674395724,-0.017800695113914,-0.0242010239299853,-0.0304759065104307,-0.0167914045686022,0.00988059045817836,-0.017800695113914,0.0790840842020796,-0.00223590742351693,-0.011726783928946,-0.151322904559577,-0.0161567451480741,-0.0242010239299853,-0.00223590742351693,0.0247288518418995,0.0084603102185376,-0.0100408864850193,0.0179810719577101,-0.0304759065104307,-0.011726783928946,0.0084603102185376,-0.0172191723409734,-0.0343970196720595,0.00987971466608353,-0.0167914045686022,-0.151322904559577,-0.0100408864850193,-0.0343970196720595,0.139230121451764
0.091698592293398,-0.0125072327412898,-0.0161567451480741,0.00439698464524202,0.00668687323052656,0.0518327427831838,-0.0125072327412898,0.0577697566746905,-0.0242010239299853,-0.0293890032839457,-0.0212136717967353,0.0224684899235581,-0.0161567451480741,-0.0242010239299853,-0.00223590742351693,0.0247288518418995,0.0084603102185376,-0.0100408864850193,0.00439698464524202,-0.0293890032839457,0.0247288518418995,0.0241947667008851,0.00671268080736373,-0.0449055986134612,0.00668687323052656,-0.0212136717967353,0.0084603102185376,0.00671268080736373,-0.00377042412342061,-0.0349419467739202,0.0518327427831838,0.0224684899235581,-0.0100408864850193,-0.0449055986134612,-0.0349419467739202,-0.0133558060515595
-0.0220088571665738,0.027946360160649,0.0179810719577101,0.00668687323052656,0.0436047449397832,0.0379966502823924,0.027946360160649,0.0359778346503312,-0.0304759065104307,-0.0212136717967353,-0.0309881248255919,0.00880959539298137,0.0179810719577101,-0.0304759065104307,-0.011726783928946,0.0084603102185376,-0.0172191723409734,-0.0343970196720595,0.00668687323052656,-0.0212136717967353,0.0084603102185376,0.00671268080736373,-0.00377042412342061,-0.0349419467739202,0.0436047449397832,-0.0309881248255919,-0.0172191723409734,-0.00377042412342061,-0.0355623830972613,-0.0572302773494144,0.0379966502823924,0.00880959539298137,-0.0343970196720595,-0.0349419467739202,-0.0572302773494144,-0.0688794016644652
-0.291869709990129,0.043045170056256,0.00987971466608353,0.0518327427831838,0.0379966502823924,0.121851320221655,0.043045170056256,-0.0669950293172083,-0.0167914045686022,0.0224684899235581,0.00880959539298137,0.00695126001884529,0.00987971466608353,-0.0167914045686022,-0.151322904559577,-0.0100408864850193,-0.0343970196720595,0.139230121451764,0.0518327427831838,0.0224684899235581,-0.0100408864850193,-0.0449055986134612,-0.0349419467739202,-0.0133558060515595,0.0379966502823924,0.00880959539298137,-0.0343970196720595,-0.0349419467739202,-0.0572302773494144,-0.0688794016644652,0.121851320221655,0.00695126001884529,0.139230121451764,-0.0133558060515595,-0.0688794016644652,-0.545435197284247
