"Mkt.RF","SMB","HML","RMW","CMA","MOM"
9.77647389339031e-05,-2.17837675213398e-05,-2.73673843732444e-05,-6.9755462851492e-06,-1.8741364401024e-05,1.15414970103015e-06
-2.17837675213398e-05,3.01835145924219e-05,2.57745980241779e-06,-6.51285501618897e-06,1.36715695329119e-06,2.805739991963e-06
-2.73673843732444e-05,2.57745980241779e-06,2.2775805217934e-05,3.27182877118801e-06,1.36019364772923e-05,-1.36118236608161e-06
-6.9755462851492e-06,-6.51285501618897e-06,3.27182877118801e-06,1.63716979262194e-05,3.34214997640503e-06,1.47903898732595e-06
-1.8741364401024e-05,1.36715695329119e-06,1.36019364772923e-05,3.34214997640503e-06,1.61280276636566e-05,1.3928618419075e-06
1.15414970103015e-06,2.805739991963e-06,-1.36118236608161e-06,1.47903898732595e-06,1.3928618419075e-06,3.94034758464509e-05
