"Mkt.RF","SMB","HML","RMW","CMA","MOM"
7.00041195574837e-05,-1.36202810740901e-05,-1.75115894321622e-05,3.45052925511132e-06,-1.09646082175233e-05,4.10980120882801e-06
-1.36202810740901e-05,2.19532992404013e-05,1.61516808420101e-06,-3.53779279082037e-06,-1.27047177992058e-07,1.98704727051656e-07
-1.75115894321622e-05,1.61516808420101e-06,1.47169656733402e-05,-3.60837403666389e-06,8.17724886718332e-06,-1.27288677060443e-06
3.45052925511132e-06,-3.53779279082037e-06,-3.60837403666389e-06,5.84335034901746e-06,-2.55842881314438e-06,6.59185006859574e-07
-1.09646082175233e-05,-1.27047177992058e-07,8.17724886718332e-06,-2.55842881314438e-06,9.40211096291387e-06,-8.43494389797087e-08
4.10980120882801e-06,1.98704727051656e-07,-1.27288677060443e-06,6.59185006859574e-07,-8.43494389797087e-08,2.18057507411273e-05
