"Mkt.RF","SMB","HML","RMW","CMA","Mom"
0.954616268639394,-0.214058792463802,-0.268624255957477,-0.0735940572414107,-0.185266028417031,0.0191845577690967
-0.214058792463802,0.298873980147068,0.0249731284459503,-0.0659867226081913,0.0144159508566979,0.0315519035389607
-0.268624255957477,0.0249731284459503,0.225657413567089,0.0338947276653205,0.135200780097432,-0.0137632357284362
-0.0735940572414107,-0.0659867226081913,0.0338947276653205,0.165219217769833,0.0324925574280686,0.0120965098687845
-0.185266028417031,0.0144159508566979,0.135200780097432,0.0324925574280686,0.161341835553245,0.0155840681930554
0.0191845577690967,0.0315519035389607,-0.0137632357284362,0.0120965098687845,0.0155840681930554,0.389816609423162
