"V1","V2","V3","V4","V5","V6","V7","V8","V9","V10","V11","V12","V13","V14","V15","V16","V17","V18","V19","V20","V21","V22","V23","V24","V25","V26","V27","V28","V29","V30","V31","V32","V33","V34","V35","V36"
-1.12956063478171e-06,1.7415246687683e-07,7.46201001216099e-08,5.89721148406482e-08,-2.78131740644254e-08,-3.62723804011347e-07,1.7415246687683e-07,-4.31607626478637e-08,1.77827318534267e-08,-1.11820382909013e-09,3.1685202894167e-08,5.1869377475042e-08,7.46201001216099e-08,1.77827318534267e-08,-1.83732127832501e-09,-1.15168351332185e-08,2.49201076864977e-08,6.47534256028462e-08,5.89721148406482e-08,-1.11820382909013e-09,-1.15168351332185e-08,-1.01320167842907e-09,3.68415133983705e-09,4.91237252817565e-08,-2.78131740644254e-08,3.1685202894167e-08,2.49201076864977e-08,3.68415133983705e-09,4.46141637227716e-08,4.12359340159292e-08,-3.62723804011347e-07,5.1869377475042e-08,6.47534256028462e-08,4.91237252817565e-08,4.12359340159292e-08,-1.63199478338186e-08
1.7415246687683e-07,-4.31607626478637e-08,1.77827318534267e-08,-1.11820382909013e-09,3.1685202894167e-08,5.1869377475042e-08,-4.31607626478637e-08,-2.90271899478547e-07,4.62789768997366e-08,7.39605692705471e-08,4.60035319007942e-08,-6.61641129317153e-08,1.77827318534267e-08,4.62789768997366e-08,-3.75687764996549e-08,-1.94396770371338e-08,-3.32208434405525e-08,1.12628292418088e-08,-1.11820382909013e-09,7.39605692705471e-08,-1.94396770371338e-08,-3.43304461608922e-08,-2.1642706211255e-08,2.05036749737548e-08,3.1685202894167e-08,4.60035319007942e-08,-3.32208434405525e-08,-2.1642706211255e-08,-3.46111646608822e-08,1.16513235391426e-08,5.1869377475042e-08,-6.61641129317153e-08,1.12628292418088e-08,2.05036749737548e-08,1.16513235391426e-08,-6.56864243404945e-08
7.46201001216099e-08,1.77827318534267e-08,-1.83732127832501e-09,-1.15168351332185e-08,2.49201076864977e-08,6.47534256028462e-08,1.77827318534267e-08,4.62789768997366e-08,-3.75687764996549e-08,-1.94396770371338e-08,-3.32208434405525e-08,1.12628292418088e-08,-1.83732127832501e-09,-3.75687764996549e-08,6.43539832799303e-09,1.70792364151805e-08,-1.09339131714959e-08,-4.37627850998439e-08,-1.15168351332185e-08,-1.94396770371338e-08,1.70792364151805e-08,9.90947417743248e-09,4.96143917501677e-09,-3.91634166640718e-08,2.49201076864977e-08,-3.32208434405525e-08,-1.09339131714959e-08,4.96143917501677e-09,-2.57938267578332e-08,-4.51997056152811e-08,6.47534256028462e-08,1.12628292418088e-08,-4.37627850998439e-08,-3.91634166640718e-08,-4.51997056152811e-08,-2.90387323415134e-08
5.89721148406482e-08,-1.11820382909013e-09,-1.15168351332185e-08,-1.01320167842907e-09,3.68415133983705e-09,4.91237252817565e-08,-1.11820382909013e-09,7.39605692705471e-08,-1.94396770371338e-08,-3.43304461608922e-08,-2.1642706211255e-08,2.05036749737548e-08,-1.15168351332185e-08,-1.94396770371338e-08,1.70792364151805e-08,9.90947417743248e-09,4.96143917501677e-09,-3.91634166640718e-08,-1.01320167842907e-09,-3.43304461608922e-08,9.90947417743248e-09,2.6753704165833e-08,4.61730968184971e-09,-3.47294180858148e-08,3.68415133983705e-09,-2.1642706211255e-08,4.96143917501677e-09,4.61730968184971e-09,-5.5884197272419e-09,-3.56507633379763e-08,4.91237252817565e-08,2.05036749737548e-08,-3.91634166640718e-08,-3.47294180858148e-08,-3.56507633379763e-08,2.23248480527078e-08
-2.78131740644254e-08,3.1685202894167e-08,2.49201076864977e-08,3.68415133983705e-09,4.46141637227716e-08,4.12359340159292e-08,3.1685202894167e-08,4.60035319007942e-08,-3.32208434405525e-08,-2.1642706211255e-08,-3.46111646608822e-08,1.16513235391426e-08,2.49201076864977e-08,-3.32208434405525e-08,-1.09339131714959e-08,4.96143917501677e-09,-2.57938267578332e-08,-4.51997056152811e-08,3.68415133983705e-09,-2.1642706211255e-08,4.96143917501677e-09,4.61730968184971e-09,-5.5884197272419e-09,-3.56507633379763e-08,4.46141637227716e-08,-3.46111646608822e-08,-2.57938267578332e-08,-5.5884197272419e-09,-4.21258451504584e-08,-5.72861634989466e-08,4.12359340159292e-08,1.16513235391426e-08,-4.51997056152811e-08,-3.56507633379763e-08,-5.72861634989466e-08,-6.12712469121797e-08
-3.62723804011347e-07,5.1869377475042e-08,6.47534256028462e-08,4.91237252817565e-08,4.12359340159292e-08,-1.63199478338186e-08,5.1869377475042e-08,-6.61641129317153e-08,1.12628292418088e-08,2.05036749737548e-08,1.16513235391426e-08,-6.56864243404945e-08,6.47534256028462e-08,1.12628292418088e-08,-4.37627850998439e-08,-3.91634166640718e-08,-4.51997056152811e-08,-2.90387323415134e-08,4.91237252817565e-08,2.05036749737548e-08,-3.91634166640718e-08,-3.47294180858148e-08,-3.56507633379763e-08,2.23248480527078e-08,4.12359340159292e-08,1.16513235391426e-08,-4.51997056152811e-08,-3.56507633379763e-08,-5.72861634989466e-08,-6.12712469121797e-08,-1.63199478338186e-08,-6.56864243404945e-08,-2.90387323415134e-08,2.23248480527078e-08,-6.12712469121797e-08,-2.81834180095247e-07
