"Mkt.RF","SMB","HML","RMW","CMA","Mom"
0.984688262220945,-0.163494420647524,-0.230558689670182,-0.0956200516463856,-0.178297248517514,0.00189624378657784
-0.163494420647524,0.310678410992275,0.0122120609197671,-0.0649312429828755,0.0111045844282796,0.0294324837387711
-0.230558689670182,0.0122120609197671,0.253049340346226,0.0327043656432158,0.129443006473426,-0.0570487992983268
-0.0956200516463856,-0.0649312429828755,0.0327043656432158,0.176938840760992,0.0328343149968768,0.0297450126995446
-0.178297248517514,0.0111045844282796,0.129443006473426,0.0328343149968768,0.163526183717461,0.0066288754903588
0.00189624378657784,0.0294324837387711,-0.0570487992983268,0.0297450126995446,0.0066288754903588,0.475546636195788
