"V1","V2","V3","V4","V5","V6","V7","V8","V9","V10","V11","V12","V13","V14","V15","V16","V17","V18","V19","V20","V21","V22","V23","V24","V25","V26","V27","V28","V29","V30","V31","V32","V33","V34","V35","V36"
-1.02679618022731e-06,2.10164314545548e-07,7.31924251959468e-08,4.19486388333863e-08,-1.94474699465812e-08,-3.24009155076787e-07,2.10164314545548e-07,-5.97875067975974e-08,2.01561347046031e-09,-1.46755525234305e-08,1.13401249136409e-08,5.30113016804063e-08,7.31924251959468e-08,2.01561347046031e-09,6.44370857357366e-09,-1.16205737762025e-08,1.32626459426252e-08,2.99349431217307e-08,4.19486388333863e-08,-1.46755525234305e-08,-1.16205737762025e-08,5.6488026869616e-09,-5.26983536786216e-09,1.91694088145278e-08,-1.94474699465812e-08,1.13401249136409e-08,1.32626459426252e-08,-5.26983536786216e-09,1.43121538146388e-08,8.06847615764621e-09,-3.24009155076787e-07,5.30113016804063e-08,2.99349431217307e-08,1.91694088145278e-08,8.06847615764621e-09,-4.16069930244152e-08
2.10164314545548e-07,-5.97875067975974e-08,2.01561347046031e-09,-1.46755525234305e-08,1.13401249136409e-08,5.30113016804063e-08,-5.97875067975974e-08,-2.56222382612668e-07,4.64223947517123e-08,5.911132878203e-08,4.05292469647644e-08,-4.49379641151586e-08,2.01561347046031e-09,4.64223947517123e-08,-1.73773679238113e-08,-7.28627652935579e-09,-1.334082971543e-08,-1.68983006386456e-09,-1.46755525234305e-08,5.911132878203e-08,-7.28627652935579e-09,-1.34955420511628e-08,-8.07520370183276e-09,2.61570341302141e-09,1.13401249136409e-08,4.05292469647644e-08,-1.334082971543e-08,-8.07520370183276e-09,-1.14760203763204e-08,3.32369652495149e-09,5.30113016804063e-08,-4.49379641151586e-08,-1.68983006386456e-09,2.61570341302141e-09,3.32369652495149e-09,3.27673309375721e-09
7.31924251959468e-08,2.01561347046031e-09,6.44370857357366e-09,-1.16205737762025e-08,1.32626459426252e-08,2.99349431217307e-08,2.01561347046031e-09,4.64223947517123e-08,-1.73773679238113e-08,-7.28627652935579e-09,-1.334082971543e-08,-1.68983006386456e-09,6.44370857357366e-09,-1.73773679238113e-08,3.52654856969588e-09,3.42994670982111e-09,-2.93548176633243e-09,-1.76719463497876e-08,-1.16205737762025e-08,-7.28627652935579e-09,3.42994670982111e-09,1.96755261273141e-09,3.09584158413674e-09,7.50577297745728e-10,1.32626459426252e-08,-1.334082971543e-08,-2.93548176633243e-09,3.09584158413674e-09,-4.17512640749139e-09,-9.00650236315082e-09,2.99349431217307e-08,-1.68983006386456e-09,-1.76719463497876e-08,7.50577297745728e-10,-9.00650236315082e-09,-1.373730934748e-09
4.19486388333863e-08,-1.46755525234305e-08,-1.16205737762025e-08,5.6488026869616e-09,-5.26983536786216e-09,1.91694088145278e-08,-1.46755525234305e-08,5.911132878203e-08,-7.28627652935579e-09,-1.34955420511628e-08,-8.07520370183276e-09,2.61570341302141e-09,-1.16205737762025e-08,-7.28627652935579e-09,3.42994670982111e-09,1.96755261273141e-09,3.09584158413674e-09,7.50577297745728e-10,5.6488026869616e-09,-1.34955420511628e-08,1.96755261273141e-09,3.44465323311186e-09,1.72494856768841e-09,-4.77475305260269e-09,-5.26983536786216e-09,-8.07520370183276e-09,3.09584158413674e-09,1.72494856768841e-09,2.40963358857602e-09,1.43803501625683e-09,1.91694088145278e-08,2.61570341302141e-09,7.50577297745728e-10,-4.77475305260269e-09,1.43803501625683e-09,5.15126108556622e-09
-1.94474699465812e-08,1.13401249136409e-08,1.32626459426252e-08,-5.26983536786216e-09,1.43121538146388e-08,8.06847615764621e-09,1.13401249136409e-08,4.05292469647644e-08,-1.334082971543e-08,-8.07520370183276e-09,-1.14760203763204e-08,3.32369652495149e-09,1.32626459426252e-08,-1.334082971543e-08,-2.93548176633243e-09,3.09584158413674e-09,-4.17512640749139e-09,-9.00650236315082e-09,-5.26983536786216e-09,-8.07520370183276e-09,3.09584158413674e-09,1.72494856768841e-09,2.40963358857602e-09,1.43803501625683e-09,1.43121538146388e-08,-1.14760203763204e-08,-4.17512640749139e-09,2.40963358857602e-09,-2.78861050706609e-09,-7.38464415013713e-09,8.06847615764621e-09,3.32369652495149e-09,-9.00650236315082e-09,1.43803501625683e-09,-7.38464415013713e-09,-1.36648256531382e-08
-3.24009155076787e-07,5.30113016804063e-08,2.99349431217307e-08,1.91694088145278e-08,8.06847615764621e-09,-4.16069930244152e-08,5.30113016804063e-08,-4.49379641151586e-08,-1.68983006386456e-09,2.61570341302141e-09,3.32369652495149e-09,3.27673309375721e-09,2.99349431217307e-08,-1.68983006386456e-09,-1.76719463497876e-08,7.50577297745728e-10,-9.00650236315082e-09,-1.373730934748e-09,1.91694088145278e-08,2.61570341302141e-09,7.50577297745728e-10,-4.77475305260269e-09,1.43803501625683e-09,5.15126108556622e-09,8.06847615764621e-09,3.32369652495149e-09,-9.00650236315082e-09,1.43803501625683e-09,-7.38464415013713e-09,-1.36648256531382e-08,-4.16069930244152e-08,3.27673309375721e-09,-1.373730934748e-09,5.15126108556622e-09,-1.36648256531382e-08,-8.66538439134794e-08
