"Mkt.RF","SMB","HML","RMW","CMA","Mom"
0.904487389894084,-0.18152162081549,-0.258832045385012,-0.0850897183970003,-0.169691710301335,0.0415497181072835
-0.18152162081549,0.294291663965843,0.0161522278699548,-0.0657918585560619,0.0113710093646597,0.0331248052047102
-0.258832045385012,0.0161522278699548,0.220918854098437,0.0396364022197893,0.130056774844482,-0.0137322689905446
-0.0850897183970003,-0.0657918585560619,0.0396364022197893,0.168911411048298,0.0318949486546755,0.0139495479143618
-0.169691710301335,0.0113710093646597,0.130056774844482,0.0318949486546755,0.158571808452506,0.0115339607761828
0.0415497181072835,0.0331248052047102,-0.0137322689905446,0.0139495479143618,0.0115339607761828,0.390244414642009
