"Mkt.RF","SMB","HML","RMW","CMA","MOM"
0.000126460286655207,-7.86217548695992e-06,-7.36420203591035e-06,-1.6241011868688e-05,-1.62325048536883e-05,-1.5509322004796e-05
-7.86217548695992e-06,3.43459934503722e-05,2.19775770625878e-06,-7.32607170408553e-06,8.15033051031138e-07,1.26558554823561e-06
-7.36420203591035e-06,2.19775770625878e-06,3.29698491170103e-05,1.2132501539401e-06,1.15862586860437e-05,-1.46133024462281e-05
-1.6241011868688e-05,-7.32607170408553e-06,1.2132501539401e-06,1.93394798577352e-05,3.97703373603909e-06,5.18961760018863e-06
-1.62325048536883e-05,8.15033051031138e-07,1.15862586860437e-05,3.97703373603909e-06,1.63601834302917e-05,2.37178285532216e-06
-1.5509322004796e-05,1.26558554823561e-06,-1.46133024462281e-05,5.18961760018863e-06,2.37178285532216e-06,6.52628040992173e-05
