"Mkt.RF","SMB","HML","RMW","CMA","Mom"
1.32705684723704,0.0170961712334589,-0.00280408337177317,-0.168898483688507,-0.160924881901129,-0.217614993553801
0.0170961712334589,0.338528895585536,0.0385368361440228,-0.0706238725853369,0.00753440169899714,-0.0207615675215582
-0.00280408337177317,0.0385368361440228,0.408976114979529,0.0213448160114965,0.12583174044061,-0.221189523155791
-0.168898483688507,-0.0706238725853369,0.0213448160114965,0.211737589315244,0.0441619927141457,0.0408703012618564
-0.160924881901129,0.00753440169899714,0.12583174044061,0.0441619927141457,0.171387696852541,0.00915491779459881
-0.217614993553801,-0.0207615675215582,-0.221189523155791,0.0408703012618564,0.00915491779459881,0.789046113045756
