"Mkt.RF","SMB","HML","RMW","CMA","Mom"
0.696402254422676,-0.131457400985351,-0.175741732342502,0.0364822127243975,-0.11269566753285,0.0431248582438309
-0.131457400985351,0.215897112135941,0.0163168023082402,-0.0341678105297402,-0.00149323445612562,0.00320983610405581
-0.175741732342502,0.0163168023082402,0.14749521441226,-0.037663584118143,0.0824514846398602,-0.0155594195226898
0.0364822127243975,-0.0341678105297402,-0.037663584118143,0.0597494864926516,-0.027585317340267,0.00825974802839853
-0.11269566753285,-0.00149323445612562,0.0824514846398602,-0.027585317340267,0.0955548384470969,-0.00457439142452188
0.0431248582438309,0.00320983610405581,-0.0155594195226898,0.00825974802839853,-0.00457439142452188,0.224525434544681
