"Mkt.RF","SMB","HML","RMW","CMA","MOM"
0.000129357824739247,-6.40184737402239e-06,-6.27610976156591e-06,-1.67587260271247e-05,-1.62161440476009e-05,-1.64763919936412e-05
-6.40184737402239e-06,3.50719471896447e-05,1.74972729016546e-06,-7.68394437979843e-06,6.00334567743717e-07,2.67833060965472e-07
-6.27610976156591e-06,1.74972729016546e-06,3.38159660456767e-05,1.29487172919844e-06,1.17142110924532e-05,-1.63559773366834e-05
-1.67587260271247e-05,-7.68394437979843e-06,1.29487172919844e-06,1.97972474776379e-05,4.21675332126743e-06,5.36076994103061e-06
-1.62161440476009e-05,6.00334567743717e-07,1.17142110924532e-05,4.21675332126743e-06,1.64547664388044e-05,1.83099810455837e-06
-1.64763919936412e-05,2.67833060965472e-07,-1.63559773366834e-05,5.36076994103061e-06,1.83099810455837e-06,6.98821121281057e-05
