"V1","V2","V3","V4","V5","V6","V7","V8","V9","V10","V11","V12","V13","V14","V15","V16","V17","V18","V19","V20","V21","V22","V23","V24","V25","V26","V27","V28","V29","V30","V31","V32","V33","V34","V35","V36"
-7.33334816690574e-07,-2.67907144234922e-07,-2.07143949347987e-07,1.13535263015818e-07,4.18349703879914e-08,-6.20947998898422e-08,-2.67907144234922e-07,5.49753393297131e-08,2.18856301086284e-08,1.21302601603751e-09,2.77982622215552e-08,-4.54898702322489e-08,-2.07143949347987e-07,2.18856301086284e-08,-2.30333754425329e-08,-4.23327090985262e-09,2.09170633761534e-08,-1.74187559515694e-08,1.13535263015818e-07,1.21302601603751e-09,-4.23327090985262e-09,4.63724435618113e-09,1.17091114781509e-09,3.41966324232721e-08,4.18349703879914e-08,2.77982622215552e-08,2.09170633761534e-08,1.17091114781509e-09,3.47740812813174e-08,4.06013560831434e-08,-6.20947998898422e-08,-4.54898702322489e-08,-1.74187559515694e-08,3.41966324232721e-08,4.06013560831434e-08,1.99246070145348e-07
-2.67907144234922e-07,5.49753393297131e-08,2.18856301086284e-08,1.21302601603751e-09,2.77982622215552e-08,-4.54898702322489e-08,5.49753393297131e-08,-2.38067415512235e-08,1.02487502977961e-09,1.38835499092948e-08,-4.6304348017928e-09,-6.65959186856188e-08,2.18856301086284e-08,1.02487502977961e-09,-1.7397416697895e-08,-1.50606000364244e-08,-1.95654179867126e-08,-3.33963824272303e-08,1.21302601603751e-09,1.38835499092948e-08,-1.50606000364244e-08,-1.68596095776848e-08,-1.26858370085934e-08,2.10609360392348e-08,2.77982622215552e-08,-4.6304348017928e-09,-1.95654179867126e-08,-1.26858370085934e-08,-2.09965505259815e-08,6.1510710499764e-09,-4.54898702322489e-08,-6.65959186856188e-08,-3.33963824272303e-08,2.10609360392348e-08,6.1510710499764e-09,1.50028176364314e-08
-2.07143949347987e-07,2.18856301086284e-08,-2.30333754425329e-08,-4.23327090985262e-09,2.09170633761534e-08,-1.74187559515694e-08,2.18856301086284e-08,1.02487502977961e-09,-1.7397416697895e-08,-1.50606000364244e-08,-1.95654179867126e-08,-3.33963824272303e-08,-2.30333754425329e-08,-1.7397416697895e-08,5.60724818666199e-08,1.00133089010657e-08,-4.6486548685847e-09,-1.84078458282896e-07,-4.23327090985262e-09,-1.50606000364244e-08,1.00133089010657e-08,2.90318552335282e-08,7.44810739689857e-09,-2.61229038400315e-08,2.09170633761534e-08,-1.95654179867126e-08,-4.6486548685847e-09,7.44810739689857e-09,-1.62418450072925e-08,-4.48814690609003e-08,-1.74187559515694e-08,-3.33963824272303e-08,-1.84078458282896e-07,-2.61229038400315e-08,-4.48814690609003e-08,2.1872085142717e-07
1.13535263015818e-07,1.21302601603751e-09,-4.23327090985262e-09,4.63724435618113e-09,1.17091114781509e-09,3.41966324232721e-08,1.21302601603751e-09,1.38835499092948e-08,-1.50606000364244e-08,-1.68596095776848e-08,-1.26858370085934e-08,2.10609360392348e-08,-4.23327090985262e-09,-1.50606000364244e-08,1.00133089010657e-08,2.90318552335282e-08,7.44810739689857e-09,-2.61229038400315e-08,4.63724435618113e-09,-1.68596095776848e-08,2.90318552335282e-08,1.89138971747145e-08,5.23781752652726e-09,-5.44052473609243e-08,1.17091114781509e-09,-1.26858370085934e-08,7.44810739689857e-09,5.23781752652726e-09,-7.02434307027538e-09,-3.78820868725728e-08,3.41966324232721e-08,2.10609360392348e-08,-2.61229038400315e-08,-5.44052473609243e-08,-3.78820868725728e-08,6.02898055189528e-09
4.18349703879914e-08,2.77982622215552e-08,2.09170633761534e-08,1.17091114781509e-09,3.47740812813174e-08,4.06013560831434e-08,2.77982622215552e-08,-4.6304348017928e-09,-1.95654179867126e-08,-1.26858370085934e-08,-2.09965505259815e-08,6.1510710499764e-09,2.09170633761534e-08,-1.95654179867126e-08,-4.6486548685847e-09,7.44810739689857e-09,-1.62418450072925e-08,-4.48814690609003e-08,1.17091114781509e-09,-1.26858370085934e-08,7.44810739689857e-09,5.23781752652726e-09,-7.02434307027538e-09,-3.78820868725728e-08,3.47740812813174e-08,-2.09965505259815e-08,-1.62418450072925e-08,-7.02434307027538e-09,-3.7000542903302e-08,-6.46662927845246e-08,4.06013560831434e-08,6.1510710499764e-09,-4.48814690609003e-08,-3.78820868725728e-08,-6.46662927845246e-08,-5.75564325235421e-08
-6.20947998898422e-08,-4.54898702322489e-08,-1.74187559515694e-08,3.41966324232721e-08,4.06013560831434e-08,1.99246070145348e-07,-4.54898702322489e-08,-6.65959186856188e-08,-3.33963824272303e-08,2.10609360392348e-08,6.1510710499764e-09,1.50028176364314e-08,-1.74187559515694e-08,-3.33963824272303e-08,-1.84078458282896e-07,-2.61229038400315e-08,-4.48814690609003e-08,2.1872085142717e-07,3.41966324232721e-08,2.10609360392348e-08,-2.61229038400315e-08,-5.44052473609243e-08,-3.78820868725728e-08,6.02898055189528e-09,4.06013560831434e-08,6.1510710499764e-09,-4.48814690609003e-08,-3.78820868725728e-08,-6.46662927845246e-08,-5.75564325235421e-08,1.99246070145348e-07,1.50028176364314e-08,2.1872085142717e-07,6.02898055189528e-09,-5.75564325235421e-08,-7.50192632946201e-07
