"V1","V2","V3","V4","V5","V6","V7","V8","V9","V10","V11","V12","V13","V14","V15","V16","V17","V18","V19","V20","V21","V22","V23","V24","V25","V26","V27","V28","V29","V30","V31","V32","V33","V34","V35","V36"
-0.814929183372338,0.115801287186196,0.0531781834423471,0.0567390337516088,-0.0422575291977985,-0.300032053815594,0.115801287186196,-0.0323193028232215,0.0252417866234537,-0.00599296405978916,0.0353304292405197,0.0510615489734553,0.0531781834423471,0.0252417866234537,0.00468098037732016,-0.0154962870813449,0.0282786174171419,0.0556763614520782,0.0567390337516088,-0.00599296405978916,-0.0154962870813449,-0.00347846777939651,0.00353784755818443,0.0396843961793424,-0.0422575291977985,0.0353304292405197,0.0282786174171419,0.00353784755818443,0.045589748996107,0.0424359053870914,-0.300032053815594,0.0510615489734553,0.0556763614520782,0.0396843961793424,0.0424359053870914,-0.00363339077235406
0.115801287186196,-0.0323193028232215,0.0252417866234537,-0.00599296405978916,0.0353304292405197,0.0510615489734553,-0.0323193028232215,-0.244444809277786,0.0396263321791919,0.0693004751794105,0.0395305727410446,-0.0645144848799567,0.0252417866234537,0.0396263321791919,-0.0355963878063635,-0.0193521307331833,-0.0312568589208289,0.00770373890190378,-0.00599296405978916,0.0693004751794105,-0.0193521307331833,-0.0320289090828496,-0.0225420992238153,0.0217383130663701,0.0353304292405197,0.0395305727410446,-0.0312568589208289,-0.0225420992238153,-0.031699916303888,0.0106744864075995,0.0510615489734553,-0.0645144848799567,0.00770373890190378,0.0217383130663701,0.0106744864075995,-0.0549984469013539
0.0531781834423471,0.0252417866234537,0.00468098037732016,-0.0154962870813449,0.0282786174171419,0.0556763614520782,0.0252417866234537,0.0396263321791919,-0.0355963878063635,-0.0193521307331833,-0.0312568589208289,0.00770373890190378,0.00468098037732016,-0.0355963878063635,0.0123505577043202,0.0185499922438822,-0.00691523014197064,-0.0436825801990232,-0.0154962870813449,-0.0193521307331833,0.0185499922438822,0.0150540512620575,0.00600672447059328,-0.0331516679849072,0.0282786174171419,-0.0312568589208289,-0.00691523014197064,0.00600672447059328,-0.021769358224212,-0.0439352437943603,0.0556763614520782,0.00770373890190378,-0.0436825801990232,-0.0331516679849072,-0.0439352437943603,-0.0202549919423205
0.0567390337516088,-0.00599296405978916,-0.0154962870813449,-0.00347846777939651,0.00353784755818443,0.0396843961793424,-0.00599296405978916,0.0693004751794105,-0.0193521307331833,-0.0320289090828496,-0.0225420992238153,0.0217383130663701,-0.0154962870813449,-0.0193521307331833,0.0185499922438822,0.0150540512620575,0.00600672447059328,-0.0331516679849072,-0.00347846777939651,-0.0320289090828496,0.0150540512620575,0.0336158311669227,0.0086680155969201,-0.0301615678257749,0.00353784755818443,-0.0225420992238153,0.00600672447059328,0.0086680155969201,-0.00466144536414444,-0.0338351808762638,0.0396843961793424,0.0217383130663701,-0.0331516679849072,-0.0301615678257749,-0.0338351808762638,0.0320735487213395
-0.0422575291977985,0.0353304292405197,0.0282786174171419,0.00353784755818443,0.045589748996107,0.0424359053870914,0.0353304292405197,0.0395305727410446,-0.0312568589208289,-0.0225420992238153,-0.031699916303888,0.0106744864075995,0.0282786174171419,-0.0312568589208289,-0.00691523014197064,0.00600672447059328,-0.021769358224212,-0.0439352437943603,0.00353784755818443,-0.0225420992238153,0.00600672447059328,0.0086680155969201,-0.00466144536414444,-0.0338351808762638,0.045589748996107,-0.031699916303888,-0.021769358224212,-0.00466144536414444,-0.0361355361561828,-0.0530225317561824,0.0424359053870914,0.0106744864075995,-0.0439352437943603,-0.0338351808762638,-0.0530225317561824,-0.0571933700979695
-0.300032053815594,0.0510615489734553,0.0556763614520782,0.0396843961793424,0.0424359053870914,-0.00363339077235406,0.0510615489734553,-0.0645144848799567,0.00770373890190378,0.0217383130663701,0.0106744864075995,-0.0549984469013539,0.0556763614520782,0.00770373890190378,-0.0436825801990232,-0.0331516679849072,-0.0439352437943603,-0.0202549919423205,0.0396843961793424,0.0217383130663701,-0.0331516679849072,-0.0301615678257749,-0.0338351808762638,0.0320735487213395,0.0424359053870914,0.0106744864075995,-0.0439352437943603,-0.0338351808762638,-0.0530225317561824,-0.0571933700979695,-0.00363339077235406,-0.0549984469013539,-0.0202549919423205,0.0320735487213395,-0.0571933700979695,-0.236155377536996
