"Mkt.RF","SMB","HML","RMW","CMA","Mom"
1.28233701955222,-0.0681496157238042,-0.0673050420761317,-0.165792721301324,-0.162501310715525,-0.158434532376989
-0.0681496157238042,0.349148007805948,0.0179246919306711,-0.0761629944850833,0.0060046808935076,0.00434949642854213
-0.0673050420761317,0.0179246919306711,0.337443439456952,0.0133563300837927,0.11696179851487,-0.162355121200237
-0.165792721301324,-0.0761629944850833,0.0133563300837927,0.197509712937758,0.0417549449232626,0.0517506981459695
-0.162501310715525,0.0060046808935076,0.11696179851487,0.0417549449232626,0.163803997479464,0.0165950464777329
-0.158434532376989,0.00434949642854213,-0.162355121200237,0.0517506981459695,0.0165950464777329,0.685904873759388
