"V1","V2","V3","V4","V5","V6","V7","V8","V9","V10","V11","V12","V13","V14","V15","V16","V17","V18","V19","V20","V21","V22","V23","V24","V25","V26","V27","V28","V29","V30","V31","V32","V33","V34","V35","V36"
-1.38086202088476e-06,1.27396962434707e-07,-7.19388199478936e-08,1.10124573117584e-07,-1.00346095059989e-08,-3.21476538635339e-07,1.27396962434707e-07,-6.2472178994724e-09,2.6223418368578e-08,-1.44564255898739e-08,2.66379266276212e-08,4.60045568771459e-08,-7.19388199478936e-08,2.6223418368578e-08,-5.83613779848125e-09,-1.35346497611761e-08,2.1985281340649e-08,2.0180185360958e-08,1.10124573117584e-07,-1.44564255898739e-08,-1.35346497611761e-08,5.13799690581375e-09,6.37649342062859e-09,5.42455282088323e-08,-1.00346095059989e-08,2.66379266276212e-08,2.1985281340649e-08,6.37649342062859e-09,4.49955843617742e-08,4.03992431386374e-08,-3.21476538635339e-07,4.60045568771459e-08,2.0180185360958e-08,5.42455282088323e-08,4.03992431386374e-08,1.2865549981586e-07
1.27396962434707e-07,-6.2472178994724e-09,2.6223418368578e-08,-1.44564255898739e-08,2.66379266276212e-08,4.60045568771459e-08,-6.2472178994724e-09,-2.42588569765378e-07,5.55721189499779e-08,6.37220182608966e-08,4.10741083775319e-08,-6.90054011435198e-08,2.6223418368578e-08,5.55721189499779e-08,-1.85349513839434e-08,-2.45366667063612e-08,-3.07979272835542e-08,-1.71689175320324e-08,-1.44564255898739e-08,6.37220182608966e-08,-2.45366667063612e-08,-2.85004792350051e-08,-2.15463219686324e-08,2.38988132702187e-08,2.66379266276212e-08,4.10741083775319e-08,-3.07979272835542e-08,-2.15463219686324e-08,-3.15394041544345e-08,8.56160360762612e-09,4.60045568771459e-08,-6.90054011435198e-08,-1.71689175320324e-08,2.38988132702187e-08,8.56160360762612e-09,6.52412179947375e-09
-7.19388199478936e-08,2.6223418368578e-08,-5.83613779848125e-09,-1.35346497611761e-08,2.1985281340649e-08,2.0180185360958e-08,2.6223418368578e-08,5.55721189499779e-08,-1.85349513839434e-08,-2.45366667063612e-08,-3.07979272835542e-08,-1.71689175320324e-08,-5.83613779848125e-09,-1.85349513839434e-08,5.47834093976437e-08,-1.65371189038522e-09,-1.66330959395831e-08,-1.51790127908068e-07,-1.35346497611761e-08,-2.45366667063612e-08,-1.65371189038522e-09,2.16133165037058e-08,6.63168664555562e-09,-9.63663716242295e-09,2.1985281340649e-08,-3.07979272835542e-08,-1.66330959395831e-08,6.63168664555562e-09,-2.21835786605398e-08,-3.82594187446752e-08,2.0180185360958e-08,-1.71689175320324e-08,-1.51790127908068e-07,-9.63663716242295e-09,-3.82594187446752e-08,1.54412140755688e-07
1.10124573117584e-07,-1.44564255898739e-08,-1.35346497611761e-08,5.13799690581375e-09,6.37649342062859e-09,5.42455282088323e-08,-1.44564255898739e-08,6.37220182608966e-08,-2.45366667063612e-08,-2.85004792350051e-08,-2.15463219686324e-08,2.38988132702187e-08,-1.35346497611761e-08,-2.45366667063612e-08,-1.65371189038522e-09,2.16133165037058e-08,6.63168664555562e-09,-9.63663716242295e-09,5.13799690581375e-09,-2.85004792350051e-08,2.16133165037058e-08,1.82561070206031e-08,4.08466507969938e-09,-4.74675076172516e-08,6.37649342062859e-09,-2.15463219686324e-08,6.63168664555562e-09,4.08466507969938e-09,-6.08088310693081e-09,-3.68915304069931e-08,5.42455282088323e-08,2.38988132702187e-08,-9.63663716242295e-09,-4.74675076172516e-08,-3.68915304069931e-08,-2.39197090523695e-08
-1.00346095059989e-08,2.66379266276212e-08,2.1985281340649e-08,6.37649342062859e-09,4.49955843617742e-08,4.03992431386374e-08,2.66379266276212e-08,4.10741083775319e-08,-3.07979272835542e-08,-2.15463219686324e-08,-3.15394041544345e-08,8.56160360762612e-09,2.1985281340649e-08,-3.07979272835542e-08,-1.66330959395831e-08,6.63168664555562e-09,-2.21835786605398e-08,-3.82594187446752e-08,6.37649342062859e-09,-2.15463219686324e-08,6.63168664555562e-09,4.08466507969938e-09,-6.08088310693081e-09,-3.68915304069931e-08,4.49955843617742e-08,-3.15394041544345e-08,-2.21835786605398e-08,-6.08088310693081e-09,-4.09235603995902e-08,-6.26923684543092e-08,4.03992431386374e-08,8.56160360762612e-09,-3.82594187446752e-08,-3.68915304069931e-08,-6.26923684543092e-08,-7.62418000300243e-08
-3.21476538635339e-07,4.60045568771459e-08,2.0180185360958e-08,5.42455282088323e-08,4.03992431386374e-08,1.2865549981586e-07,4.60045568771459e-08,-6.90054011435198e-08,-1.71689175320324e-08,2.38988132702187e-08,8.56160360762612e-09,6.52412179947375e-09,2.0180185360958e-08,-1.71689175320324e-08,-1.51790127908068e-07,-9.63663716242295e-09,-3.82594187446752e-08,1.54412140755688e-07,5.42455282088323e-08,2.38988132702187e-08,-9.63663716242295e-09,-4.74675076172516e-08,-3.68915304069931e-08,-2.39197090523695e-08,4.03992431386374e-08,8.56160360762612e-09,-3.82594187446752e-08,-3.68915304069931e-08,-6.26923684543092e-08,-7.62418000300243e-08,1.2865549981586e-07,6.52412179947375e-09,1.54412140755688e-07,-2.39197090523695e-08,-7.62418000300243e-08,-6.37729700171914e-07
