"V1","V2","V3","V4","V5","V6","V7","V8","V9","V10","V11","V12","V13","V14","V15","V16","V17","V18","V19","V20","V21","V22","V23","V24","V25","V26","V27","V28","V29","V30","V31","V32","V33","V34","V35","V36"
-0.214548059153355,-0.166251798913968,-0.114134310708804,0.0796597275114256,-0.00031299529176292,-0.0807011026591192,-0.166251798913968,0.063469393665949,0.0487956350629701,-0.000640544745903951,0.0268662290969038,-0.0248648287236266,-0.114134310708804,0.0487956350629701,0.00894275182677314,-0.0176270879640301,0.0120514297008029,-0.00739006307880667,0.0796597275114256,-0.000640544745903951,-0.0176270879640301,0.000936187001415332,0.00250844012409102,0.0405827518383844,-0.00031299529176292,0.0268662290969038,0.0120514297008029,0.00250844012409102,0.036476927764441,0.0380628836515838,-0.0807011026591192,-0.0248648287236266,-0.00739006307880667,0.0405827518383844,0.0380628836515838,0.162913100349203
-0.166251798913968,0.063469393665949,0.0487956350629701,-0.000640544745903951,0.0268662290969038,-0.0248648287236266,0.063469393665949,-0.0292650678715967,0.0079821556624589,0.0166893574231805,0.000194503975772958,-0.0513705527557325,0.0487956350629701,0.0079821556624589,-0.00622001295167085,-0.0176767127687382,-0.0196948042073175,-0.014415012985243,-0.000640544745903951,0.0166893574231805,-0.0176767127687382,-0.0224035903734984,-0.0140484822359074,0.0282384040840181,0.0268662290969038,0.000194503975772958,-0.0196948042073175,-0.0140484822359074,-0.021682824065763,0.00695477259669072,-0.0248648287236266,-0.0513705527557325,-0.014415012985243,0.0282384040840181,0.00695477259669072,-0.0121040932437967
-0.114134310708804,0.0487956350629701,0.00894275182677314,-0.0176270879640301,0.0120514297008029,-0.00739006307880667,0.0487956350629701,0.0079821556624589,-0.00622001295167085,-0.0176767127687382,-0.0196948042073175,-0.014415012985243,0.00894275182677314,-0.00622001295167085,0.0891642303254526,-0.00149714559100787,-0.00618867090984977,-0.159941415215326,-0.0176270879640301,-0.0176767127687382,-0.00149714559100787,0.0264179347938282,0.00833256770037953,-0.00970548082875851,0.0120514297008029,-0.0196948042073175,-0.00618867090984977,0.00833256770037953,-0.0131543457813818,-0.0388642678274038,-0.00739006307880667,-0.014415012985243,-0.159941415215326,-0.00970548082875851,-0.0388642678274038,0.154385836869915
0.0796597275114256,-0.000640544745903951,-0.0176270879640301,0.000936187001415332,0.00250844012409102,0.0405827518383844,-0.000640544745903951,0.0166893574231805,-0.0176767127687382,-0.0224035903734984,-0.0140484822359074,0.0282384040840181,-0.0176270879640301,-0.0176767127687382,-0.00149714559100787,0.0264179347938282,0.00833256770037953,-0.00970548082875851,0.000936187001415332,-0.0224035903734984,0.0264179347938282,0.0247724065229101,0.00787212739050694,-0.0461838835123414,0.00250844012409102,-0.0140484822359074,0.00833256770037953,0.00787212739050694,-0.00430485456000152,-0.034666616946148,0.0405827518383844,0.0282384040840181,-0.00970548082875851,-0.0461838835123414,-0.034666616946148,-0.00856480982672236
-0.00031299529176292,0.0268662290969038,0.0120514297008029,0.00250844012409102,0.036476927764441,0.0380628836515838,0.0268662290969038,0.000194503975772958,-0.0196948042073175,-0.0140484822359074,-0.021682824065763,0.00695477259669072,0.0120514297008029,-0.0196948042073175,-0.00618867090984977,0.00833256770037953,-0.0131543457813818,-0.0388642678274038,0.00250844012409102,-0.0140484822359074,0.00833256770037953,0.00787212739050694,-0.00430485456000152,-0.034666616946148,0.036476927764441,-0.021682824065763,-0.0131543457813818,-0.00430485456000152,-0.0317478777902739,-0.0583452869317469,0.0380628836515838,0.00695477259669072,-0.0388642678274038,-0.034666616946148,-0.0583452869317469,-0.0532808929604594
-0.0807011026591192,-0.0248648287236266,-0.00739006307880667,0.0405827518383844,0.0380628836515838,0.162913100349203,-0.0248648287236266,-0.0513705527557325,-0.014415012985243,0.0282384040840181,0.00695477259669072,-0.0121040932437967,-0.00739006307880667,-0.014415012985243,-0.159941415215326,-0.00970548082875851,-0.0388642678274038,0.154385836869915,0.0405827518383844,0.0282384040840181,-0.00970548082875851,-0.0461838835123414,-0.034666616946148,-0.00856480982672236,0.0380628836515838,0.00695477259669072,-0.0388642678274038,-0.034666616946148,-0.0583452869317469,-0.0532808929604594,0.162913100349203,-0.0121040932437967,0.154385836869915,-0.00856480982672236,-0.0532808929604594,-0.533900608290641
