"V1","V2","V3","V4","V5","V6","V7","V8","V9","V10","V11","V12","V13","V14","V15","V16","V17","V18","V19","V20","V21","V22","V23","V24","V25","V26","V27","V28","V29","V30","V31","V32","V33","V34","V35","V36"
-1.01933195625259e-06,2.02218124367247e-07,7.26491623710964e-08,4.00769328015436e-08,-1.78406900643115e-08,-3.288552259764e-07,2.02218124367247e-07,-5.9025121587191e-08,2.74966379047015e-09,-1.52089967590146e-08,1.29093741768167e-08,4.71460651302969e-08,7.26491623710964e-08,2.74966379047015e-09,8.19171936698585e-09,-1.10663225775539e-08,1.38182919378005e-08,3.04044180789898e-08,4.00769328015436e-08,-1.52089967590146e-08,-1.10663225775539e-08,5.87485049301272e-09,-4.93856321653666e-09,1.80640993357874e-08,-1.78406900643115e-08,1.29093741768167e-08,1.38182919378005e-08,-4.93856321653666e-09,1.43030019771932e-08,1.01384165925355e-08,-3.288552259764e-07,4.71460651302969e-08,3.04044180789898e-08,1.80640993357874e-08,1.01384165925355e-08,-4.60467475650506e-08
2.02218124367247e-07,-5.9025121587191e-08,2.74966379047015e-09,-1.52089967590146e-08,1.29093741768167e-08,4.71460651302969e-08,-5.9025121587191e-08,-2.60012991313819e-07,4.62811697156005e-08,5.93174833225848e-08,4.13685534165397e-08,-4.75922725764651e-08,2.74966379047015e-09,4.62811697156005e-08,-1.73663814400276e-08,-6.75652423982415e-09,-1.39797398622519e-08,-9.20266141533565e-10,-1.52089967590146e-08,5.93174833225848e-08,-6.75652423982415e-09,-1.36892775927939e-08,-7.729440075942e-09,2.11940108608805e-09,1.29093741768167e-08,4.13685534165397e-08,-1.39797398622519e-08,-7.729440075942e-09,-1.25356598805906e-08,5.24270342244031e-09,4.71460651302969e-08,-4.75922725764651e-08,-9.20266141533565e-10,2.11940108608805e-09,5.24270342244031e-09,-1.02085047090225e-09
7.26491623710964e-08,2.74966379047015e-09,8.19171936698585e-09,-1.10663225775539e-08,1.38182919378005e-08,3.04044180789898e-08,2.74966379047015e-09,4.62811697156005e-08,-1.73663814400276e-08,-6.75652423982415e-09,-1.39797398622519e-08,-9.20266141533565e-10,8.19171936698585e-09,-1.73663814400276e-08,2.68296079242892e-09,3.2303189108782e-09,-3.66030042945175e-09,-1.73483066094511e-08,-1.10663225775539e-08,-6.75652423982415e-09,3.2303189108782e-09,1.40443625014024e-09,3.09600263004212e-09,5.49623543416471e-10,1.38182919378005e-08,-1.39797398622519e-08,-3.66030042945175e-09,3.09600263004212e-09,-4.51558789950243e-09,-8.98049361252085e-09,3.04044180789898e-08,-9.20266141533565e-10,-1.73483066094511e-08,5.49623543416471e-10,-8.98049361252085e-09,-1.73343916676061e-10
4.00769328015436e-08,-1.52089967590146e-08,-1.10663225775539e-08,5.87485049301272e-09,-4.93856321653666e-09,1.80640993357874e-08,-1.52089967590146e-08,5.93174833225848e-08,-6.75652423982415e-09,-1.36892775927939e-08,-7.729440075942e-09,2.11940108608805e-09,-1.10663225775539e-08,-6.75652423982415e-09,3.2303189108782e-09,1.40443625014024e-09,3.09600263004212e-09,5.49623543416471e-10,5.87485049301272e-09,-1.36892775927939e-08,1.40443625014024e-09,3.80005776990343e-09,1.36970266425216e-09,-4.70358774124574e-09,-4.93856321653666e-09,-7.729440075942e-09,3.09600263004212e-09,1.36970266425216e-09,2.58975179307804e-09,1.49961208738118e-09,1.80640993357874e-08,2.11940108608805e-09,5.49623543416471e-10,-4.70358774124574e-09,1.49961208738118e-09,5.53872025883057e-09
-1.78406900643115e-08,1.29093741768167e-08,1.38182919378005e-08,-4.93856321653666e-09,1.43030019771932e-08,1.01384165925355e-08,1.29093741768167e-08,4.13685534165397e-08,-1.39797398622519e-08,-7.729440075942e-09,-1.25356598805906e-08,5.24270342244031e-09,1.38182919378005e-08,-1.39797398622519e-08,-3.66030042945175e-09,3.09600263004212e-09,-4.51558789950243e-09,-8.98049361252085e-09,-4.93856321653666e-09,-7.729440075942e-09,3.09600263004212e-09,1.36970266425216e-09,2.58975179307804e-09,1.49961208738118e-09,1.43030019771932e-08,-1.25356598805906e-08,-4.51558789950243e-09,2.58975179307804e-09,-2.84069314432911e-09,-7.71980554307656e-09,1.01384165925355e-08,5.24270342244031e-09,-8.98049361252085e-09,1.49961208738118e-09,-7.71980554307656e-09,-1.20573874069034e-08
-3.288552259764e-07,4.71460651302969e-08,3.04044180789898e-08,1.80640993357874e-08,1.01384165925355e-08,-4.60467475650506e-08,4.71460651302969e-08,-4.75922725764651e-08,-9.20266141533565e-10,2.11940108608805e-09,5.24270342244031e-09,-1.02085047090225e-09,3.04044180789898e-08,-9.20266141533565e-10,-1.73483066094511e-08,5.49623543416471e-10,-8.98049361252085e-09,-1.73343916676061e-10,1.80640993357874e-08,2.11940108608805e-09,5.49623543416471e-10,-4.70358774124574e-09,1.49961208738118e-09,5.53872025883057e-09,1.01384165925355e-08,5.24270342244031e-09,-8.98049361252085e-09,1.49961208738118e-09,-7.71980554307656e-09,-1.20573874069034e-08,-4.60467475650506e-08,-1.02085047090225e-09,-1.73343916676061e-10,5.53872025883057e-09,-1.20573874069034e-08,-9.11762870235276e-08
