"V1","V2","V3","V4","V5","V6","V7","V8","V9","V10","V11","V12","V13","V14","V15","V16","V17","V18","V19","V20","V21","V22","V23","V24","V25","V26","V27","V28","V29","V30","V31","V32","V33","V34","V35","V36"
-1.39365182214508e-06,1.23336483295139e-07,-6.82514235974031e-08,1.20150212971481e-07,-2.60357589103742e-09,-3.04009121365993e-07,1.23336483295139e-07,-8.17121404164928e-09,2.70975040005822e-08,-1.22990953620533e-08,2.74679538045616e-08,3.91605349892919e-08,-6.82514235974031e-08,2.70975040005822e-08,-1.16257488429302e-08,-1.52293726843799e-08,1.83687920005511e-08,1.60551763370645e-08,1.20150212971481e-07,-1.22990953620533e-08,-1.52293726843799e-08,1.74948982496827e-09,4.14204879282224e-09,5.21757557972941e-08,-2.60357589103742e-09,2.74679538045616e-08,1.83687920005511e-08,4.14204879282224e-09,4.1254769981144e-08,3.57055607937184e-08,-3.04009121365993e-07,3.91605349892919e-08,1.60551763370645e-08,5.21757557972941e-08,3.57055607937184e-08,1.22940713049371e-07
1.23336483295139e-07,-8.17121404164928e-09,2.70975040005822e-08,-1.22990953620533e-08,2.74679538045616e-08,3.91605349892919e-08,-8.17121404164928e-09,-2.36045534521613e-07,5.83845233586173e-08,6.39678063370096e-08,4.22996046548697e-08,-6.84965506108326e-08,2.70975040005822e-08,5.83845233586173e-08,-1.81263554162278e-08,-2.5798523025111e-08,-3.01799992355902e-08,-1.64511413531929e-08,-1.22990953620533e-08,6.39678063370096e-08,-2.5798523025111e-08,-2.98623466197052e-08,-2.25759533026057e-08,2.49615067813306e-08,2.74679538045616e-08,4.22996046548697e-08,-3.01799992355902e-08,-2.25759533026057e-08,-3.11990887138273e-08,8.31967994870122e-09,3.91605349892919e-08,-6.84965506108326e-08,-1.64511413531929e-08,2.49615067813306e-08,8.31967994870122e-09,4.47812444514805e-10
-6.82514235974031e-08,2.70975040005822e-08,-1.16257488429302e-08,-1.52293726843799e-08,1.83687920005511e-08,1.60551763370645e-08,2.70975040005822e-08,5.83845233586173e-08,-1.81263554162278e-08,-2.5798523025111e-08,-3.01799992355902e-08,-1.64511413531929e-08,-1.16257488429302e-08,-1.81263554162278e-08,6.57377800465141e-08,1.105746344536e-10,-1.02623125150042e-08,-1.54944212253931e-07,-1.52293726843799e-08,-2.5798523025111e-08,1.105746344536e-10,2.43135962290756e-08,7.37410199131911e-09,-1.08612806783956e-08,1.83687920005511e-08,-3.01799992355902e-08,-1.02623125150042e-08,7.37410199131911e-09,-1.76423781491392e-08,-3.90527082669229e-08,1.60551763370645e-08,-1.64511413531929e-08,-1.54944212253931e-07,-1.08612806783956e-08,-3.90527082669229e-08,1.64318256390056e-07
1.20150212971481e-07,-1.22990953620533e-08,-1.52293726843799e-08,1.74948982496827e-09,4.14204879282224e-09,5.21757557972941e-08,-1.22990953620533e-08,6.39678063370096e-08,-2.5798523025111e-08,-2.98623466197052e-08,-2.25759533026057e-08,2.49615067813306e-08,-1.52293726843799e-08,-2.5798523025111e-08,1.105746344536e-10,2.43135962290756e-08,7.37410199131911e-09,-1.08612806783956e-08,1.74948982496827e-09,-2.98623466197052e-08,2.43135962290756e-08,2.02089659417269e-08,6.28944049852935e-09,-4.74263537499674e-08,4.14204879282224e-09,-2.25759533026057e-08,7.37410199131911e-09,6.28944049852935e-09,-5.66019006030885e-09,-3.6752298394293e-08,5.21757557972941e-08,2.49615067813306e-08,-1.08612806783956e-08,-4.74263537499674e-08,-3.6752298394293e-08,-1.65310269391254e-08
-2.60357589103742e-09,2.74679538045616e-08,1.83687920005511e-08,4.14204879282224e-09,4.1254769981144e-08,3.57055607937184e-08,2.74679538045616e-08,4.22996046548697e-08,-3.01799992355902e-08,-2.25759533026057e-08,-3.11990887138273e-08,8.31967994870122e-09,1.83687920005511e-08,-3.01799992355902e-08,-1.02623125150042e-08,7.37410199131911e-09,-1.76423781491392e-08,-3.90527082669229e-08,4.14204879282224e-09,-2.25759533026057e-08,7.37410199131911e-09,6.28944049852935e-09,-5.66019006030885e-09,-3.6752298394293e-08,4.1254769981144e-08,-3.11990887138273e-08,-1.76423781491392e-08,-5.66019006030885e-09,-3.72559229170221e-08,-6.20998332489489e-08,3.57055607937184e-08,8.31967994870122e-09,-3.90527082669229e-08,-3.6752298394293e-08,-6.20998332489489e-08,-6.86161367717254e-08
-3.04009121365993e-07,3.91605349892919e-08,1.60551763370645e-08,5.21757557972941e-08,3.57055607937184e-08,1.22940713049371e-07,3.91605349892919e-08,-6.84965506108326e-08,-1.64511413531929e-08,2.49615067813306e-08,8.31967994870122e-09,4.47812444514805e-10,1.60551763370645e-08,-1.64511413531929e-08,-1.54944212253931e-07,-1.08612806783956e-08,-3.90527082669229e-08,1.64318256390056e-07,5.21757557972941e-08,2.49615067813306e-08,-1.08612806783956e-08,-4.74263537499674e-08,-3.6752298394293e-08,-1.65310269391254e-08,3.57055607937184e-08,8.31967994870122e-09,-3.90527082669229e-08,-3.6752298394293e-08,-6.20998332489489e-08,-6.86161367717254e-08,1.22940713049371e-07,4.47812444514805e-10,1.64318256390056e-07,-1.65310269391254e-08,-6.86161367717254e-08,-6.43138738912197e-07
