"Mkt.RF","SMB","HML","RMW","CMA","MOM"
6.98191853374798e-05,-1.2682620687182e-05,-1.69217412472846e-05,3.80061655379013e-06,-1.0934794266158e-05,4.84520575976929e-06
-1.2682620687182e-05,2.1583119136969e-05,1.84141721418547e-06,-3.26979952097782e-06,-9.84740240063664e-08,1.00523235560943e-06
-1.69217412472846e-05,1.84141721418547e-06,1.43222422238192e-05,-3.98678790144717e-06,7.87611273390849e-06,-1.23556186561683e-06
3.80061655379013e-06,-3.26979952097782e-06,-3.98678790144717e-06,5.90607530798559e-06,-2.89824252500727e-06,8.63887482354719e-07
-1.0934794266158e-05,-9.84740240063664e-08,7.87611273390849e-06,-2.89824252500727e-06,9.26719650341153e-06,-3.80994204691663e-07
4.84520575976929e-06,1.00523235560943e-06,-1.23556186561683e-06,8.63887482354719e-07,-3.80994204691663e-07,2.35014460886181e-05
