"V1","V2","V3","V4","V5","V6","V7","V8","V9","V10","V11","V12","V13","V14","V15","V16","V17","V18","V19","V20","V21","V22","V23","V24","V25","V26","V27","V28","V29","V30","V31","V32","V33","V34","V35","V36"
-0.776515191606083,0.163394721234994,0.0621835640815762,0.0433941381353132,-0.0180955007334778,-0.272908088767047,0.163394721234994,-0.0529707608472583,0.0052886420805027,-0.0154147100905777,0.0123028740360068,0.0454581060302922,0.0621835640815762,0.0052886420805027,0.00681052589694838,-0.013518225800088,0.0130102055172364,0.027438992566183,0.0433941381353132,-0.0154147100905777,-0.013518225800088,0.0056018869811484,-0.00597066811838908,0.0193566029696894,-0.0180955007334778,0.0123028740360068,0.0130102055172364,-0.00597066811838908,0.0141169737224122,0.0081418098184521,-0.272908088767047,0.0454581060302922,0.027438992566183,0.0193566029696894,0.0081418098184521,-0.0296976262328916
0.163394721234994,-0.0529707608472583,0.0052886420805027,-0.0154147100905777,0.0123028740360068,0.0454581060302922,-0.0529707608472583,-0.213444546248384,0.0407351032996154,0.0548221549247959,0.0352962394134684,-0.0427592635032204,0.0052886420805027,0.0407351032996154,-0.0180424331170079,-0.00685708537008187,-0.0137568947744349,-0.000626927617320548,-0.0154147100905777,0.0548221549247959,-0.00685708537008187,-0.0134006899389394,-0.00769800849365975,0.00183049588475929,0.0123028740360068,0.0352962394134684,-0.0137568947744349,-0.00769800849365975,-0.0120966851373755,0.00405217533293353,0.0454581060302922,-0.0427592635032204,-0.000626927617320548,0.00183049588475929,0.00405217533293353,0.00305810236742346
0.0621835640815762,0.0052886420805027,0.00681052589694838,-0.013518225800088,0.0130102055172364,0.027438992566183,0.0052886420805027,0.0407351032996154,-0.0180424331170079,-0.00685708537008187,-0.0137568947744349,-0.000626927617320548,0.00681052589694838,-0.0180424331170079,0.00395380581746172,0.00435833098814625,-0.00275746940292401,-0.016374505979728,-0.013518225800088,-0.00685708537008187,0.00435833098814625,0.00197673221916063,0.00387269254603757,-5.74398810893396e-05,0.0130102055172364,-0.0137568947744349,-0.00275746940292401,0.00387269254603757,-0.00413970652651515,-0.00807307608326328,0.027438992566183,-0.000626927617320548,-0.016374505979728,-5.74398810893396e-05,-0.00807307608326328,-0.00260367170308801
0.0433941381353132,-0.0154147100905777,-0.013518225800088,0.0056018869811484,-0.00597066811838908,0.0193566029696894,-0.0154147100905777,0.0548221549247959,-0.00685708537008187,-0.0134006899389394,-0.00769800849365975,0.00183049588475929,-0.013518225800088,-0.00685708537008187,0.00435833098814625,0.00197673221916063,0.00387269254603757,-5.74398810893396e-05,0.0056018869811484,-0.0134006899389394,0.00197673221916063,0.00426615822149579,0.00152559555937426,-0.00412794847645565,-0.00597066811838908,-0.00769800849365975,0.00387269254603757,0.00152559555937426,0.00322323385520154,0.00079872613557375,0.0193566029696894,0.00183049588475929,-5.74398810893396e-05,-0.00412794847645565,0.00079872613557375,0.00610237499318096
-0.0180955007334778,0.0123028740360068,0.0130102055172364,-0.00597066811838908,0.0141169737224122,0.0081418098184521,0.0123028740360068,0.0352962394134684,-0.0137568947744349,-0.00769800849365975,-0.0120966851373755,0.00405217533293353,0.0130102055172364,-0.0137568947744349,-0.00275746940292401,0.00387269254603757,-0.00413970652651515,-0.00807307608326328,-0.00597066811838908,-0.00769800849365975,0.00387269254603757,0.00152559555937426,0.00322323385520154,0.00079872613557375,0.0141169737224122,-0.0120966851373755,-0.00413970652651515,0.00322323385520154,-0.00279924697762715,-0.00641353304326048,0.0081418098184521,0.00405217533293353,-0.00807307608326328,0.00079872613557375,-0.00641353304326048,-0.0139882504264077
-0.272908088767047,0.0454581060302922,0.027438992566183,0.0193566029696894,0.0081418098184521,-0.0296976262328916,0.0454581060302922,-0.0427592635032204,-0.000626927617320548,0.00183049588475929,0.00405217533293353,0.00305810236742346,0.027438992566183,-0.000626927617320548,-0.016374505979728,-5.74398810893396e-05,-0.00807307608326328,-0.00260367170308801,0.0193566029696894,0.00183049588475929,-5.74398810893396e-05,-0.00412794847645565,0.00079872613557375,0.00610237499318096,0.0081418098184521,0.00405217533293353,-0.00807307608326328,0.00079872613557375,-0.00641353304326048,-0.0139882504264077,-0.0296976262328916,0.00305810236742346,-0.00260367170308801,0.00610237499318096,-0.0139882504264077,-0.0795638714812301
