"Mkt.RF","SMB","HML","RMW","CMA","Mom"
1.21693436640939,-0.137357821874073,-0.125948456175881,-0.125659665363116,-0.177741016998523,-0.153011986998347
-0.137357821874073,0.337985363653071,0.0281355683449822,-0.0659647198778721,0.0146160604516825,0.0154970819931749
-0.125948456175881,0.0281355683449822,0.339043941316288,0.0126590151303734,0.12430276738026,-0.132505268378125
-0.125659665363116,-0.0659647198778721,0.0126590151303734,0.185775663536154,0.0345222153807167,0.0471542252666922
-0.177741016998523,0.0146160604516825,0.12430276738026,0.0345222153807167,0.167494292255852,0.0258528593740755
-0.153011986998347,0.0154970819931749,-0.132505268378125,0.0471542252666922,0.0258528593740755,0.638042891701934
