"Mkt.RF","SMB","HML","RMW","CMA","MOM"
7.26378150512713e-05,-1.52566975860107e-05,-1.84354022511998e-05,3.50415182871224e-06,-1.12651358527781e-05,4.22686605017719e-06
-1.52566975860107e-05,2.26943767289756e-05,1.93219030708846e-06,-3.88093679663647e-06,5.23180430173224e-08,-6.48090170854979e-07
-1.84354022511998e-05,1.93219030708846e-06,1.51921483253271e-05,-3.51040815519604e-06,8.37316193875715e-06,-1.12616679786599e-06
3.50415182871224e-06,-3.88093679663647e-06,-3.51040815519604e-06,5.78239694792437e-06,-2.3125650873039e-06,5.25292884526109e-07
-1.12651358527781e-05,5.23180430173224e-08,8.37316193875715e-06,-2.3125650873039e-06,9.42498328710948e-06,3.4220022808078e-07
4.22686605017719e-06,-6.48090170854979e-07,-1.12616679786599e-06,5.25292884526109e-07,3.4220022808078e-07,2.13194969342711e-05
