"V1","V2","V3","V4","V5","V6","V7","V8","V9","V10","V11","V12","V13","V14","V15","V16","V17","V18","V19","V20","V21","V22","V23","V24","V25","V26","V27","V28","V29","V30","V31","V32","V33","V34","V35","V36"
-0.777600766002325,0.163256828366963,0.0623105654210919,0.043415946338847,-0.0178993009168921,-0.272684227284333,0.163256828366963,-0.0527773697610079,0.00537866113116816,-0.0153949409002584,0.0122527273402877,0.0455749701209687,0.0623105654210919,0.00537866113116816,0.00675069729494119,-0.013461696753174,0.012835548564739,0.027433371750284,0.043415946338847,-0.0153949409002584,-0.013461696753174,0.0055610121952192,-0.00591889758126605,0.0194082303935298,-0.0178993009168921,0.0122527273402877,0.012835548564739,-0.00591889758126605,0.0139827155581351,0.00804314253183535,-0.272684227284333,0.0455749701209687,0.027433371750284,0.0194082303935298,0.00804314253183535,-0.0295481973257717
0.163256828366963,-0.0527773697610079,0.00537866113116816,-0.0153949409002584,0.0122527273402877,0.0455749701209687,-0.0527773697610079,-0.21372317506056,0.0407741578069831,0.0547805671830312,0.035306993522675,-0.0428911293913223,0.00537866113116816,0.0407741578069831,-0.0180388866524176,-0.00684424870815976,-0.0137531812839294,-0.000705220096413409,-0.0153949409002584,0.0547805671830312,-0.00684424870815976,-0.0133606379693441,-0.00766035970199306,0.00195457532672754,0.0122527273402877,0.035306993522675,-0.0137531812839294,-0.00766035970199306,-0.0120766536639079,0.00402997442481785,0.0455749701209687,-0.0428911293913223,-0.000705220096413409,0.00195457532672754,0.00402997442481785,0.00298565460021251
0.0623105654210919,0.00537866113116816,0.00675069729494119,-0.013461696753174,0.012835548564739,0.027433371750284,0.00537866113116816,0.0407741578069831,-0.0180388866524176,-0.00684424870815976,-0.0137531812839294,-0.000705220096413409,0.00675069729494119,-0.0180388866524176,0.00396775894843708,0.00430534025882717,-0.00268170696082955,-0.0164398486747352,-0.013461696753174,-0.00684424870815976,0.00430534025882717,0.00197844492746896,0.00380841242815043,-5.69156857538048e-05,0.012835548564739,-0.0137531812839294,-0.00268170696082955,0.00380841242815043,-0.00405837674471852,-0.00807845326473554,0.027433371750284,-0.000705220096413409,-0.0164398486747352,-5.69156857538048e-05,-0.00807845326473554,-0.00264905850337494
0.043415946338847,-0.0153949409002584,-0.013461696753174,0.0055610121952192,-0.00591889758126605,0.0194082303935298,-0.0153949409002584,0.0547805671830312,-0.00684424870815976,-0.0133606379693441,-0.00766035970199306,0.00195457532672754,-0.013461696753174,-0.00684424870815976,0.00430534025882717,0.00197844492746896,0.00380841242815043,-5.69156857538048e-05,0.0055610121952192,-0.0133606379693441,0.00197844492746896,0.00424517825037512,0.00152457759076045,-0.00415097293387402,-0.00591889758126605,-0.00766035970199306,0.00380841242815043,0.00152457759076045,0.00316101692446113,0.000750535189566688,0.0194082303935298,0.00195457532672754,-5.69156857538048e-05,-0.00415097293387402,0.000750535189566688,0.00615627513920066
-0.0178993009168921,0.0122527273402877,0.012835548564739,-0.00591889758126605,0.0139827155581351,0.00804314253183535,0.0122527273402877,0.035306993522675,-0.0137531812839294,-0.00766035970199306,-0.0120766536639079,0.00402997442481785,0.012835548564739,-0.0137531812839294,-0.00268170696082955,0.00380841242815043,-0.00405837674471852,-0.00807845326473554,-0.00591889758126605,-0.00766035970199306,0.00380841242815043,0.00152457759076045,0.00316101692446113,0.000750535189566688,0.0139827155581351,-0.0120766536639079,-0.00405837674471852,0.00316101692446113,-0.00274074337843857,-0.0063905031460057,0.00804314253183535,0.00402997442481785,-0.00807845326473554,0.000750535189566688,-0.0063905031460057,-0.0140183253521797
-0.272684227284333,0.0455749701209687,0.027433371750284,0.0194082303935298,0.00804314253183535,-0.0295481973257717,0.0455749701209687,-0.0428911293913223,-0.000705220096413409,0.00195457532672754,0.00402997442481785,0.00298565460021251,0.027433371750284,-0.000705220096413409,-0.0164398486747352,-5.69156857538048e-05,-0.00807845326473554,-0.00264905850337494,0.0194082303935298,0.00195457532672754,-5.69156857538048e-05,-0.00415097293387402,0.000750535189566688,0.00615627513920066,0.00804314253183535,0.00402997442481785,-0.00807845326473554,0.000750535189566688,-0.0063905031460057,-0.0140183253521797,-0.0295481973257717,0.00298565460021251,-0.00264905850337494,0.00615627513920066,-0.0140183253521797,-0.0795088412670206
