"Mkt.RF","SMB","HML","RMW","CMA","Mom"
1.19809997030577,-0.151212011798805,-0.142474874427831,-0.115964013858935,-0.186440586823156,-0.158227195944383
-0.151212011798805,0.331949967825726,0.0256331326782592,-0.0650401993426221,0.0125136740577615,0.00937905000110825
-0.142474874427831,0.0256331326782592,0.335930432655413,0.0136946892481726,0.12412622016244,-0.139792082859707
-0.115964013858935,-0.0650401993426221,0.0136946892481726,0.18489259166003,0.0349535795594664,0.0510945730630031
-0.186440586823156,0.0125136740577615,0.12412622016244,0.0349535795594664,0.167568125567108,0.0221880933893429
-0.158227195944383,0.00937905000110825,-0.139792082859707,0.0510945730630031,0.0221880933893429,0.635859055247426
