"V1","V2","V3","V4","V5","V6","V7","V8","V9","V10","V11","V12","V13","V14","V15","V16","V17","V18","V19","V20","V21","V22","V23","V24","V25","V26","V27","V28","V29","V30","V31","V32","V33","V34","V35","V36"
-1.09827141329838e-06,2.0241074611626e-07,8.71254776113554e-08,5.34274326587623e-08,-4.84189191984656e-09,-3.26957110493058e-07,2.0241074611626e-07,-5.42562412927817e-08,6.73974693703193e-09,-1.34973131782704e-08,1.71138449167194e-08,4.96870260402065e-08,8.71254776113554e-08,6.73974693703193e-09,7.36633120992995e-09,-1.54056759044518e-08,1.191665202487e-08,2.95331514791233e-08,5.34274326587623e-08,-1.34973131782704e-08,-1.54056759044518e-08,4.13341376229837e-09,-8.37515173210325e-09,2.07224447936594e-08,-4.84189191984656e-09,1.71138449167194e-08,1.191665202487e-08,-8.37515173210325e-09,1.2236466533585e-08,7.54572970840532e-09,-3.26957110493058e-07,4.96870260402065e-08,2.95331514791233e-08,2.07224447936594e-08,7.54572970840532e-09,-3.80353998118418e-08
2.0241074611626e-07,-5.42562412927817e-08,6.73974693703193e-09,-1.34973131782704e-08,1.71138449167194e-08,4.96870260402065e-08,-5.42562412927817e-08,-2.5649363580257e-07,4.38836212861875e-08,5.93562586135258e-08,3.91853212031924e-08,-4.31498048343451e-08,6.73974693703193e-09,4.38836212861875e-08,-1.99010558019812e-08,-7.78483765090483e-09,-1.59231302170074e-08,4.96977592054521e-10,-1.34973131782704e-08,5.93562586135258e-08,-7.78483765090483e-09,-1.34830238682414e-08,-8.85549394379386e-09,2.13134966579492e-09,1.71138449167194e-08,3.91853212031924e-08,-1.59231302170074e-08,-8.85549394379386e-09,-1.60276273819913e-08,4.90209961702537e-09,4.96870260402065e-08,-4.31498048343451e-08,4.96977592054521e-10,2.13134966579492e-09,4.90209961702537e-09,4.7897126587335e-09
8.71254776113554e-08,6.73974693703193e-09,7.36633120992995e-09,-1.54056759044518e-08,1.191665202487e-08,2.95331514791233e-08,6.73974693703193e-09,4.38836212861875e-08,-1.99010558019812e-08,-7.78483765090483e-09,-1.59231302170074e-08,4.96977592054521e-10,7.36633120992995e-09,-1.99010558019812e-08,1.01013141472387e-11,4.69137884323142e-09,-4.71824387562554e-09,-1.57351682637135e-08,-1.54056759044518e-08,-7.78483765090483e-09,4.69137884323142e-09,1.92709068853774e-09,4.37619655059103e-09,-1.14897002714864e-10,1.191665202487e-08,-1.59231302170074e-08,-4.71824387562554e-09,4.37619655059103e-09,-5.27366181345475e-09,-7.62807312004846e-09,2.95331514791233e-08,4.96977592054521e-10,-1.57351682637135e-08,-1.14897002714864e-10,-7.62807312004846e-09,-4.54935616328321e-09
5.34274326587623e-08,-1.34973131782704e-08,-1.54056759044518e-08,4.13341376229837e-09,-8.37515173210325e-09,2.07224447936594e-08,-1.34973131782704e-08,5.93562586135258e-08,-7.78483765090483e-09,-1.34830238682414e-08,-8.85549394379386e-09,2.13134966579492e-09,-1.54056759044518e-08,-7.78483765090483e-09,4.69137884323142e-09,1.92709068853774e-09,4.37619655059103e-09,-1.14897002714864e-10,4.13341376229837e-09,-1.34830238682414e-08,1.92709068853774e-09,3.55898729636969e-09,1.31467964380314e-09,-4.32868977291318e-09,-8.37515173210325e-09,-8.85549394379386e-09,4.37619655059103e-09,1.31467964380314e-09,4.03422016865459e-09,5.84988971926914e-10,2.07224447936594e-08,2.13134966579492e-09,-1.14897002714864e-10,-4.32868977291318e-09,5.84988971926914e-10,5.53192206358628e-09
-4.84189191984656e-09,1.71138449167194e-08,1.191665202487e-08,-8.37515173210325e-09,1.2236466533585e-08,7.54572970840532e-09,1.71138449167194e-08,3.91853212031924e-08,-1.59231302170074e-08,-8.85549394379386e-09,-1.60276273819913e-08,4.90209961702537e-09,1.191665202487e-08,-1.59231302170074e-08,-4.71824387562554e-09,4.37619655059103e-09,-5.27366181345475e-09,-7.62807312004846e-09,-8.37515173210325e-09,-8.85549394379386e-09,4.37619655059103e-09,1.31467964380314e-09,4.03422016865459e-09,5.84988971926914e-10,1.2236466533585e-08,-1.60276273819913e-08,-5.27366181345475e-09,4.03422016865459e-09,-3.46374505238605e-09,-5.5531914900065e-09,7.54572970840532e-09,4.90209961702537e-09,-7.62807312004846e-09,5.84988971926914e-10,-5.5531914900065e-09,-1.63907723000068e-08
-3.26957110493058e-07,4.96870260402065e-08,2.95331514791233e-08,2.07224447936594e-08,7.54572970840532e-09,-3.80353998118418e-08,4.96870260402065e-08,-4.31498048343451e-08,4.96977592054521e-10,2.13134966579492e-09,4.90209961702537e-09,4.7897126587335e-09,2.95331514791233e-08,4.96977592054521e-10,-1.57351682637135e-08,-1.14897002714864e-10,-7.62807312004846e-09,-4.54935616328321e-09,2.07224447936594e-08,2.13134966579492e-09,-1.14897002714864e-10,-4.32868977291318e-09,5.84988971926914e-10,5.53192206358628e-09,7.54572970840532e-09,4.90209961702537e-09,-7.62807312004846e-09,5.84988971926914e-10,-5.5531914900065e-09,-1.63907723000068e-08,-3.80353998118418e-08,4.7897126587335e-09,-4.54935616328321e-09,5.53192206358628e-09,-1.63907723000068e-08,-8.91985664256561e-08
