"Mkt.RF","SMB","HML","RMW","CMA","MOM"
9.15984216140705e-05,-1.68531931320878e-05,-2.63239434985611e-05,-8.59535866866317e-06,-1.7242214627708e-05,4.70884688148339e-06
-1.68531931320878e-05,3.03354917562947e-05,1.28610481840598e-06,-6.56058109414787e-06,9.70991779575029e-07,3.82790835647213e-06
-2.63239434985611e-05,1.28610481840598e-06,2.19706615861646e-05,4.10658540064301e-06,1.29147779307984e-05,-1.46173277420242e-06
-8.59535866866317e-06,-6.56058109414787e-06,4.10658540064301e-06,1.69489496476061e-05,3.18820265664039e-06,1.50804100933137e-06
-1.7242214627708e-05,9.70991779575029e-07,1.29147779307984e-05,3.18820265664039e-06,1.59184666001696e-05,1.02597113109299e-06
4.70884688148339e-06,3.82790835647213e-06,-1.46173277420242e-06,1.50804100933137e-06,1.02597113109299e-06,3.99671140707858e-05
