"V1","V2","V3","V4","V5","V6","V7","V8","V9","V10","V11","V12","V13","V14","V15","V16","V17","V18","V19","V20","V21","V22","V23","V24","V25","V26","V27","V28","V29","V30","V31","V32","V33","V34","V35","V36"
-0.784278338365321,0.102919590482124,0.0491379902592161,0.0482603134682778,-0.0383252333240007,-0.31675029146464,0.102919590482124,-0.0271133994588421,0.0261660196254729,-0.00354641366413862,0.0345368654548544,0.0538180839973324,0.0491379902592161,0.0261660196254729,0.00411240300724509,-0.0146722104955563,0.0275082154173535,0.0577871470098151,0.0482603134682778,-0.00354641366413862,-0.0146722104955563,0.000349787923465508,0.00226410137006314,0.0463370148423988,-0.0383252333240007,0.0345368654548544,0.0275082154173535,0.00226410137006314,0.0458672841477626,0.0397379340637781,-0.31675029146464,0.0538180839973324,0.0577871470098151,0.0463370148423988,0.0397379340637781,0.00952864359880837
0.102919590482124,-0.0271133994588421,0.0261660196254729,-0.00354641366413862,0.0345368654548544,0.0538180839973324,-0.0271133994588421,-0.248299196077559,0.0395827540840264,0.069025550891567,0.0403128263478167,-0.0655058091904178,0.0261660196254729,0.0395827540840264,-0.0360596217854699,-0.0197016835603729,-0.0316161601406191,0.00761913129025067,-0.00354641366413862,0.069025550891567,-0.0197016835603729,-0.0332022318075288,-0.0223580206184083,0.0207822973207171,0.0345368654548544,0.0403128263478167,-0.0316161601406191,-0.0223580206184083,-0.0322868949792829,0.0109691365854498,0.0538180839973324,-0.0655058091904178,0.00761913129025067,0.0207822973207171,0.0109691365854498,-0.0558462597593986
0.0491379902592161,0.0261660196254729,0.00411240300724509,-0.0146722104955563,0.0275082154173535,0.0577871470098151,0.0261660196254729,0.0395827540840264,-0.0360596217854699,-0.0197016835603729,-0.0316161601406191,0.00761913129025067,0.00411240300724509,-0.0360596217854699,0.012668088945551,0.0192710114098229,-0.006724307118775,-0.0432729375377049,-0.0146722104955563,-0.0197016835603729,0.0192710114098229,0.0139326106273019,0.0068161425875234,-0.0347514658854328,0.0275082154173535,-0.0316161601406191,-0.006724307118775,0.0068161425875234,-0.0218459583239647,-0.0426475833264177,0.0577871470098151,0.00761913129025067,-0.0432729375377049,-0.0347514658854328,-0.0426475833264177,-0.0229142350537606
0.0482603134682778,-0.00354641366413862,-0.0146722104955563,0.000349787923465508,0.00226410137006314,0.0463370148423988,-0.00354641366413862,0.069025550891567,-0.0197016835603729,-0.0332022318075288,-0.0223580206184083,0.0207822973207171,-0.0146722104955563,-0.0197016835603729,0.0192710114098229,0.0139326106273019,0.0068161425875234,-0.0347514658854328,0.000349787923465508,-0.0332022318075288,0.0139326106273019,0.0323684078161812,0.00851272063522328,-0.0332562716032803,0.00226410137006314,-0.0223580206184083,0.0068161425875234,0.00851272063522328,-0.00403147262505947,-0.0333964023539603,0.0463370148423988,0.0207822973207171,-0.0347514658854328,-0.0332562716032803,-0.0333964023539603,0.0244448995980343
-0.0383252333240007,0.0345368654548544,0.0275082154173535,0.00226410137006314,0.0458672841477626,0.0397379340637781,0.0345368654548544,0.0403128263478167,-0.0316161601406191,-0.0223580206184083,-0.0322868949792829,0.0109691365854498,0.0275082154173535,-0.0316161601406191,-0.006724307118775,0.0068161425875234,-0.0218459583239647,-0.0426475833264177,0.00226410137006314,-0.0223580206184083,0.0068161425875234,0.00851272063522328,-0.00403147262505947,-0.0333964023539603,0.0458672841477626,-0.0322868949792829,-0.0218459583239647,-0.00403147262505947,-0.0366214452388441,-0.0521043215621402,0.0397379340637781,0.0109691365854498,-0.0426475833264177,-0.0333964023539603,-0.0521043215621402,-0.055594166684969
-0.31675029146464,0.0538180839973324,0.0577871470098151,0.0463370148423988,0.0397379340637781,0.00952864359880837,0.0538180839973324,-0.0655058091904178,0.00761913129025067,0.0207822973207171,0.0109691365854498,-0.0558462597593986,0.0577871470098151,0.00761913129025067,-0.0432729375377049,-0.0347514658854328,-0.0426475833264177,-0.0229142350537606,0.0463370148423988,0.0207822973207171,-0.0347514658854328,-0.0332562716032803,-0.0333964023539603,0.0244448995980343,0.0397379340637781,0.0109691365854498,-0.0426475833264177,-0.0333964023539603,-0.0521043215621402,-0.055594166684969,0.00952864359880837,-0.0558462597593986,-0.0229142350537606,0.0244448995980343,-0.055594166684969,-0.24880907864285
