"Mkt.RF","SMB","HML","RMW","CMA","MOM"
8.45286697307404e-05,-1.89255495268009e-05,-2.46673759840486e-05,-2.37317847617904e-06,-1.6452150944012e-05,1.03334346169395e-05
-1.89255495268009e-05,2.77307238274624e-05,2.06110249267671e-06,-6.3288831795565e-06,6.60481693275638e-07,1.15295046606327e-06
-2.46673759840486e-05,2.06110249267671e-06,2.03772619762275e-05,1.82039604295895e-06,1.20610869868499e-05,-4.96403378697272e-06
-2.37317847617904e-06,-6.3288831795565e-06,1.82039604295895e-06,1.24365017565331e-05,2.05250839799732e-06,-3.44213057709282e-06
-1.6452150944012e-05,6.60481693275638e-07,1.20610869868499e-05,2.05250839799732e-06,1.358784761919e-05,-2.05307956950188e-06
1.03334346169395e-05,1.15295046606327e-06,-4.96403378697272e-06,-3.44213057709282e-06,-2.05307956950188e-06,2.94711628976684e-05
