"Mkt.RF","SMB","HML","RMW","CMA","MOM"
0.000120475193757727,-4.5152653739364e-07,-4.30478822049482e-06,-1.74030750122928e-05,-1.61308553855948e-05,-1.90911915404215e-05
-4.5152653739364e-07,3.19410739457914e-05,1.79480601064539e-06,-7.32889718454618e-06,9.41232163054508e-07,2.99777116633446e-07
-4.30478822049482e-06,1.79480601064539e-06,3.55671021569955e-05,1.21730654578227e-06,1.21934716781454e-05,-1.70460987181702e-05
-1.74030750122928e-05,-7.32889718454618e-06,1.21730654578227e-06,2.05947277142367e-05,4.19384835656657e-06,5.26113971805698e-06
-1.61308553855948e-05,9.41232163054508e-07,1.21934716781454e-05,4.19384835656657e-06,1.68978380868116e-05,1.42150080999141e-06
-1.90911915404215e-05,2.99777116633446e-07,-1.70460987181702e-05,5.26113971805698e-06,1.42150080999141e-06,7.17026182687636e-05
