"Mkt.RF","SMB","HML","RMW","CMA","Mom"
1.28118964270935,-0.0625805774597176,-0.0628128859756641,-0.167207537417538,-0.162068250808546,-0.166153432657333
-0.0625805774597176,0.348206520898967,0.0179088267463772,-0.0769111541794356,0.00627069306196292,0.00170376140040033
-0.0628128859756641,0.0179088267463772,0.339153405961499,0.0127924294727171,0.116984557779568,-0.163716184872838
-0.167207537417538,-0.0769111541794356,0.0127924294727171,0.198438779972819,0.0420887474180734,0.0538047785751971
-0.162068250808546,0.00627069306196292,0.116984557779568,0.0420887474180734,0.164160296036482,0.0180401265713429
-0.166153432657333,0.00170376140040033,-0.163716184872838,0.0538047785751971,0.0180401265713429,0.693657609009006
