"V1","V2","V3","V4","V5","V6","V7","V8","V9","V10","V11","V12","V13","V14","V15","V16","V17","V18","V19","V20","V21","V22","V23","V24","V25","V26","V27","V28","V29","V30","V31","V32","V33","V34","V35","V36"
-0.201510630464463,-0.169575285731435,-0.114157106861129,0.078330606832525,0.00049086388277449,-0.0759418625744056,-0.169575285731435,0.0662798651793092,0.0477684597252139,-0.000881251229638488,0.0261174774865105,-0.0240996815695703,-0.114157106861129,0.0477684597252139,0.00879613349467604,-0.0169338562055987,0.0122568488171113,-0.0074133740394125,0.078330606832525,-0.000881251229638488,-0.0169338562055987,0.000922698222978453,0.00286955518279086,0.0395468582142556,0.00049086388277449,0.0261174774865105,0.0122568488171113,0.00286955518279086,0.0366714448281404,0.0377142081745508,-0.0759418625744056,-0.0240996815695703,-0.0074133740394125,0.0395468582142556,0.0377142081745508,0.164407969055512
-0.169575285731435,0.0662798651793092,0.0477684597252139,-0.000881251229638488,0.0261174774865105,-0.0240996815695703,0.0662798651793092,-0.031220893026174,0.00738991698486435,0.016600024962902,-0.000209847067555743,-0.0511860853843897,0.0477684597252139,0.00738991698486435,-0.00587855690212895,-0.0173102954166176,-0.019569424527591,-0.0149597913807284,-0.000881251229638488,0.016600024962902,-0.0173102954166176,-0.0224479445496712,-0.0137288088642098,0.0278037477809978,0.0261174774865105,-0.000209847067555743,-0.019569424527591,-0.0137288088642098,-0.0215298269076033,0.00669769607074001,-0.0240996815695703,-0.0511860853843897,-0.0149597913807284,0.0278037477809978,0.00669769607074001,-0.0116792301744405
-0.114157106861129,0.0477684597252139,0.00879613349467604,-0.0169338562055987,0.0122568488171113,-0.0074133740394125,0.0477684597252139,0.00738991698486435,-0.00587855690212895,-0.0173102954166176,-0.019569424527591,-0.0149597913807284,0.00879613349467604,-0.00587855690212895,0.0869251648152974,-0.00164066612215783,-0.00694315157521644,-0.158187901081808,-0.0169338562055987,-0.0173102954166176,-0.00164066612215783,0.0258394898005327,0.00814715439031445,-0.00962793744082287,0.0122568488171113,-0.019569424527591,-0.00694315157521644,0.00814715439031445,-0.0137362406925889,-0.0381924896284607,-0.0074133740394125,-0.0149597913807284,-0.158187901081808,-0.00962793744082287,-0.0381924896284607,0.151211869221276
0.078330606832525,-0.000881251229638488,-0.0169338562055987,0.000922698222978453,0.00286955518279086,0.0395468582142556,-0.000881251229638488,0.016600024962902,-0.0173102954166176,-0.0224479445496712,-0.0137288088642098,0.0278037477809978,-0.0169338562055987,-0.0173102954166176,-0.00164066612215783,0.0258394898005327,0.00814715439031445,-0.00962793744082287,0.000922698222978453,-0.0224479445496712,0.0258394898005327,0.0248271084429834,0.00746227831470864,-0.0455603668513567,0.00286955518279086,-0.0137288088642098,0.00814715439031445,0.00746227831470864,-0.00434805456570938,-0.0346070985036562,0.0395468582142556,0.0278037477809978,-0.00962793744082287,-0.0455603668513567,-0.0346070985036562,-0.00910501771567683
0.00049086388277449,0.0261174774865105,0.0122568488171113,0.00286955518279086,0.0366714448281404,0.0377142081745508,0.0261174774865105,-0.000209847067555743,-0.019569424527591,-0.0137288088642098,-0.0215298269076033,0.00669769607074001,0.0122568488171113,-0.019569424527591,-0.00694315157521644,0.00814715439031445,-0.0137362406925889,-0.0381924896284607,0.00286955518279086,-0.0137288088642098,0.00814715439031445,0.00746227831470864,-0.00434805456570938,-0.0346070985036562,0.0366714448281404,-0.0215298269076033,-0.0137362406925889,-0.00434805456570938,-0.032307568424257,-0.0578310668133145,0.0377142081745508,0.00669769607074001,-0.0381924896284607,-0.0346070985036562,-0.0578310668133145,-0.0544173877108087
-0.0759418625744056,-0.0240996815695703,-0.0074133740394125,0.0395468582142556,0.0377142081745508,0.164407969055512,-0.0240996815695703,-0.0511860853843897,-0.0149597913807284,0.0278037477809978,0.00669769607074001,-0.0116792301744405,-0.0074133740394125,-0.0149597913807284,-0.158187901081808,-0.00962793744082287,-0.0381924896284607,0.151211869221276,0.0395468582142556,0.0278037477809978,-0.00962793744082287,-0.0455603668513567,-0.0346070985036562,-0.00910501771567683,0.0377142081745508,0.00669769607074001,-0.0381924896284607,-0.0346070985036562,-0.0578310668133145,-0.0544173877108087,0.164407969055512,-0.0116792301744405,0.151211869221276,-0.00910501771567683,-0.0544173877108087,-0.529172665406132
