"Mkt.RF","SMB","HML","RMW","CMA","MOM"
9.4152014613014e-05,-1.64276459540894e-05,-2.59459270088541e-05,-8.53966936711284e-06,-1.72840754787051e-05,4.53096912302069e-06
-1.64276459540894e-05,3.0667756897731e-05,1.36710513291669e-06,-6.54339660532682e-06,1.02013482815869e-06,3.41242504589485e-06
-2.59459270088541e-05,1.36710513291669e-06,2.22525504237134e-05,4.1826872799695e-06,1.30332024389701e-05,-2.02619124015108e-06
-8.53966936711284e-06,-6.54339660532682e-06,4.1826872799695e-06,1.70501732263371e-05,3.242422907049e-06,1.53707023669082e-06
-1.72840754787051e-05,1.02013482815869e-06,1.30332024389701e-05,3.242422907049e-06,1.60734606375626e-05,8.63987710944338e-07
4.53096912302069e-06,3.41242504589485e-06,-2.02619124015108e-06,1.53707023669082e-06,8.63987710944338e-07,4.15091810073455e-05
