"Mkt.RF","SMB","HML","RMW","CMA","Mom"
0.887606310257389,-0.201069717773935,-0.269447584534916,-0.042969909351797,-0.192441747502021,0.0478579203009983
-0.201069717773935,0.285508465858706,0.0228245100181806,-0.0628629504481273,0.0119659012522922,0.0174410423278013
-0.269447584534916,0.0228245100181806,0.223207914951709,0.0302962826958953,0.135584753334929,-0.0204346262591992
-0.042969909351797,-0.0628629504481273,0.0302962826958953,0.141833830993521,0.0371513351529644,-0.00753520805943314
-0.192441747502021,0.0119659012522922,0.135584753334929,0.0371513351529644,0.155605040381463,0.0143681670053386
0.0478579203009983,0.0174410423278013,-0.0204346262591992,-0.00753520805943314,0.0143681670053386,0.354595947846086
