"Mkt.RF","SMB","HML","RMW","CMA","Mom"
0.717259653914065,-0.151897222209133,-0.184031417362729,0.0353143980356502,-0.112703901612867,0.040582905957398
-0.151897222209133,0.224553837613376,0.0194528191191457,-0.0385913397098957,0.000653729816031567,-0.00668200458031814
-0.184031417362729,0.0194528191191457,0.15201522106702,-0.0350851836813338,0.083723519560161,-0.0113641700843652
0.0353143980356502,-0.0385913397098957,-0.0350851836813338,0.0578803611285203,-0.0231089122093473,0.00526630415588301
-0.112703901612867,0.000653729816031567,0.083723519560161,-0.0231089122093473,0.0942477911344211,0.00332014047076888
0.040582905957398,-0.00668200458031814,-0.0113641700843652,0.00526630415588301,0.00332014047076888,0.212509532854323
