"V1","V2","V3","V4","V5","V6","V7","V8","V9","V10","V11","V12","V13","V14","V15","V16","V17","V18","V19","V20","V21","V22","V23","V24","V25","V26","V27","V28","V29","V30","V31","V32","V33","V34","V35","V36"
-4.20056087144235e-07,-1.62816610712327e-07,-1.36171621047331e-07,8.91963897039359e-08,1.20040988761728e-08,-5.453372183089e-08,-1.62816610712327e-07,6.37880113089264e-08,4.61276461210475e-08,-4.61992051243181e-10,2.59313248159565e-08,-2.55393610961854e-08,-1.36171621047331e-07,4.61276461210475e-08,-8.57867731954295e-09,-1.2901941401017e-08,1.49536595268522e-08,1.24817265710457e-09,8.91963897039359e-08,-4.61992051243181e-10,-1.2901941401017e-08,1.65389387900994e-09,3.38184779331968e-09,4.24979521351728e-08,1.20040988761728e-08,2.59313248159565e-08,1.49536595268522e-08,3.38184779331968e-09,3.80612701314032e-08,4.07800254174821e-08,-5.453372183089e-08,-2.55393610961854e-08,1.24817265710457e-09,4.24979521351728e-08,4.07800254174821e-08,1.82840925595981e-07
-1.62816610712327e-07,6.37880113089264e-08,4.61276461210475e-08,-4.61992051243181e-10,2.59313248159565e-08,-2.55393610961854e-08,6.37880113089264e-08,-3.97030665553047e-08,6.34847937786016e-09,1.76932564841327e-08,-1.54770876250316e-10,-5.43940043992943e-08,4.61276461210475e-08,6.34847937786016e-09,-7.62653895142936e-09,-1.69583153877347e-08,-1.9965535824043e-08,-1.49632784295818e-08,-4.61992051243181e-10,1.76932564841327e-08,-1.69583153877347e-08,-2.17171825043789e-08,-1.38254175089799e-08,2.83638508929354e-08,2.59313248159565e-08,-1.54770876250316e-10,-1.9965535824043e-08,-1.38254175089799e-08,-2.22650579281517e-08,6.36783192829916e-09,-2.55393610961854e-08,-5.43940043992943e-08,-1.49632784295818e-08,2.83638508929354e-08,6.36783192829916e-09,-1.39005821498561e-08
-1.36171621047331e-07,4.61276461210475e-08,-8.57867731954295e-09,-1.2901941401017e-08,1.49536595268522e-08,1.24817265710457e-09,4.61276461210475e-08,6.34847937786016e-09,-7.62653895142936e-09,-1.69583153877347e-08,-1.9965535824043e-08,-1.49632784295818e-08,-8.57867731954295e-09,-7.62653895142936e-09,6.58530826370461e-08,-2.21255484091446e-09,-1.02822936550608e-08,-1.57363419070008e-07,-1.2901941401017e-08,-1.69583153877347e-08,-2.21255484091446e-09,2.271774754628e-08,5.54065589126476e-09,-1.03292477031603e-08,1.49536595268522e-08,-1.9965535824043e-08,-1.02822936550608e-08,5.54065589126476e-09,-1.81978325795028e-08,-4.16453505303191e-08,1.24817265710457e-09,-1.49632784295818e-08,-1.57363419070008e-07,-1.03292477031603e-08,-4.16453505303191e-08,1.64640974141056e-07
8.91963897039359e-08,-4.61992051243181e-10,-1.2901941401017e-08,1.65389387900994e-09,3.38184779331968e-09,4.24979521351728e-08,-4.61992051243181e-10,1.76932564841327e-08,-1.69583153877347e-08,-2.17171825043789e-08,-1.38254175089799e-08,2.83638508929354e-08,-1.2901941401017e-08,-1.69583153877347e-08,-2.21255484091446e-09,2.271774754628e-08,5.54065589126476e-09,-1.03292477031603e-08,1.65389387900994e-09,-2.17171825043789e-08,2.271774754628e-08,1.85918899546135e-08,4.76685759944206e-09,-4.79512703262257e-08,3.38184779331968e-09,-1.38254175089799e-08,5.54065589126476e-09,4.76685759944206e-09,-7.2758923120798e-09,-3.70986049456083e-08,4.24979521351728e-08,2.83638508929354e-08,-1.03292477031603e-08,-4.79512703262257e-08,-3.70986049456083e-08,-1.85371827081257e-08
1.20040988761728e-08,2.59313248159565e-08,1.49536595268522e-08,3.38184779331968e-09,3.80612701314032e-08,4.07800254174821e-08,2.59313248159565e-08,-1.54770876250316e-10,-1.9965535824043e-08,-1.38254175089799e-08,-2.22650579281517e-08,6.36783192829916e-09,1.49536595268522e-08,-1.9965535824043e-08,-1.02822936550608e-08,5.54065589126476e-09,-1.81978325795028e-08,-4.16453505303191e-08,3.38184779331968e-09,-1.38254175089799e-08,5.54065589126476e-09,4.76685759944206e-09,-7.2758923120798e-09,-3.70986049456083e-08,3.80612701314032e-08,-2.22650579281517e-08,-1.81978325795028e-08,-7.2758923120798e-09,-3.81312176716552e-08,-6.36956073749561e-08,4.07800254174821e-08,6.36783192829916e-09,-4.16453505303191e-08,-3.70986049456083e-08,-6.36956073749561e-08,-6.5034245837596e-08
-5.453372183089e-08,-2.55393610961854e-08,1.24817265710457e-09,4.24979521351728e-08,4.07800254174821e-08,1.82840925595981e-07,-2.55393610961854e-08,-5.43940043992943e-08,-1.49632784295818e-08,2.83638508929354e-08,6.36783192829916e-09,-1.39005821498561e-08,1.24817265710457e-09,-1.49632784295818e-08,-1.57363419070008e-07,-1.03292477031603e-08,-4.16453505303191e-08,1.64640974141056e-07,4.24979521351728e-08,2.83638508929354e-08,-1.03292477031603e-08,-4.79512703262257e-08,-3.70986049456083e-08,-1.85371827081257e-08,4.07800254174821e-08,6.36783192829916e-09,-4.16453505303191e-08,-3.70986049456083e-08,-6.36956073749561e-08,-6.5034245837596e-08,1.82840925595981e-07,-1.39005821498561e-08,1.64640974141056e-07,-1.85371827081257e-08,-6.5034245837596e-08,-6.33698201941868e-07
