"V1","V2","V3","V4","V5","V6","V7","V8","V9","V10","V11","V12","V13","V14","V15","V16","V17","V18","V19","V20","V21","V22","V23","V24","V25","V26","V27","V28","V29","V30","V31","V32","V33","V34","V35","V36"
-1.29916458573195e-06,1.1543146389492e-07,-5.60732449166294e-08,9.68853619183964e-08,-3.55351803753236e-09,-3.19578823564305e-07,1.1543146389492e-07,-1.2044819162004e-09,3.73227794355379e-08,-1.45335780835551e-08,3.22771515337327e-08,5.03227664081647e-08,-5.60732449166294e-08,3.73227794355379e-08,-8.18898405743579e-09,-1.4970359197533e-08,2.11243566245502e-08,2.54678095048074e-08,9.68853619183964e-08,-1.45335780835551e-08,-1.4970359197533e-08,7.36482599571043e-09,5.3359176212517e-09,5.35214358196093e-08,-3.55351803753236e-09,3.22771515337327e-08,2.11243566245502e-08,5.3359176212517e-09,4.49066212833974e-08,4.17520289102145e-08,-3.19578823564305e-07,5.03227664081647e-08,2.54678095048074e-08,5.35214358196093e-08,4.17520289102145e-08,1.25821694784287e-07
1.1543146389492e-07,-1.2044819162004e-09,3.73227794355379e-08,-1.45335780835551e-08,3.22771515337327e-08,5.03227664081647e-08,-1.2044819162004e-09,-2.52116168567716e-07,5.37151248494975e-08,6.5150339302832e-08,4.06828107360144e-08,-6.74741714795864e-08,3.73227794355379e-08,5.37151248494975e-08,-2.17810551083367e-08,-2.36233254822989e-08,-3.25483745083617e-08,-1.39163785301723e-08,-1.45335780835551e-08,6.5150339302832e-08,-2.36233254822989e-08,-2.99316540808359e-08,-2.13702261666451e-08,2.08737431161459e-08,3.22771515337327e-08,4.06828107360144e-08,-3.25483745083617e-08,-2.13702261666451e-08,-3.33321892948944e-08,9.14987061342714e-09,5.03227664081647e-08,-6.74741714795864e-08,-1.39163785301723e-08,2.08737431161459e-08,9.14987061342714e-09,-1.22261930226674e-09
-5.60732449166294e-08,3.73227794355379e-08,-8.18898405743579e-09,-1.4970359197533e-08,2.11243566245502e-08,2.54678095048074e-08,3.73227794355379e-08,5.37151248494975e-08,-2.17810551083367e-08,-2.36233254822989e-08,-3.25483745083617e-08,-1.39163785301723e-08,-8.18898405743579e-09,-2.17810551083367e-08,5.84765021487005e-08,-2.71975089195391e-09,-1.52701818164486e-08,-1.51097182255922e-07,-1.4970359197533e-08,-2.36233254822989e-08,-2.71975089195391e-09,2.02728835504412e-08,6.20793043186186e-09,-1.17473304818579e-08,2.11243566245502e-08,-3.25483745083617e-08,-1.52701818164486e-08,6.20793043186186e-09,-2.26636905072638e-08,-3.80968482975101e-08,2.54678095048074e-08,-1.39163785301723e-08,-1.51097182255922e-07,-1.17473304818579e-08,-3.80968482975101e-08,1.51857073951884e-07
9.68853619183964e-08,-1.45335780835551e-08,-1.4970359197533e-08,7.36482599571043e-09,5.3359176212517e-09,5.35214358196093e-08,-1.45335780835551e-08,6.5150339302832e-08,-2.36233254822989e-08,-2.99316540808359e-08,-2.13702261666451e-08,2.08737431161459e-08,-1.4970359197533e-08,-2.36233254822989e-08,-2.71975089195391e-09,2.02728835504412e-08,6.20793043186186e-09,-1.17473304818579e-08,7.36482599571043e-09,-2.99316540808359e-08,2.02728835504412e-08,1.90118932499268e-08,3.60027874316645e-09,-4.56543942541225e-08,5.3359176212517e-09,-2.13702261666451e-08,6.20793043186186e-09,3.60027874316645e-09,-6.1041315502313e-09,-3.78054494670029e-08,5.35214358196093e-08,2.08737431161459e-08,-1.17473304818579e-08,-4.56543942541225e-08,-3.78054494670029e-08,-2.01312207676085e-08
-3.55351803753236e-09,3.22771515337327e-08,2.11243566245502e-08,5.3359176212517e-09,4.49066212833974e-08,4.17520289102145e-08,3.22771515337327e-08,4.06828107360144e-08,-3.25483745083617e-08,-2.13702261666451e-08,-3.33321892948944e-08,9.14987061342714e-09,2.11243566245502e-08,-3.25483745083617e-08,-1.52701818164486e-08,6.20793043186186e-09,-2.26636905072638e-08,-3.80968482975101e-08,5.3359176212517e-09,-2.13702261666451e-08,6.20793043186186e-09,3.60027874316645e-09,-6.1041315502313e-09,-3.78054494670029e-08,4.49066212833974e-08,-3.33321892948944e-08,-2.26636905072638e-08,-6.1041315502313e-09,-4.21224351216674e-08,-6.31925679432906e-08,4.17520289102145e-08,9.14987061342714e-09,-3.80968482975101e-08,-3.78054494670029e-08,-6.31925679432906e-08,-7.932942839429e-08
-3.19578823564305e-07,5.03227664081647e-08,2.54678095048074e-08,5.35214358196093e-08,4.17520289102145e-08,1.25821694784287e-07,5.03227664081647e-08,-6.74741714795864e-08,-1.39163785301723e-08,2.08737431161459e-08,9.14987061342714e-09,-1.22261930226674e-09,2.54678095048074e-08,-1.39163785301723e-08,-1.51097182255922e-07,-1.17473304818579e-08,-3.80968482975101e-08,1.51857073951884e-07,5.35214358196093e-08,2.08737431161459e-08,-1.17473304818579e-08,-4.56543942541225e-08,-3.78054494670029e-08,-2.01312207676085e-08,4.17520289102145e-08,9.14987061342714e-09,-3.80968482975101e-08,-3.78054494670029e-08,-6.31925679432906e-08,-7.932942839429e-08,1.25821694784287e-07,-1.22261930226674e-09,1.51857073951884e-07,-2.01312207676085e-08,-7.932942839429e-08,-6.52144994000959e-07
