"Mkt.RF","SMB","HML","RMW","CMA","MOM"
9.45145921318742e-05,-1.63405413205029e-05,-2.59232579896409e-05,-8.51053622941975e-06,-1.73112140059844e-05,4.37871101334357e-06
-1.63405413205029e-05,3.07035187318189e-05,1.35281365005561e-06,-6.53290721990525e-06,1.01151558275655e-06,3.37265428942714e-06
-2.59232579896409e-05,1.35281365005561e-06,2.22722759553256e-05,4.17707025956346e-06,1.30430492638475e-05,-2.08188672638642e-06
-8.51053622941975e-06,-6.53290721990525e-06,4.17707025956346e-06,1.70961651408697e-05,3.24180975782112e-06,1.5380165276172e-06
-1.73112140059844e-05,1.01151558275655e-06,1.30430492638475e-05,3.24180975782112e-06,1.60878070768251e-05,8.38413323436935e-07
4.37871101334357e-06,3.37265428942714e-06,-2.08188672638642e-06,1.5380165276172e-06,8.38413323436935e-07,4.17356093499499e-05
