"V1","V2","V3","V4","V5","V6","V7","V8","V9","V10","V11","V12","V13","V14","V15","V16","V17","V18","V19","V20","V21","V22","V23","V24","V25","V26","V27","V28","V29","V30","V31","V32","V33","V34","V35","V36"
-1.39088009396724e-06,1.23896315430724e-07,-6.78676319562784e-08,1.19606493362149e-07,-2.73567945136287e-09,-3.04815988425069e-07,1.23896315430724e-07,-8.6768148628914e-09,2.70905903683828e-08,-1.2340420821321e-08,2.74373850504177e-08,3.91475092426269e-08,-6.78676319562784e-08,2.70905903683828e-08,-1.11840341791783e-08,-1.52463315432677e-08,1.8335202389594e-08,1.57585227247419e-08,1.19606493362149e-07,-1.2340420821321e-08,-1.52463315432677e-08,1.90749895893606e-09,4.15231274580289e-09,5.22604292607001e-08,-2.73567945136287e-09,2.74373850504177e-08,1.8335202389594e-08,4.15231274580289e-09,4.13596461396299e-08,3.5751047976147e-08,-3.04815988425069e-07,3.91475092426269e-08,1.57585227247419e-08,5.22604292607001e-08,3.5751047976147e-08,1.23833476666919e-07
1.23896315430724e-07,-8.6768148628914e-09,2.70905903683828e-08,-1.2340420821321e-08,2.74373850504177e-08,3.91475092426269e-08,-8.6768148628914e-09,-2.36077892124155e-07,5.84869969613508e-08,6.38937317469912e-08,4.24589836516671e-08,-6.89080775723838e-08,2.70905903683828e-08,5.84869969613508e-08,-1.81173329756635e-08,-2.58125595426268e-08,-3.01457992644592e-08,-1.6419594742485e-08,-1.2340420821321e-08,6.38937317469912e-08,-2.58125595426268e-08,-2.98807635694088e-08,-2.25982413336437e-08,2.50476396931599e-08,2.74373850504177e-08,4.24589836516671e-08,-3.01457992644592e-08,-2.25982413336437e-08,-3.12238106526708e-08,8.44136830929655e-09,3.91475092426269e-08,-6.89080775723838e-08,-1.6419594742485e-08,2.50476396931599e-08,8.44136830929655e-09,3.35781614253898e-10
-6.78676319562784e-08,2.70905903683828e-08,-1.11840341791783e-08,-1.52463315432677e-08,1.8335202389594e-08,1.57585227247419e-08,2.70905903683828e-08,5.84869969613508e-08,-1.81173329756635e-08,-2.58125595426268e-08,-3.01457992644592e-08,-1.6419594742485e-08,-1.11840341791783e-08,-1.81173329756635e-08,6.62579653897126e-08,1.57323691083503e-10,-1.02160857371668e-08,-1.54922447275795e-07,-1.52463315432677e-08,-2.58125595426268e-08,1.57323691083503e-10,2.43735670450619e-08,7.39221904301979e-09,-1.08333303368673e-08,1.8335202389594e-08,-3.01457992644592e-08,-1.02160857371668e-08,7.39221904301979e-09,-1.75301575853685e-08,-3.90356600987656e-08,1.57585227247419e-08,-1.6419594742485e-08,-1.54922447275795e-07,-1.08333303368673e-08,-3.90356600987656e-08,1.64425328016206e-07
1.19606493362149e-07,-1.2340420821321e-08,-1.52463315432677e-08,1.90749895893606e-09,4.15231274580289e-09,5.22604292607001e-08,-1.2340420821321e-08,6.38937317469912e-08,-2.58125595426268e-08,-2.98807635694088e-08,-2.25982413336437e-08,2.50476396931599e-08,-1.52463315432677e-08,-2.58125595426268e-08,1.57323691083503e-10,2.43735670450619e-08,7.39221904301979e-09,-1.08333303368673e-08,1.90749895893606e-09,-2.98807635694088e-08,2.43735670450619e-08,2.01934199044799e-08,6.30485552543144e-09,-4.74663873310381e-08,4.15231274580289e-09,-2.25982413336437e-08,7.39221904301979e-09,6.30485552543144e-09,-5.63343293873925e-09,-3.68075248767482e-08,5.22604292607001e-08,2.50476396931599e-08,-1.08333303368673e-08,-4.74663873310381e-08,-3.68075248767482e-08,-1.64541365299305e-08
-2.73567945136287e-09,2.74373850504177e-08,1.8335202389594e-08,4.15231274580289e-09,4.13596461396299e-08,3.5751047976147e-08,2.74373850504177e-08,4.24589836516671e-08,-3.01457992644592e-08,-2.25982413336437e-08,-3.12238106526708e-08,8.44136830929655e-09,1.8335202389594e-08,-3.01457992644592e-08,-1.02160857371668e-08,7.39221904301979e-09,-1.75301575853685e-08,-3.90356600987656e-08,4.15231274580289e-09,-2.25982413336437e-08,7.39221904301979e-09,6.30485552543144e-09,-5.63343293873925e-09,-3.68075248767482e-08,4.13596461396299e-08,-3.12238106526708e-08,-1.75301575853685e-08,-5.63343293873925e-09,-3.72223126120854e-08,-6.20742645690985e-08,3.5751047976147e-08,8.44136830929655e-09,-3.90356600987656e-08,-3.68075248767482e-08,-6.20742645690985e-08,-6.87425398851107e-08
-3.04815988425069e-07,3.91475092426269e-08,1.57585227247419e-08,5.22604292607001e-08,3.5751047976147e-08,1.23833476666919e-07,3.91475092426269e-08,-6.89080775723838e-08,-1.6419594742485e-08,2.50476396931599e-08,8.44136830929655e-09,3.35781614253898e-10,1.57585227247419e-08,-1.6419594742485e-08,-1.54922447275795e-07,-1.08333303368673e-08,-3.90356600987656e-08,1.64425328016206e-07,5.22604292607001e-08,2.50476396931599e-08,-1.08333303368673e-08,-4.74663873310381e-08,-3.68075248767482e-08,-1.64541365299305e-08,3.5751047976147e-08,8.44136830929655e-09,-3.90356600987656e-08,-3.68075248767482e-08,-6.20742645690985e-08,-6.87425398851107e-08,1.23833476666919e-07,3.35781614253898e-10,1.64425328016206e-07,-1.64541365299305e-08,-6.87425398851107e-08,-6.43095434245008e-07
