"V1","V2","V3","V4","V5","V6","V7","V8","V9","V10","V11","V12","V13","V14","V15","V16","V17","V18","V19","V20","V21","V22","V23","V24","V25","V26","V27","V28","V29","V30","V31","V32","V33","V34","V35","V36"
-1.1484058717356e-06,1.72824663051537e-07,8.76007032078581e-08,6.38389094362324e-08,-2.46501962504929e-08,-3.61058085604732e-07,1.72824663051537e-07,-3.70612444003649e-08,2.07148280479042e-08,-7.55854294742818e-09,3.16987759503453e-08,5.30232734639583e-08,8.76007032078581e-08,2.07148280479042e-08,2.22936604783721e-09,-1.71469264328858e-08,2.60691991981821e-08,5.83266163958535e-08,6.38389094362324e-08,-7.55854294742818e-09,-1.71469264328858e-08,-1.0017746095204e-09,2.45816190660856e-09,4.42425923168419e-08,-2.46501962504929e-08,3.16987759503453e-08,2.60691991981821e-08,2.45816190660856e-09,4.34345126704171e-08,4.14279202991741e-08,-3.61058085604732e-07,5.30232734639583e-08,5.83266163958535e-08,4.42425923168419e-08,4.14279202991741e-08,-1.53800438427345e-08
1.72824663051537e-07,-3.70612444003649e-08,2.07148280479042e-08,-7.55854294742818e-09,3.16987759503453e-08,5.30232734639583e-08,-3.70612444003649e-08,-2.87574486379608e-07,4.50831599689054e-08,7.42712908408722e-08,4.5016981928911e-08,-6.62808319503063e-08,2.07148280479042e-08,4.50831599689054e-08,-3.4628613740629e-08,-1.91626060086201e-08,-3.08400163424861e-08,8.8506355687652e-09,-7.55854294742818e-09,7.42712908408722e-08,-1.91626060086201e-08,-3.05295046598518e-08,-2.2618301005543e-08,2.51508899510213e-08,3.16987759503453e-08,4.5016981928911e-08,-3.08400163424861e-08,-2.2618301005543e-08,-3.13852266847462e-08,1.23823796965208e-08,5.30232734639583e-08,-6.62808319503063e-08,8.8506355687652e-09,2.51508899510213e-08,1.23823796965208e-08,-5.48216998644056e-08
8.76007032078581e-08,2.07148280479042e-08,2.22936604783721e-09,-1.71469264328858e-08,2.60691991981821e-08,5.83266163958535e-08,2.07148280479042e-08,4.50831599689054e-08,-3.4628613740629e-08,-1.91626060086201e-08,-3.08400163424861e-08,8.8506355687652e-09,2.22936604783721e-09,-3.4628613740629e-08,9.25865723487137e-09,1.4929325986014e-08,-9.0650973789127e-09,-4.72911706735054e-08,-1.71469264328858e-08,-1.91626060086201e-08,1.4929325986014e-08,1.49366690693144e-08,4.31017396221148e-09,-3.06094426987707e-08,2.60691991981821e-08,-3.08400163424861e-08,-9.0650973789127e-09,4.31017396221148e-09,-2.4320145420167e-08,-4.56748999486517e-08,5.83266163958535e-08,8.8506355687652e-09,-4.72911706735054e-08,-3.06094426987707e-08,-4.56748999486517e-08,-1.83639621598128e-08
6.38389094362324e-08,-7.55854294742818e-09,-1.71469264328858e-08,-1.0017746095204e-09,2.45816190660856e-09,4.42425923168419e-08,-7.55854294742818e-09,7.42712908408722e-08,-1.91626060086201e-08,-3.05295046598518e-08,-2.2618301005543e-08,2.51508899510213e-08,-1.71469264328858e-08,-1.91626060086201e-08,1.4929325986014e-08,1.49366690693144e-08,4.31017396221148e-09,-3.06094426987707e-08,-1.0017746095204e-09,-3.05295046598518e-08,1.49366690693144e-08,2.18608981193997e-08,7.72289750095648e-09,-3.62952603483107e-08,2.45816190660856e-09,-2.2618301005543e-08,4.31017396221148e-09,7.72289750095648e-09,-6.43736673704705e-09,-3.32251971833865e-08,4.42425923168419e-08,2.51508899510213e-08,-3.06094426987707e-08,-3.62952603483107e-08,-3.32251971833865e-08,2.88391934373365e-08
-2.46501962504929e-08,3.16987759503453e-08,2.60691991981821e-08,2.45816190660856e-09,4.34345126704171e-08,4.14279202991741e-08,3.16987759503453e-08,4.5016981928911e-08,-3.08400163424861e-08,-2.2618301005543e-08,-3.13852266847462e-08,1.23823796965208e-08,2.60691991981821e-08,-3.08400163424861e-08,-9.0650973789127e-09,4.31017396221148e-09,-2.4320145420167e-08,-4.56748999486517e-08,2.45816190660856e-09,-2.2618301005543e-08,4.31017396221148e-09,7.72289750095648e-09,-6.43736673704705e-09,-3.32251971833865e-08,4.34345126704171e-08,-3.13852266847462e-08,-2.4320145420167e-08,-6.43736673704705e-09,-3.9271676168731e-08,-5.49498559313193e-08,4.14279202991741e-08,1.23823796965208e-08,-4.56748999486517e-08,-3.32251971833865e-08,-5.49498559313193e-08,-5.7583602266212e-08
-3.61058085604732e-07,5.30232734639583e-08,5.83266163958535e-08,4.42425923168419e-08,4.14279202991741e-08,-1.53800438427345e-08,5.30232734639583e-08,-6.62808319503063e-08,8.8506355687652e-09,2.51508899510213e-08,1.23823796965208e-08,-5.48216998644056e-08,5.83266163958535e-08,8.8506355687652e-09,-4.72911706735054e-08,-3.06094426987707e-08,-4.56748999486517e-08,-1.83639621598128e-08,4.42425923168419e-08,2.51508899510213e-08,-3.06094426987707e-08,-3.62952603483107e-08,-3.32251971833865e-08,2.88391934373365e-08,4.14279202991741e-08,1.23823796965208e-08,-4.56748999486517e-08,-3.32251971833865e-08,-5.49498559313193e-08,-5.7583602266212e-08,-1.53800438427345e-08,-5.48216998644056e-08,-1.83639621598128e-08,2.88391934373365e-08,-5.7583602266212e-08,-2.63472915501834e-07
