"V1","V2","V3","V4","V5","V6","V7","V8","V9","V10","V11","V12","V13","V14","V15","V16","V17","V18","V19","V20","V21","V22","V23","V24","V25","V26","V27","V28","V29","V30","V31","V32","V33","V34","V35","V36"
-0.210236389438767,-0.167412910464986,-0.115251801479729,0.0781478859686873,-0.000245159984658884,-0.0827466746926882,-0.167412910464986,0.0616760256947351,0.0492391371356347,-0.000237138798281041,0.0283815529637934,-0.0246811085673459,-0.115251801479729,0.0492391371356347,0.00883392506964722,-0.0175720770102717,0.0117994394068461,-0.00679660684064398,0.0781478859686873,-0.000237138798281041,-0.0175720770102717,0.000857332394781182,0.00269326425055387,0.0401797040962119,-0.000245159984658884,0.0283815529637934,0.0117994394068461,0.00269326425055387,0.0358255703429939,0.0379872623973413,-0.0827466746926882,-0.0246811085673459,-0.00679660684064398,0.0401797040962119,0.0379872623973413,0.163817822190017
-0.167412910464986,0.0616760256947351,0.0492391371356347,-0.000237138798281041,0.0283815529637934,-0.0246811085673459,0.0616760256947351,-0.0296606716031443,0.00849568714849739,0.0163986593708722,0.000790009935703426,-0.050294261135772,0.0492391371356347,0.00849568714849739,-0.00661315839255143,-0.0179571413811848,-0.0198811117168681,-0.0134379203099985,-0.000237138798281041,0.0163986593708722,-0.0179571413811848,-0.022361028048378,-0.0140977547820283,0.0283825996777171,0.0283815529637934,0.000790009935703426,-0.0198811117168681,-0.0140977547820283,-0.0219890182486114,0.0069942017510355,-0.0246811085673459,-0.050294261135772,-0.0134379203099985,0.0283825996777171,0.0069942017510355,-0.0125212207454483
-0.115251801479729,0.0492391371356347,0.00883392506964722,-0.0175720770102717,0.0117994394068461,-0.00679660684064398,0.0492391371356347,0.00849568714849739,-0.00661315839255143,-0.0179571413811848,-0.0198811117168681,-0.0134379203099985,0.00883392506964722,-0.00661315839255143,0.0908644491134309,-0.00103080602170138,-0.00485900825093424,-0.160877059093426,-0.0175720770102717,-0.0179571413811848,-0.00103080602170138,0.0265044176081035,0.00839287672083057,-0.010346275622016,0.0117994394068461,-0.0198811117168681,-0.00485900825093424,0.00839287672083057,-0.0120052904555211,-0.0394939497963158,-0.00679660684064398,-0.0134379203099985,-0.160877059093426,-0.010346275622016,-0.0394939497963158,0.154590091027258
0.0781478859686873,-0.000237138798281041,-0.0175720770102717,0.000857332394781182,0.00269326425055387,0.0401797040962119,-0.000237138798281041,0.0163986593708722,-0.0179571413811848,-0.022361028048378,-0.0140977547820283,0.0283825996777171,-0.0175720770102717,-0.0179571413811848,-0.00103080602170138,0.0265044176081035,0.00839287672083057,-0.010346275622016,0.000857332394781182,-0.022361028048378,0.0265044176081035,0.0249174766273493,0.00780748169772585,-0.0459312966698883,0.00269326425055387,-0.0140977547820283,0.00839287672083057,0.00780748169772585,-0.00429865944401195,-0.0345291810792035,0.0401797040962119,0.0283825996777171,-0.010346275622016,-0.0459312966698883,-0.0345291810792035,-0.00786563959415543
-0.000245159984658884,0.0283815529637934,0.0117994394068461,0.00269326425055387,0.0358255703429939,0.0379872623973413,0.0283815529637934,0.000790009935703426,-0.0198811117168681,-0.0140977547820283,-0.0219890182486114,0.0069942017510355,0.0117994394068461,-0.0198811117168681,-0.00485900825093424,0.00839287672083057,-0.0120052904555211,-0.0394939497963158,0.00269326425055387,-0.0140977547820283,0.00839287672083057,0.00780748169772585,-0.00429865944401195,-0.0345291810792035,0.0358255703429939,-0.0219890182486114,-0.0120052904555211,-0.00429865944401195,-0.0307838762760356,-0.0585205972706134,0.0379872623973413,0.0069942017510355,-0.0394939497963158,-0.0345291810792035,-0.0585205972706134,-0.0530934446101166
-0.0827466746926882,-0.0246811085673459,-0.00679660684064398,0.0401797040962119,0.0379872623973413,0.163817822190017,-0.0246811085673459,-0.050294261135772,-0.0134379203099985,0.0283825996777171,0.0069942017510355,-0.0125212207454483,-0.00679660684064398,-0.0134379203099985,-0.160877059093426,-0.010346275622016,-0.0394939497963158,0.154590091027258,0.0401797040962119,0.0283825996777171,-0.010346275622016,-0.0459312966698883,-0.0345291810792035,-0.00786563959415543,0.0379872623973413,0.0069942017510355,-0.0394939497963158,-0.0345291810792035,-0.0585205972706134,-0.0530934446101166,0.163817822190017,-0.0125212207454483,0.154590091027258,-0.00786563959415543,-0.0530934446101166,-0.533114882349837
