"V1","V2","V3","V4","V5","V6","V7","V8","V9","V10","V11","V12","V13","V14","V15","V16","V17","V18","V19","V20","V21","V22","V23","V24","V25","V26","V27","V28","V29","V30","V31","V32","V33","V34","V35","V36"
-1.29490628856474e-06,1.18360600047365e-07,-6.18106566884057e-08,9.73597771478539e-08,-5.48069225220016e-09,-3.13875434319714e-07,1.18360600047365e-07,-1.34074282861829e-10,3.21888218853432e-08,-1.39466210692508e-08,3.03537065373053e-08,5.24687653138057e-08,-6.18106566884057e-08,3.21888218853432e-08,-8.24410016256241e-09,-1.29679352695866e-08,2.02356146934261e-08,2.22651943203755e-08,9.73597771478539e-08,-1.39466210692508e-08,-1.29679352695866e-08,5.52537214869839e-09,6.60411585713667e-09,5.21827185904905e-08,-5.48069225220016e-09,3.03537065373053e-08,2.02356146934261e-08,6.60411585713667e-09,4.48087970497084e-08,4.21429712770744e-08,-3.13875434319714e-07,5.24687653138057e-08,2.22651943203755e-08,5.21827185904905e-08,4.21429712770744e-08,1.29662769813252e-07
1.18360600047365e-07,-1.34074282861829e-10,3.21888218853432e-08,-1.39466210692508e-08,3.03537065373053e-08,5.24687653138057e-08,-1.34074282861829e-10,-2.50523554282094e-07,5.33468899331366e-08,6.45350979173295e-08,4.0388398219996e-08,-6.65919899376498e-08,3.21888218853432e-08,5.33468899331366e-08,-2.0284522137956e-08,-2.40479643049155e-08,-3.19581689358498e-08,-1.6720110228804e-08,-1.39466210692508e-08,6.45350979173295e-08,-2.40479643049155e-08,-2.94881560915755e-08,-2.14312641196251e-08,2.15575652114737e-08,3.03537065373053e-08,4.0388398219996e-08,-3.19581689358498e-08,-2.14312641196251e-08,-3.27171349326828e-08,8.07215098087958e-09,5.24687653138057e-08,-6.65919899376498e-08,-1.6720110228804e-08,2.15575652114737e-08,8.07215098087958e-09,2.64333413341344e-09
-6.18106566884057e-08,3.21888218853432e-08,-8.24410016256241e-09,-1.29679352695866e-08,2.02356146934261e-08,2.22651943203755e-08,3.21888218853432e-08,5.33468899331366e-08,-2.0284522137956e-08,-2.40479643049155e-08,-3.19581689358498e-08,-1.6720110228804e-08,-8.24410016256241e-09,-2.0284522137956e-08,5.83688734227907e-08,-3.38244589484941e-09,-1.53400399929008e-08,-1.50149793210261e-07,-1.29679352695866e-08,-2.40479643049155e-08,-3.38244589484941e-09,2.11123130786954e-08,5.84468511832373e-09,-1.1128161143057e-08,2.02356146934261e-08,-3.19581689358498e-08,-1.53400399929008e-08,5.84468511832373e-09,-2.23405402800124e-08,-3.82315553046721e-08,2.22651943203755e-08,-1.6720110228804e-08,-1.50149793210261e-07,-1.1128161143057e-08,-3.82315553046721e-08,1.51421601237153e-07
9.73597771478539e-08,-1.39466210692508e-08,-1.29679352695866e-08,5.52537214869839e-09,6.60411585713667e-09,5.21827185904905e-08,-1.39466210692508e-08,6.45350979173295e-08,-2.40479643049155e-08,-2.94881560915755e-08,-2.14312641196251e-08,2.15575652114737e-08,-1.29679352695866e-08,-2.40479643049155e-08,-3.38244589484941e-09,2.11123130786954e-08,5.84468511832373e-09,-1.1128161143057e-08,5.52537214869839e-09,-2.94881560915755e-08,2.11123130786954e-08,1.89814818415743e-08,3.79724454459205e-09,-4.61361921784235e-08,6.60411585713667e-09,-2.14312641196251e-08,5.84468511832373e-09,3.79724454459205e-09,-6.52389936517488e-09,-3.72148655879561e-08,5.21827185904905e-08,2.15575652114737e-08,-1.1128161143057e-08,-4.61361921784235e-08,-3.72148655879561e-08,-2.05122620873388e-08
-5.48069225220016e-09,3.03537065373053e-08,2.02356146934261e-08,6.60411585713667e-09,4.48087970497084e-08,4.21429712770744e-08,3.03537065373053e-08,4.0388398219996e-08,-3.19581689358498e-08,-2.14312641196251e-08,-3.27171349326828e-08,8.07215098087958e-09,2.02356146934261e-08,-3.19581689358498e-08,-1.53400399929008e-08,5.84468511832373e-09,-2.23405402800124e-08,-3.82315553046721e-08,6.60411585713667e-09,-2.14312641196251e-08,5.84468511832373e-09,3.79724454459205e-09,-6.52389936517488e-09,-3.72148655879561e-08,4.48087970497084e-08,-3.27171349326828e-08,-2.23405402800124e-08,-6.52389936517488e-09,-4.20159228645436e-08,-6.35940124034717e-08,4.21429712770744e-08,8.07215098087958e-09,-3.82315553046721e-08,-3.72148655879561e-08,-6.35940124034717e-08,-7.94671066317957e-08
-3.13875434319714e-07,5.24687653138057e-08,2.22651943203755e-08,5.21827185904905e-08,4.21429712770744e-08,1.29662769813252e-07,5.24687653138057e-08,-6.65919899376498e-08,-1.6720110228804e-08,2.15575652114737e-08,8.07215098087958e-09,2.64333413341344e-09,2.22651943203755e-08,-1.6720110228804e-08,-1.50149793210261e-07,-1.1128161143057e-08,-3.82315553046721e-08,1.51421601237153e-07,5.21827185904905e-08,2.15575652114737e-08,-1.1128161143057e-08,-4.61361921784235e-08,-3.72148655879561e-08,-2.05122620873388e-08,4.21429712770744e-08,8.07215098087958e-09,-3.82315553046721e-08,-3.72148655879561e-08,-6.35940124034717e-08,-7.94671066317957e-08,1.29662769813252e-07,2.64333413341344e-09,1.51421601237153e-07,-2.05122620873388e-08,-7.94671066317957e-08,-6.48233297474588e-07
