"Mkt.RF","SMB","HML","RMW","CMA","Mom"
0.691020174524712,-0.133013553364528,-0.174367294570271,0.034774768443835,-0.110500106333053,0.0378051132993457
-0.133013553364528,0.215984946600479,0.0163307501204681,-0.0342484953277928,-0.00137087254502086,0.00212694852273221
-0.174367294570271,0.0163307501204681,0.147310378504548,-0.0368707951766688,0.0819438021597167,-0.0134942907322209
0.034774768443835,-0.0342484953277928,-0.0368707951766688,0.0591378037702629,-0.0265009883497189,0.00673308237399544
-0.110500106333053,-0.00137087254502086,0.0819438021597167,-0.0265009883497189,0.0946535912301673,-0.00132657807266063
0.0378051132993457,0.00212694852273221,-0.0134942907322209,0.00673308237399544,-0.00132657807266063,0.218701341526734
