"Mkt.RF","SMB","HML","RMW","CMA","Mom"
3.05192180491631e-05,-1.15582366050689e-05,-6.6924856191753e-06,7.12528492703757e-06,-6.78391390201559e-06,4.32992274576897e-06
-1.15582366050689e-05,1.59339378959506e-05,-4.4233634550611e-07,-4.01907358701174e-06,8.80205175111429e-07,6.60048143029902e-07
-6.6924856191753e-06,-4.4233634550611e-07,1.67133227364865e-05,-7.65793637485213e-06,9.19163822476153e-06,8.60250613164644e-06
7.12528492703757e-06,-4.01907358701174e-06,-7.65793637485213e-06,9.60400067994312e-06,-6.65844332331234e-06,-1.65353057713574e-06
-6.78391390201559e-06,8.80205175111429e-07,9.19163822476153e-06,-6.65844332331234e-06,9.14180456714726e-06,2.38653202857861e-06
4.32992274576897e-06,6.60048143029902e-07,8.60250613164644e-06,-1.65353057713574e-06,2.38653202857861e-06,1.65122705090763e-05
