"Mkt.RF","SMB","HML","RMW","CMA","Mom"
6.94090961203574e-05,-1.23971256049913e-05,-1.6364115015691e-05,3.86562095811974e-06,-1.0760885737655e-05,5.10046389074078e-06
-1.23971256049913e-05,2.11422504614181e-05,1.99173901926136e-06,-3.19347511460378e-06,-1.85597840330191e-08,8.119094962107e-07
-1.6364115015691e-05,1.99173901926136e-06,1.41507885988575e-05,-4.0706523870673e-06,7.70074616263783e-06,-9.09120367989111e-07
3.86562095811974e-06,-3.19347511460378e-06,-4.0706523870673e-06,5.95553943693281e-06,-2.96259509048703e-06,9.85956232758947e-07
-1.0760885737655e-05,-1.85597840330191e-08,7.70074616263783e-06,-2.96259509048703e-06,9.21327152515644e-06,-3.46930048365708e-07
5.10046389074078e-06,8.119094962107e-07,-9.09120367989111e-07,9.85956232758947e-07,-3.46930048365708e-07,2.33850153480249e-05
