"V1","V2","V3","V4","V5","V6","V7","V8","V9","V10","V11","V12","V13","V14","V15","V16","V17","V18","V19","V20","V21","V22","V23","V24","V25","V26","V27","V28","V29","V30","V31","V32","V33","V34","V35","V36"
-1.01535631092234e-06,2.0024503834641e-07,7.33311504236605e-08,3.98692627539252e-08,-1.75970583520278e-08,-3.27378817266627e-07,2.0024503834641e-07,-5.83471994872004e-08,1.58378291218107e-09,-1.52899692950056e-08,1.25548154175792e-08,4.51359952273225e-08,7.33311504236605e-08,1.58378291218107e-09,9.86662640610223e-09,-1.12436659172658e-08,1.40961116418598e-08,3.12856497852976e-08,3.98692627539252e-08,-1.52899692950056e-08,-1.12436659172658e-08,6.08930651078006e-09,-4.91498534652122e-09,1.78493483188386e-08,-1.75970583520278e-08,1.25548154175792e-08,1.40961116418598e-08,-4.91498534652122e-09,1.4340930218327e-08,1.0008732454857e-08,-3.27378817266627e-07,4.51359952273225e-08,3.12856497852976e-08,1.78493483188386e-08,1.0008732454857e-08,-4.46708061332076e-08
2.0024503834641e-07,-5.83471994872004e-08,1.58378291218107e-09,-1.52899692950056e-08,1.25548154175792e-08,4.51359952273225e-08,-5.83471994872004e-08,-2.62584724646232e-07,4.55604266155496e-08,5.95779867218089e-08,4.12097397339679e-08,-4.68004356212396e-08,1.58378291218107e-09,4.55604266155496e-08,-1.69229081687907e-08,-6.22749955344573e-09,-1.36501348065899e-08,-2.40011465323798e-09,-1.52899692950056e-08,5.95779867218089e-08,-6.22749955344573e-09,-1.36736902877879e-08,-7.53336158360473e-09,2.12609272968243e-09,1.25548154175792e-08,4.12097397339679e-08,-1.36501348065899e-08,-7.53336158360473e-09,-1.23991084973057e-08,5.10055853503657e-09,4.51359952273225e-08,-4.68004356212396e-08,-2.40011465323798e-09,2.12609272968243e-09,5.10055853503657e-09,-2.21596008172314e-09
7.33311504236605e-08,1.58378291218107e-09,9.86662640610223e-09,-1.12436659172658e-08,1.40961116418598e-08,3.12856497852976e-08,1.58378291218107e-09,4.55604266155496e-08,-1.69229081687907e-08,-6.22749955344573e-09,-1.36501348065899e-08,-2.40011465323798e-09,9.86662640610223e-09,-1.69229081687907e-08,1.95038066853359e-09,2.93984334772916e-09,-4.34532038408066e-09,-1.60909061038749e-08,-1.12436659172658e-08,-6.22749955344573e-09,2.93984334772916e-09,1.03496209036589e-09,3.03240828220362e-09,4.32514997874633e-10,1.40961116418598e-08,-1.36501348065899e-08,-4.34532038408066e-09,3.03240828220362e-09,-5.06842253422194e-09,-8.66988184747309e-09,3.12856497852976e-08,-2.40011465323798e-09,-1.60909061038749e-08,4.32514997874633e-10,-8.66988184747309e-09,-5.43376259706404e-10
3.98692627539252e-08,-1.52899692950056e-08,-1.12436659172658e-08,6.08930651078006e-09,-4.91498534652122e-09,1.78493483188386e-08,-1.52899692950056e-08,5.95779867218089e-08,-6.22749955344573e-09,-1.36736902877879e-08,-7.53336158360473e-09,2.12609272968243e-09,-1.12436659172658e-08,-6.22749955344573e-09,2.93984334772916e-09,1.03496209036589e-09,3.03240828220362e-09,4.32514997874633e-10,6.08930651078006e-09,-1.36736902877879e-08,1.03496209036589e-09,3.85622056153961e-09,1.1810327491956e-09,-4.31649673729278e-09,-4.91498534652122e-09,-7.53336158360473e-09,3.03240828220362e-09,1.1810327491956e-09,2.64130912009614e-09,1.4720675118865e-09,1.78493483188386e-08,2.12609272968243e-09,4.32514997874633e-10,-4.31649673729278e-09,1.4720675118865e-09,5.49424209709742e-09
-1.75970583520278e-08,1.25548154175792e-08,1.40961116418598e-08,-4.91498534652122e-09,1.4340930218327e-08,1.0008732454857e-08,1.25548154175792e-08,4.12097397339679e-08,-1.36501348065899e-08,-7.53336158360473e-09,-1.23991084973057e-08,5.10055853503657e-09,1.40961116418598e-08,-1.36501348065899e-08,-4.34532038408066e-09,3.03240828220362e-09,-5.06842253422194e-09,-8.66988184747309e-09,-4.91498534652122e-09,-7.53336158360473e-09,3.03240828220362e-09,1.1810327491956e-09,2.64130912009614e-09,1.4720675118865e-09,1.4340930218327e-08,-1.23991084973057e-08,-5.06842253422194e-09,2.64130912009614e-09,-2.99882885159237e-09,-7.50889745050554e-09,1.0008732454857e-08,5.10055853503657e-09,-8.66988184747309e-09,1.4720675118865e-09,-7.50889745050554e-09,-1.22694939463643e-08
-3.27378817266627e-07,4.51359952273225e-08,3.12856497852976e-08,1.78493483188386e-08,1.0008732454857e-08,-4.46708061332076e-08,4.51359952273225e-08,-4.68004356212396e-08,-2.40011465323798e-09,2.12609272968243e-09,5.10055853503657e-09,-2.21596008172314e-09,3.12856497852976e-08,-2.40011465323798e-09,-1.60909061038749e-08,4.32514997874633e-10,-8.66988184747309e-09,-5.43376259706404e-10,1.78493483188386e-08,2.12609272968243e-09,4.32514997874633e-10,-4.31649673729278e-09,1.4720675118865e-09,5.49424209709742e-09,1.0008732454857e-08,5.10055853503657e-09,-8.66988184747309e-09,1.4720675118865e-09,-7.50889745050554e-09,-1.22694939463643e-08,-4.46708061332076e-08,-2.21596008172314e-09,-5.43376259706404e-10,5.49424209709742e-09,-1.22694939463643e-08,-8.88572288735323e-08
