"M2sh.Mkt.RF","M2sh.SMB","M2sh.HML","M2sh.RMW","M2sh.CMA","M2sh.MOM"
0.000118720940899069,-2.72568371142586e-06,-4.2919731406055e-06,-1.67488236140344e-05,-1.54562534381664e-05,-1.94533236189607e-05
-2.72568371142586e-06,3.22899703720146e-05,2.10251119300007e-06,-7.31785538634707e-06,1.02521398420263e-06,8.30519339801327e-07
-4.2919731406055e-06,2.10251119300007e-06,3.42295157596966e-05,1.01569643626683e-06,1.16279081026631e-05,-1.57201055658175e-05
-1.67488236140344e-05,-7.31785538634707e-06,1.01569643626683e-06,2.01877791956064e-05,4.01564144462345e-06,5.4573484343545e-06
-1.54562534381664e-05,1.02521398420263e-06,1.16279081026631e-05,4.01564144462345e-06,1.66307802281492e-05,1.89504546085118e-06
-1.94533236189607e-05,8.30519339801327e-07,-1.57201055658175e-05,5.4573484343545e-06,1.89504546085118e-06,6.94191511781617e-05
