"M2sh.Mkt.RF","M2sh.SMB","M2sh.HML","M2sh.RMW","M2sh.CMA","M2sh.MOM"
0.00013140669925904,9.99518419876653e-07,-1.42586572505429e-06,-1.70205761855723e-05,-1.60705841884254e-05,-1.9784099010639e-05
9.99518419876653e-07,3.34763335146409e-05,2.93380741140581e-06,-7.21820812889164e-06,7.03281247545644e-07,-7.34346065086277e-07
-1.42586572505429e-06,2.93380741140581e-06,3.84746268839777e-05,1.5722425935372e-06,1.22495502898968e-05,-1.88494894650533e-05
-1.70205761855723e-05,-7.21820812889164e-06,1.5722425935372e-06,2.11334535892953e-05,4.31343053720169e-06,4.73000836312268e-06
-1.60705841884254e-05,7.03281247545644e-07,1.22495502898968e-05,4.31343053720169e-06,1.73158552861274e-05,1.27863894295363e-06
-1.9784099010639e-05,-7.34346065086277e-07,-1.88494894650533e-05,4.73000836312268e-06,1.27863894295363e-06,7.47091277861887e-05
