"M2sh.Mkt.RF","M2sh.SMB","M2sh.HML","M2sh.RMW","M2sh.CMA","M2sh.MOM"
0.000125730304861596,-7.87288924174009e-06,-7.28706516625662e-06,-1.60851900187561e-05,-1.60764619957739e-05,-1.54767220694148e-05
-7.87288924174009e-06,3.44432447052856e-05,2.21217372219853e-06,-7.23265101782754e-06,8.23061776977006e-07,1.23628035471545e-06
-7.28706516625662e-06,2.21217372219853e-06,3.30852136068063e-05,1.1868970130871e-06,1.1480118663872e-05,-1.44305433614359e-05
-1.60851900187561e-05,-7.23265101782754e-06,1.1868970130871e-06,1.95727337168533e-05,3.92670376069739e-06,5.17575626282489e-06
-1.60764619957739e-05,8.23061776977006e-07,1.1480118663872e-05,3.92670376069739e-06,1.66381699300769e-05,2.3815746933974e-06
-1.54767220694148e-05,1.23628035471545e-06,-1.44305433614359e-05,5.17575626282489e-06,2.3815746933974e-06,6.51405335707849e-05
