"M2sh.Mkt.RF","M2sh.SMB","M2sh.HML","M2sh.RMW","M2sh.CMA","M2sh.MOM"
0.000128397218250279,-7.00104651782716e-06,-6.66796898206816e-06,-1.633923046837e-05,-1.60246752136686e-05,-1.51711632678139e-05
-7.00104651782716e-06,3.51317146187253e-05,1.80429598499999e-06,-7.53112561331918e-06,5.99525908224303e-07,7.71299698662817e-07
-6.66796898206816e-06,1.80429598499999e-06,3.36115986252996e-05,1.27714874248382e-06,1.15321192922888e-05,-1.59583841622345e-05
-1.633923046837e-05,-7.53112561331918e-06,1.27714874248382e-06,1.98631943965899e-05,4.07154847875799e-06,5.01851193779444e-06
-1.60246752136686e-05,5.99525908224303e-07,1.15321192922888e-05,4.07154847875799e-06,1.6632655970958e-05,1.69051081851205e-06
-1.51711632678139e-05,7.71299698662817e-07,-1.59583841622345e-05,5.01851193779444e-06,1.69051081851205e-06,6.77944754247265e-05
