"M2sh.Mkt.RF","M2sh.SMB","M2sh.HML","M2sh.RMW","M2sh.CMA","M2sh.MOM"
0.000132578724988568,1.86964539879072e-06,-9.49736513555763e-08,-1.69473524193519e-05,-1.58752406906246e-05,-2.17298738291544e-05
1.86964539879072e-06,3.44046883131569e-05,4.3785924269192e-06,-6.96349038966617e-06,9.0739526054494e-07,-2.71907083447716e-06
-9.49736513555763e-08,4.3785924269192e-06,4.21345594461238e-05,2.49544072381516e-06,1.2720229306783e-05,-2.34644083622685e-05
-1.69473524193519e-05,-6.96349038966617e-06,2.49544072381516e-06,2.14550852574224e-05,4.58212030726863e-06,3.65927815629876e-06
-1.58752406906246e-05,9.0739526054494e-07,1.2720229306783e-05,4.58212030726863e-06,1.73987780736418e-05,6.76618250255044e-07
-2.17298738291544e-05,-2.71907083447716e-06,-2.34644083622685e-05,3.65927815629876e-06,6.76618250255044e-07,8.13041994698409e-05
