"M2sh.Mkt.RF","M2sh.SMB","M2sh.HML","M2sh.RMW","M2sh.CMA","M2sh.MOM"
9.10104400897232e-05,-1.73424848589763e-05,-2.60801829098237e-05,-8.49688678981262e-06,-1.69662877848375e-05,4.6241566985259e-06
-1.73424848589763e-05,3.01089481070817e-05,1.44221637139741e-06,-6.5205770655465e-06,1.06601875652835e-06,3.8134074160826e-06
-2.60801829098237e-05,1.44221637139741e-06,2.20584525421137e-05,4.02120314890956e-06,1.28310145499651e-05,-1.41970419261545e-06
-8.49688678981262e-06,-6.5205770655465e-06,4.02120314890956e-06,1.70627439388158e-05,3.17002645943874e-06,1.43500832476361e-06
-1.69662877848375e-05,1.06601875652835e-06,1.28310145499651e-05,3.17002645943874e-06,1.60211602932675e-05,1.07666280012921e-06
4.6241566985259e-06,3.8134074160826e-06,-1.41970419261545e-06,1.43500832476361e-06,1.07666280012921e-06,3.98592705801913e-05
