"M2sh.Mkt.RF","M2sh.SMB","M2sh.HML","M2sh.RMW","M2sh.CMA","M2sh.MOM"
0.000128664320793384,-6.94676929680738e-06,-6.66654659932045e-06,-1.64553841810391e-05,-1.60942117078605e-05,-1.54067752891062e-05
-6.94676929680738e-06,3.51425915429087e-05,1.77198656590781e-06,-7.53502700991426e-06,5.75225309131896e-07,7.54183277949652e-07
-6.66654659932045e-06,1.77198656590781e-06,3.37337712593075e-05,1.31686871669714e-06,1.15890810268884e-05,-1.60383640861747e-05
-1.64553841810391e-05,-7.53502700991426e-06,1.31686871669714e-06,1.99344450418226e-05,4.13123296799567e-06,5.04972382582331e-06
-1.60942117078605e-05,5.75225309131896e-07,1.15890810268884e-05,4.13123296799567e-06,1.66797182340984e-05,1.71016549988808e-06
-1.54067752891062e-05,7.54183277949652e-07,-1.60383640861747e-05,5.04972382582331e-06,1.71016549988808e-06,6.82939337200513e-05
