"M3sh.1","M3sh.2","M3sh.3","M3sh.4","M3sh.5","M3sh.6","M3sh.7","M3sh.8","M3sh.9","M3sh.10","M3sh.11","M3sh.12","M3sh.13","M3sh.14","M3sh.15","M3sh.16","M3sh.17","M3sh.18","M3sh.19","M3sh.20","M3sh.21","M3sh.22","M3sh.23","M3sh.24","M3sh.25","M3sh.26","M3sh.27","M3sh.28","M3sh.29","M3sh.30","M3sh.31","M3sh.32","M3sh.33","M3sh.34","M3sh.35","M3sh.36"
-3.03130440450379e-07,1.74070956067791e-08,6.71901841022587e-09,3.97352901571904e-09,-1.1980215982217e-09,-2.72321639297352e-08,1.74070956067791e-08,-4.61858960363489e-09,3.29327932402339e-10,-1.30664100132706e-09,1.01881308360546e-09,4.24667591054934e-09,6.71901841022587e-09,3.29327932402339e-10,5.46922177249843e-10,-1.12142795402049e-09,1.08197215466391e-09,2.55317918604898e-09,3.97352901571904e-09,-1.30664100132706e-09,-1.12142795402049e-09,4.36354999631107e-10,-4.84195697634248e-10,1.68891658942095e-09,-1.1980215982217e-09,1.01881308360546e-09,1.08197215466391e-09,-4.84195697634248e-10,1.19475781714573e-09,7.20964549232355e-10,-2.72321639297352e-08,4.24667591054934e-09,2.55317918604898e-09,1.68891658942095e-09,7.20964549232355e-10,-3.46475287661845e-09
1.74070956067791e-08,-4.61858960363489e-09,3.29327932402339e-10,-1.30664100132706e-09,1.01881308360546e-09,4.24667591054934e-09,-4.61858960363489e-09,-2.35901859347796e-07,3.73099059145336e-09,4.96350663674744e-09,3.3164408727024e-09,-3.56979891476324e-09,3.29327932402339e-10,3.73099059145336e-09,-1.5578661546631e-09,-6.01943247429269e-10,-1.17774037684783e-09,-2.86574151605531e-11,-1.30664100132706e-09,4.96350663674744e-09,-6.01943247429269e-10,-1.1355688910333e-09,-6.80168944426668e-10,1.71215554971952e-10,1.01881308360546e-09,3.3164408727024e-09,-1.17774037684783e-09,-6.80168944426668e-10,-1.04387474426154e-09,3.57277766139896e-10,4.24667591054934e-09,-3.56979891476324e-09,-2.86574151605531e-11,1.71215554971952e-10,3.57277766139896e-10,2.56560909960133e-10
6.71901841022587e-09,3.29327932402339e-10,5.46922177249843e-10,-1.12142795402049e-09,1.08197215466391e-09,2.55317918604898e-09,3.29327932402339e-10,3.73099059145336e-09,-1.5578661546631e-09,-6.01943247429269e-10,-1.17774037684783e-09,-2.86574151605531e-11,5.46922177249843e-10,-1.5578661546631e-09,-2.14433705427441e-07,3.64239611526614e-10,-3.35466915253554e-10,-1.40113945670823e-09,-1.12142795402049e-09,-6.01943247429269e-10,3.64239611526614e-10,1.64318067403867e-10,3.17210451442604e-10,5.39349207041578e-12,1.08197215466391e-09,-1.17774037684783e-09,-3.35466915253554e-10,3.17210451442604e-10,-4.32426698039082e-10,-7.10199151461894e-10,2.55317918604898e-09,-2.86574151605531e-11,-1.40113945670823e-09,5.39349207041578e-12,-7.10199151461894e-10,-1.91770464482334e-10
3.97352901571904e-09,-1.30664100132706e-09,-1.12142795402049e-09,4.36354999631107e-10,-4.84195697634248e-10,1.68891658942095e-09,-1.30664100132706e-09,4.96350663674744e-09,-6.01943247429269e-10,-1.1355688910333e-09,-6.80168944426668e-10,1.71215554971952e-10,-1.12142795402049e-09,-6.01943247429269e-10,3.64239611526614e-10,1.64318067403867e-10,3.17210451442604e-10,5.39349207041578e-12,4.36354999631107e-10,-1.1355688910333e-09,1.64318067403867e-10,-2.14240925157845e-07,1.21441887149475e-10,-3.44831721804905e-10,-4.84195697634248e-10,-6.80168944426668e-10,3.17210451442604e-10,1.21441887149475e-10,2.7842485122987e-10,6.6573492594999e-11,1.68891658942095e-09,1.71215554971952e-10,5.39349207041578e-12,-3.44831721804905e-10,6.6573492594999e-11,5.10583287303863e-10
-1.1980215982217e-09,1.01881308360546e-09,1.08197215466391e-09,-4.84195697634248e-10,1.19475781714573e-09,7.20964549232355e-10,1.01881308360546e-09,3.3164408727024e-09,-1.17774037684783e-09,-6.80168944426668e-10,-1.04387474426154e-09,3.57277766139896e-10,1.08197215466391e-09,-1.17774037684783e-09,-3.35466915253554e-10,3.17210451442604e-10,-4.32426698039082e-10,-7.10199151461894e-10,-4.84195697634248e-10,-6.80168944426668e-10,3.17210451442604e-10,1.21441887149475e-10,2.7842485122987e-10,6.6573492594999e-11,1.19475781714573e-09,-1.04387474426154e-09,-4.32426698039082e-10,2.7842485122987e-10,-2.14910899328094e-07,-5.49928413242108e-10,7.20964549232355e-10,3.57277766139896e-10,-7.10199151461894e-10,6.6573492594999e-11,-5.49928413242108e-10,-1.19436492925409e-09
-2.72321639297352e-08,4.24667591054934e-09,2.55317918604898e-09,1.68891658942095e-09,7.20964549232355e-10,-3.46475287661845e-09,4.24667591054934e-09,-3.56979891476324e-09,-2.86574151605531e-11,1.71215554971952e-10,3.57277766139896e-10,2.56560909960133e-10,2.55317918604898e-09,-2.86574151605531e-11,-1.40113945670823e-09,5.39349207041578e-12,-7.10199151461894e-10,-1.91770464482334e-10,1.68891658942095e-09,1.71215554971952e-10,5.39349207041578e-12,-3.44831721804905e-10,6.6573492594999e-11,5.10583287303863e-10,7.20964549232355e-10,3.57277766139896e-10,-7.10199151461894e-10,6.6573492594999e-11,-5.49928413242108e-10,-1.19436492925409e-09,-3.46475287661845e-09,2.56560909960133e-10,-1.91770464482334e-10,5.10583287303863e-10,-1.19436492925409e-09,-2.21782583016109e-07
