"M3sh.1","M3sh.2","M3sh.3","M3sh.4","M3sh.5","M3sh.6","M3sh.7","M3sh.8","M3sh.9","M3sh.10","M3sh.11","M3sh.12","M3sh.13","M3sh.14","M3sh.15","M3sh.16","M3sh.17","M3sh.18","M3sh.19","M3sh.20","M3sh.21","M3sh.22","M3sh.23","M3sh.24","M3sh.25","M3sh.26","M3sh.27","M3sh.28","M3sh.29","M3sh.30","M3sh.31","M3sh.32","M3sh.33","M3sh.34","M3sh.35","M3sh.36"
-4.23193966907333e-07,2.84636496373662e-08,1.22398015363079e-08,9.67750458222262e-09,-4.53909092316798e-09,-5.93343727688843e-08,2.84636496373662e-08,-7.09146421093423e-09,2.91563056841727e-09,-1.78253924234845e-10,5.18740946680696e-09,8.46941161975558e-09,1.22398015363079e-08,2.91563056841727e-09,-3.12786613306617e-10,-1.89236750761243e-09,4.06819328336746e-09,1.05908459955384e-08,9.67750458222262e-09,-1.78253924234845e-10,-1.89236750761243e-09,-1.56831533394418e-10,5.94391511890836e-10,8.03849675476466e-09,-4.53909092316798e-09,5.18740946680696e-09,4.06819328336746e-09,5.94391511890836e-10,7.29593256056963e-09,6.74533234051579e-09,-5.93343727688843e-08,8.46941161975558e-09,1.05908459955384e-08,8.03849675476466e-09,6.74533234051579e-09,-2.65755508183175e-09
2.84636496373662e-08,-7.09146421093423e-09,2.91563056841727e-09,-1.78253924234845e-10,5.18740946680696e-09,8.46941161975558e-09,-7.09146421093423e-09,-2.85765120100171e-07,7.58597038444729e-09,1.21151443405762e-08,7.54339061793807e-09,-1.08322174591163e-08,2.91563056841727e-09,7.58597038444729e-09,-6.14768783941144e-09,-3.18342482064066e-09,-5.43941405885199e-09,1.84572855150643e-09,-1.78253924234845e-10,1.21151443405762e-08,-3.18342482064066e-09,-5.61799308268287e-09,-3.54322068418436e-09,3.35749729399244e-09,5.18740946680696e-09,7.54339061793807e-09,-5.43941405885199e-09,-3.54322068418436e-09,-5.66929749819754e-09,1.91157044304347e-09,8.46941161975558e-09,-1.08322174591163e-08,1.84572855150643e-09,3.35749729399244e-09,1.91157044304347e-09,-1.0736002362347e-08
1.22398015363079e-08,2.91563056841727e-09,-3.12786613306617e-10,-1.89236750761243e-09,4.06819328336746e-09,1.05908459955384e-08,2.91563056841727e-09,7.58597038444729e-09,-6.14768783941144e-09,-3.18342482064066e-09,-5.43941405885199e-09,1.84572855150643e-09,-3.12786613306617e-10,-6.14768783941144e-09,-2.37178058127933e-07,2.79723786926374e-09,-1.77776429399826e-09,-7.15608264285037e-09,-1.89236750761243e-09,-3.18342482064066e-09,2.79723786926374e-09,1.62406876253054e-09,8.15041190050386e-10,-6.40714102781173e-09,4.06819328336746e-09,-5.43941405885199e-09,-1.77776429399826e-09,8.15041190050386e-10,-4.21149303387041e-09,-7.39390162978797e-09,1.05908459955384e-08,1.84572855150643e-09,-7.15608264285037e-09,-6.40714102781173e-09,-7.39390162978797e-09,-4.74887631717876e-09
9.67750458222262e-09,-1.78253924234845e-10,-1.89236750761243e-09,-1.56831533394418e-10,5.94391511890836e-10,8.03849675476466e-09,-1.78253924234845e-10,1.21151443405762e-08,-3.18342482064066e-09,-5.61799308268287e-09,-3.54322068418436e-09,3.35749729399244e-09,-1.89236750761243e-09,-3.18342482064066e-09,2.79723786926374e-09,1.62406876253054e-09,8.15041190050386e-10,-6.40714102781173e-09,-1.56831533394418e-10,-5.61799308268287e-09,1.62406876253054e-09,-2.33873649480106e-07,7.58433616451529e-10,-5.67706415647266e-09,5.94391511890836e-10,-3.54322068418436e-09,8.15041190050386e-10,7.58433616451529e-10,-9.12375835849758e-10,-5.83599091999258e-09,8.03849675476466e-09,3.35749729399244e-09,-6.40714102781173e-09,-5.67706415647266e-09,-5.83599091999258e-09,3.65173234685220e-09
-4.53909092316798e-09,5.18740946680696e-09,4.06819328336746e-09,5.94391511890836e-10,7.29593256056963e-09,6.74533234051579e-09,5.18740946680696e-09,7.54339061793807e-09,-5.43941405885199e-09,-3.54322068418436e-09,-5.66929749819754e-09,1.91157044304347e-09,4.06819328336746e-09,-5.43941405885199e-09,-1.77776429399826e-09,8.15041190050386e-10,-4.21149303387041e-09,-7.39390162978797e-09,5.94391511890836e-10,-3.54322068418436e-09,8.15041190050386e-10,7.58433616451529e-10,-9.12375835849758e-10,-5.83599091999258e-09,7.29593256056963e-09,-5.66929749819754e-09,-4.21149303387041e-09,-9.12375835849758e-10,-2.4512934238064e-07,-9.36940473716534e-09,6.74533234051579e-09,1.91157044304347e-09,-7.39390162978797e-09,-5.83599091999258e-09,-9.36940473716534e-09,-1.0019889799347e-08
-5.93343727688843e-08,8.46941161975558e-09,1.05908459955384e-08,8.03849675476466e-09,6.74533234051579e-09,-2.65755508183175e-09,8.46941161975558e-09,-1.08322174591163e-08,1.84572855150643e-09,3.35749729399244e-09,1.91157044304347e-09,-1.0736002362347e-08,1.05908459955384e-08,1.84572855150643e-09,-7.15608264285037e-09,-6.40714102781173e-09,-7.39390162978797e-09,-4.74887631717876e-09,8.03849675476466e-09,3.35749729399244e-09,-6.40714102781173e-09,-5.67706415647266e-09,-5.83599091999258e-09,3.65173234685220e-09,6.74533234051579e-09,1.91157044304347e-09,-7.39390162978797e-09,-5.83599091999258e-09,-9.36940473716534e-09,-1.0019889799347e-08,-2.65755508183175e-09,-1.0736002362347e-08,-4.74887631717876e-09,3.65173234685220e-09,-1.0019889799347e-08,-2.84315068083959e-07
