"M2sh.Mkt.RF","M2sh.SMB","M2sh.HML","M2sh.RMW","M2sh.CMA","M2sh.MOM"
0.000126221974625817,-7.2470694518027e-06,-6.81672072442074e-06,-1.618300383371e-05,-1.58623370894606e-05,-1.47733601584947e-05
-7.2470694518027e-06,3.47551238694835e-05,1.9160806046949e-06,-7.40166638764131e-06,6.46665410742305e-07,1.05197756638837e-06
-6.81672072442074e-06,1.9160806046949e-06,3.30686687576903e-05,1.17298096187263e-06,1.13565301316266e-05,-1.51288279590446e-05
-1.618300383371e-05,-7.40166638764131e-06,1.17298096187263e-06,1.96887354269861e-05,3.9520827574821e-06,5.13438722279948e-06
-1.58623370894606e-05,6.46665410742305e-07,1.13565301316266e-05,3.9520827574821e-06,1.65168584954793e-05,2.06120909810297e-06
-1.47733601584947e-05,1.05197756638837e-06,-1.51288279590446e-05,5.13438722279948e-06,2.06120909810297e-06,6.56362477334848e-05
