"M2sh.Mkt.RF","M2sh.SMB","M2sh.HML","M2sh.RMW","M2sh.CMA","M2sh.MOM"
9.15177533519157e-05,-1.66655064501067e-05,-2.60707393410266e-05,-8.50245435858009e-06,-1.7079742760884e-05,4.80023593226128e-06
-1.66655064501067e-05,3.03840110844959e-05,1.27229370536115e-06,-6.49745241834358e-06,9.68105556475377e-07,3.78149320077616e-06
-2.60707393410266e-05,1.27229370536115e-06,2.20893015843635e-05,4.081939314242e-06,1.28033371250323e-05,-1.47382870614701e-06
-8.50245435858009e-06,-6.49745241834358e-06,4.081939314242e-06,1.7101830814943e-05,3.16421928087174e-06,1.51079876566286e-06
-1.7079742760884e-05,9.68105556475377e-07,1.28033371250323e-05,3.16421928087174e-06,1.60865969832129e-05,1.02144067308548e-06
4.80023593226128e-06,3.78149320077616e-06,-1.47382870614701e-06,1.51079876566286e-06,1.02144067308548e-06,3.99738004422954e-05
