"M2sh.Mkt.RF","M2sh.SMB","M2sh.HML","M2sh.RMW","M2sh.CMA","M2sh.MOM"
9.08717914215085e-05,-1.69927848414841e-05,-2.61448911164378e-05,-8.52943912081087e-06,-1.70458364464747e-05,4.52125117366294e-06
-1.69927848414841e-05,3.0279285281751e-05,1.34887583032771e-06,-6.53200367489724e-06,1.02228763950748e-06,3.82164100687963e-06
-2.61448911164378e-05,1.34887583032771e-06,2.20772290678955e-05,4.04602507255333e-06,1.2824656697079e-05,-1.42548508974035e-06
-8.52943912081087e-06,-6.53200367489724e-06,4.04602507255333e-06,1.7088482967178e-05,3.15649454871852e-06,1.47532203224844e-06
-1.70458364464747e-05,1.02228763950748e-06,1.2824656697079e-05,3.15649454871852e-06,1.60526430363456e-05,1.03391530987086e-06
4.52125117366294e-06,3.82164100687963e-06,-1.42548508974035e-06,1.47532203224844e-06,1.03391530987086e-06,3.99097701567177e-05
