"M2sh.Mkt.RF","M2sh.SMB","M2sh.HML","M2sh.RMW","M2sh.CMA","M2sh.MOM"
6.88136086572966e-05,-1.22671450970045e-05,-1.61826283686564e-05,3.82593784040135e-06,-1.06328596604997e-05,5.03705416731298e-06
-1.22671450970045e-05,2.11457043425962e-05,1.97244869002723e-06,-3.15929007154198e-06,-2.22477706372139e-08,8.0490055260054e-07
-1.61826283686564e-05,1.97244869002723e-06,1.42409919320591e-05,-4.02583060630005e-06,7.61862498493733e-06,-8.95364386118277e-07
3.82593784040135e-06,-3.15929007154198e-06,-4.02583060630005e-06,6.12834872931963e-06,-2.92593714748024e-06,9.71893031001771e-07
-1.06328596604997e-05,-2.22477706372139e-08,7.61862498493733e-06,-2.92593714748024e-06,9.34772639862905e-06,-3.39696145051444e-07
5.03705416731298e-06,8.0490055260054e-07,-8.95364386118277e-07,9.71893031001771e-07,-3.39696145051444e-07,2.33383516250163e-05
