"M3sh.1","M3sh.2","M3sh.3","M3sh.4","M3sh.5","M3sh.6","M3sh.7","M3sh.8","M3sh.9","M3sh.10","M3sh.11","M3sh.12","M3sh.13","M3sh.14","M3sh.15","M3sh.16","M3sh.17","M3sh.18","M3sh.19","M3sh.20","M3sh.21","M3sh.22","M3sh.23","M3sh.24","M3sh.25","M3sh.26","M3sh.27","M3sh.28","M3sh.29","M3sh.30","M3sh.31","M3sh.32","M3sh.33","M3sh.34","M3sh.35","M3sh.36"
-3.16780835762047e-07,-8.81599816826581e-08,-7.49819354788927e-08,4.86418381823178e-08,5.82318679217041e-09,-3.35005204528972e-08,-8.81599816826581e-08,3.28908265411945e-08,2.62479731657328e-08,-3.57899545472876e-11,1.54761098578171e-08,-1.44825531998873e-08,-7.49819354788927e-08,2.62479731657328e-08,-5.1073832736997e-09,-7.29923434604725e-09,7.92584412220169e-09,9.54927678573407e-10,4.86418381823178e-08,-3.57899545472876e-11,-7.29923434604725e-09,8.37652399319933e-10,1.87392106267101e-09,2.38075889029226e-08,5.82318679217041e-09,1.54761098578171e-08,7.92584412220169e-09,1.87392106267101e-09,2.05906924164034e-08,2.24821538908432e-08,-3.35005204528972e-08,-1.44825531998873e-08,9.54927678573407e-10,2.38075889029226e-08,2.24821538908432e-08,9.96284518549416e-08
-8.81599816826581e-08,3.28908265411945e-08,2.62479731657328e-08,-3.57899545472876e-11,1.54761098578171e-08,-1.44825531998873e-08,3.28908265411945e-08,-1.0056906612975e-07,3.9712402366301e-09,9.57043915072319e-09,2.38165755474435e-10,-2.97989323253211e-08,2.62479731657328e-08,3.9712402366301e-09,-4.84902623913318e-09,-9.56793044661793e-09,-1.13232683267012e-08,-7.36827425630505e-09,-3.57899545472876e-11,9.57043915072319e-09,-9.56793044661793e-09,-1.182298155966e-08,-7.73148146377328e-09,1.584979418384e-08,1.54761098578171e-08,2.38165755474435e-10,-1.13232683267012e-08,-7.73148146377328e-09,-1.25422785550869e-08,3.78026555880511e-09,-1.44825531998873e-08,-2.97989323253211e-08,-7.36827425630505e-09,1.584979418384e-08,3.78026555880511e-09,-8.00998657773467e-09
-7.49819354788927e-08,2.62479731657328e-08,-5.1073832736997e-09,-7.29923434604725e-09,7.92584412220169e-09,9.54927678573407e-10,2.62479731657328e-08,3.9712402366301e-09,-4.84902623913318e-09,-9.56793044661793e-09,-1.13232683267012e-08,-7.36827425630505e-09,-5.1073832736997e-09,-4.84902623913318e-09,-4.17162849966491e-08,-9.09942680885915e-10,-4.69197863033604e-09,-8.73011928277106e-08,-7.29923434604725e-09,-9.56793044661793e-09,-9.09942680885915e-10,1.27310031452897e-08,3.16770270232113e-09,-5.96663340597322e-09,7.92584412220169e-09,-1.13232683267012e-08,-4.69197863033604e-09,3.16770270232113e-09,-9.34139191580913e-09,-2.33687117689273e-08,9.54927678573407e-10,-7.36827425630505e-09,-8.73011928277106e-08,-5.96663340597322e-09,-2.33687117689273e-08,9.16766260477137e-08
4.86418381823178e-08,-3.57899545472876e-11,-7.29923434604725e-09,8.37652399319933e-10,1.87392106267101e-09,2.38075889029226e-08,-3.57899545472876e-11,9.57043915072319e-09,-9.56793044661793e-09,-1.182298155966e-08,-7.73148146377328e-09,1.584979418384e-08,-7.29923434604725e-09,-9.56793044661793e-09,-9.09942680885915e-10,1.27310031452897e-08,3.16770270232113e-09,-5.96663340597322e-09,8.37652399319933e-10,-1.182298155966e-08,1.27310031452897e-08,-6.94839096124433e-08,2.82194905411875e-09,-2.64138453682427e-08,1.87392106267101e-09,-7.73148146377328e-09,3.16770270232113e-09,2.82194905411875e-09,-3.98520914307878e-09,-2.03744237312075e-08,2.38075889029226e-08,1.584979418384e-08,-5.96663340597322e-09,-2.64138453682427e-08,-2.03744237312075e-08,-9.5257788680062e-09
5.82318679217041e-09,1.54761098578171e-08,7.92584412220169e-09,1.87392106267101e-09,2.05906924164034e-08,2.24821538908432e-08,1.54761098578171e-08,2.38165755474435e-10,-1.13232683267012e-08,-7.73148146377328e-09,-1.25422785550869e-08,3.78026555880511e-09,7.92584412220169e-09,-1.13232683267012e-08,-4.69197863033604e-09,3.16770270232113e-09,-9.34139191580913e-09,-2.33687117689273e-08,1.87392106267101e-09,-7.73148146377328e-09,3.16770270232113e-09,2.82194905411875e-09,-3.98520914307878e-09,-2.03744237312075e-08,2.05906924164034e-08,-1.25422785550869e-08,-9.34139191580913e-09,-3.98520914307878e-09,-1.0020223475142e-07,-3.51582251782071e-08,2.24821538908432e-08,3.78026555880511e-09,-2.33687117689273e-08,-2.03744237312075e-08,-3.51582251782071e-08,-3.50003086933588e-08
-3.35005204528972e-08,-1.44825531998873e-08,9.54927678573407e-10,2.38075889029226e-08,2.24821538908432e-08,9.96284518549416e-08,-1.44825531998873e-08,-2.97989323253211e-08,-7.36827425630505e-09,1.584979418384e-08,3.78026555880511e-09,-8.00998657773467e-09,9.54927678573407e-10,-7.36827425630505e-09,-8.73011928277106e-08,-5.96663340597322e-09,-2.33687117689273e-08,9.16766260477137e-08,2.38075889029226e-08,1.584979418384e-08,-5.96663340597322e-09,-2.64138453682427e-08,-2.03744237312075e-08,-9.5257788680062e-09,2.24821538908432e-08,3.78026555880511e-09,-2.33687117689273e-08,-2.03744237312075e-08,-3.51582251782071e-08,-3.50003086933588e-08,9.96284518549416e-08,-8.00998657773467e-09,9.16766260477137e-08,-9.5257788680062e-09,-3.50003086933588e-08,-4.28798148983327e-07
