"M3sh.1","M3sh.2","M3sh.3","M3sh.4","M3sh.5","M3sh.6","M3sh.7","M3sh.8","M3sh.9","M3sh.10","M3sh.11","M3sh.12","M3sh.13","M3sh.14","M3sh.15","M3sh.16","M3sh.17","M3sh.18","M3sh.19","M3sh.20","M3sh.21","M3sh.22","M3sh.23","M3sh.24","M3sh.25","M3sh.26","M3sh.27","M3sh.28","M3sh.29","M3sh.30","M3sh.31","M3sh.32","M3sh.33","M3sh.34","M3sh.35","M3sh.36"
-4.23412272303446e-07,2.86754227978424e-08,1.2320310259931e-08,9.69809305811071e-09,-4.53487082078611e-09,-5.9411847549196e-08,2.86754227978424e-08,-7.18028661449335e-09,2.86095159623516e-09,-1.84173120182028e-10,5.16696888788034e-09,8.49706232607746e-09,1.2320310259931e-08,2.86095159623516e-09,-3.51629307389446e-10,-1.90291410721829e-09,4.05369297174515e-09,1.06013954487513e-08,9.69809305811071e-09,-1.84173120182028e-10,-1.90291410721829e-09,-1.61890294918193e-10,5.9451540555806e-10,8.04267046680233e-09,-4.53487082078611e-09,5.16696888788034e-09,4.05369297174515e-09,5.9451540555806e-10,7.30410148000411e-09,6.75195799170645e-09,-5.9411847549196e-08,8.49706232607746e-09,1.06013954487513e-08,8.04267046680233e-09,6.75195799170645e-09,-2.67366987905273e-09
2.86754227978424e-08,-7.18028661449335e-09,2.86095159623516e-09,-1.84173120182028e-10,5.16696888788034e-09,8.49706232607746e-09,-7.18028661449335e-09,-2.85517394750585e-07,7.61768831569265e-09,1.21178513009463e-08,7.56739078135867e-09,-1.08207920468951e-08,2.86095159623516e-09,7.61768831569265e-09,-6.13429914323182e-09,-3.18282208913952e-09,-5.43884302830209e-09,1.84343104706282e-09,-1.84173120182028e-10,1.21178513009463e-08,-3.18282208913952e-09,-5.601108849302e-09,-3.54429901318494e-09,3.36322273636715e-09,5.16696888788034e-09,7.56739078135867e-09,-5.43884302830209e-09,-3.54429901318494e-09,-5.65689559417111e-09,1.91666467064505e-09,8.49706232607746e-09,-1.08207920468951e-08,1.84343104706282e-09,3.36322273636715e-09,1.91666467064505e-09,-1.06763449760338e-08
1.2320310259931e-08,2.86095159623516e-09,-3.51629307389446e-10,-1.90291410721829e-09,4.05369297174515e-09,1.06013954487513e-08,2.86095159623516e-09,7.61768831569265e-09,-6.13429914323182e-09,-3.18282208913952e-09,-5.43884302830209e-09,1.84343104706282e-09,-3.51629307389446e-10,-6.13429914323182e-09,-2.36911195763828e-07,2.80753561939289e-09,-1.76214818740102e-09,-7.16575838290538e-09,-1.90291410721829e-09,-3.18282208913952e-09,2.80753561939289e-09,1.63811563373714e-09,8.19709908600249e-10,-6.41531071028237e-09,4.05369297174515e-09,-5.43884302830209e-09,-1.76214818740102e-09,8.19709908600249e-10,-4.20517362156561e-09,-7.40484894419667e-09,1.06013954487513e-08,1.84343104706282e-09,-7.16575838290538e-09,-6.41531071028237e-09,-7.40484894419667e-09,-4.73836571332553e-09
9.69809305811071e-09,-1.84173120182028e-10,-1.90291410721829e-09,-1.61890294918193e-10,5.9451540555806e-10,8.04267046680233e-09,-1.84173120182028e-10,1.21178513009463e-08,-3.18282208913952e-09,-5.601108849302e-09,-3.54429901318494e-09,3.36322273636715e-09,-1.90291410721829e-09,-3.18282208913952e-09,2.80753561939289e-09,1.63811563373714e-09,8.19709908600249e-10,-6.41531071028237e-09,-1.61890294918193e-10,-5.601108849302e-09,1.63811563373714e-09,-2.33644749049763e-07,7.62857848363909e-10,-5.67919032347521e-09,5.9451540555806e-10,-3.54429901318494e-09,8.19709908600249e-10,7.62857848363909e-10,-9.16790262753417e-10,-5.84206168521431e-09,8.04267046680233e-09,3.36322273636715e-09,-6.41531071028237e-09,-5.67919032347521e-09,-5.84206168521431e-09,3.65510571972521e-09
-4.53487082078611e-09,5.16696888788034e-09,4.05369297174515e-09,5.9451540555806e-10,7.30410148000411e-09,6.75195799170645e-09,5.16696888788034e-09,7.56739078135867e-09,-5.43884302830209e-09,-3.54429901318494e-09,-5.65689559417111e-09,1.91666467064505e-09,4.05369297174515e-09,-5.43884302830209e-09,-1.76214818740102e-09,8.19709908600249e-10,-4.20517362156561e-09,-7.40484894419667e-09,5.9451540555806e-10,-3.54429901318494e-09,8.19709908600249e-10,7.62857848363909e-10,-9.16790262753417e-10,-5.84206168521431e-09,7.30410148000411e-09,-5.65689559417111e-09,-4.20517362156561e-09,-9.16790262753417e-10,-2.44899862033079e-07,-9.3883912809257e-09,6.75195799170645e-09,1.91666467064505e-09,-7.40484894419667e-09,-5.84206168521431e-09,-9.3883912809257e-09,-1.00311122726484e-08
-5.9411847549196e-08,8.49706232607746e-09,1.06013954487513e-08,8.04267046680233e-09,6.75195799170645e-09,-2.67366987905273e-09,8.49706232607746e-09,-1.08207920468951e-08,1.84343104706282e-09,3.36322273636715e-09,1.91666467064505e-09,-1.06763449760338e-08,1.06013954487513e-08,1.84343104706282e-09,-7.16575838290538e-09,-6.41531071028237e-09,-7.40484894419667e-09,-4.73836571332553e-09,8.04267046680233e-09,3.36322273636715e-09,-6.41531071028237e-09,-5.67919032347521e-09,-5.84206168521431e-09,3.65510571972521e-09,6.75195799170645e-09,1.91666467064505e-09,-7.40484894419667e-09,-5.84206168521431e-09,-9.3883912809257e-09,-1.00311122726484e-08,-2.67366987905273e-09,-1.06763449760338e-08,-4.73836571332553e-09,3.65510571972521e-09,-1.00311122726484e-08,-2.84113374254097e-07
