"M2sh.Mkt.RF","M2sh.SMB","M2sh.HML","M2sh.RMW","M2sh.CMA","M2sh.MOM"
6.98924850945964e-05,-1.28492795419628e-05,-1.70406692573997e-05,3.69058766863968e-06,-1.09928610083934e-05,4.87688820687415e-06
-1.28492795419628e-05,2.18090204887614e-05,1.78094393226379e-06,-3.30261972607447e-06,-1.03200238856828e-07,7.66908329484267e-07
-1.70406692573997e-05,1.78094393226379e-06,1.4590287536098e-05,-3.8672144745801e-06,7.97886731778084e-06,-1.38860629183328e-06
3.69058766863968e-06,-3.30261972607447e-06,-3.8672144745801e-06,6.12058332270854e-06,-2.81373822965097e-06,8.51412742918007e-07
-1.09928610083934e-05,-1.03200238856828e-07,7.97886731778084e-06,-2.81373822965097e-06,9.58409893586177e-06,-4.99784923749879e-07
4.87688820687415e-06,7.66908329484267e-07,-1.38860629183328e-06,8.51412742918007e-07,-4.99784923749879e-07,2.34727431208282e-05
