"M2sh.Mkt.RF","M2sh.SMB","M2sh.HML","M2sh.RMW","M2sh.CMA","M2sh.MOM"
0.000126937337713801,-9.87497380581587e-06,-8.80183626764609e-06,-1.5588998014634e-05,-1.63377678199113e-05,-1.61241697939824e-05
-9.87497380581587e-06,3.47534076226635e-05,2.58766736867853e-06,-7.08403313439724e-06,1.0566564739139e-06,1.01873354081755e-06
-8.80183626764609e-06,2.58766736867853e-06,3.34090397858419e-05,1.19567479506802e-06,1.16263306787512e-05,-1.44928258513029e-05
-1.5588998014634e-05,-7.08403313439724e-06,1.19567479506802e-06,1.94059160748926e-05,3.77406549220195e-06,5.48807102465234e-06
-1.63377678199113e-05,1.0566564739139e-06,1.16263306787512e-05,3.77406549220195e-06,1.66825164866764e-05,2.59638275741535e-06
-1.61241697939824e-05,1.01873354081755e-06,-1.44928258513029e-05,5.48807102465234e-06,2.59638275741535e-06,6.54821991240827e-05
