"M2sh.Mkt.RF","M2sh.SMB","M2sh.HML","M2sh.RMW","M2sh.CMA","M2sh.MOM"
9.56827045372199e-05,-2.13186779254066e-05,-2.76013414616679e-05,-5.69836915794901e-06,-1.91228434540283e-05,1.49837673843e-06
-2.13186779254066e-05,2.99426223466337e-05,2.51537494034056e-06,-6.31815320813702e-06,1.26879984394879e-06,2.22585030337874e-06
-2.76013414616679e-05,2.51537494034056e-06,2.29795379876186e-05,3.0929170208238e-06,1.36200633270143e-05,-1.25818901928742e-06
-5.69836915794901e-06,-6.31815320813702e-06,3.0929170208238e-06,1.5635368852923e-05,3.64142832991847e-06,9.52649624035177e-07
-1.91228434540283e-05,1.26879984394879e-06,1.36200633270143e-05,3.64142832991847e-06,1.61709172075191e-05,1.5864228102435e-06
1.49837673843e-06,2.22585030337874e-06,-1.25818901928742e-06,9.52649624035177e-07,1.5864228102435e-06,3.88083607446428e-05
