"M3sh.1","M3sh.2","M3sh.3","M3sh.4","M3sh.5","M3sh.6","M3sh.7","M3sh.8","M3sh.9","M3sh.10","M3sh.11","M3sh.12","M3sh.13","M3sh.14","M3sh.15","M3sh.16","M3sh.17","M3sh.18","M3sh.19","M3sh.20","M3sh.21","M3sh.22","M3sh.23","M3sh.24","M3sh.25","M3sh.26","M3sh.27","M3sh.28","M3sh.29","M3sh.30","M3sh.31","M3sh.32","M3sh.33","M3sh.34","M3sh.35","M3sh.36"
-5.03976403062526e-07,1.52770191019012e-08,-1.45010964327741e-08,1.81287872239657e-08,-1.12430359862456e-09,-4.51351284902572e-08,1.52770191019012e-08,-2.27759971006384e-09,4.55128582331248e-09,-1.81154336834779e-09,5.19131154538874e-09,1.04931879762879e-08,-1.45010964327741e-08,4.55128582331248e-09,-5.12427930444067e-09,-9.82781523645001e-10,4.3248155135518e-09,1.42994506363427e-08,1.81287872239657e-08,-1.81154336834779e-09,-9.82781523645001e-10,4.69275827875142e-10,7.78720193004728e-10,6.46075934304055e-09,-1.12430359862456e-09,5.19131154538874e-09,4.3248155135518e-09,7.78720193004728e-10,7.69948958636362e-09,7.19902141001333e-09,-4.51351284902572e-08,1.04931879762879e-08,1.42994506363427e-08,6.46075934304055e-09,7.19902141001333e-09,3.88934030814251e-09
1.52770191019012e-08,-2.27759971006384e-09,4.55128582331248e-09,-1.81154336834779e-09,5.19131154538874e-09,1.04931879762879e-08,-2.27759971006384e-09,-3.32051726177091e-07,8.77885404030190e-09,1.20293851500077e-08,7.03646169537929e-09,-1.22243144656782e-08,4.55128582331248e-09,8.77885404030190e-09,-4.63323842689068e-09,-3.66208444964901e-09,-5.17076774937713e-09,4.67881011404202e-11,-1.81154336834779e-09,1.20293851500077e-08,-3.66208444964901e-09,-5.44373775425159e-09,-3.60774670161593e-09,3.92384915029123e-09,5.19131154538874e-09,7.03646169537929e-09,-5.17076774937713e-09,-3.60774670161593e-09,-5.44739801118494e-09,1.50275138822354e-09,1.04931879762879e-08,-1.22243144656782e-08,4.67881011404202e-11,3.92384915029123e-09,1.50275138822354e-09,-6.46383763993395e-09
-1.45010964327741e-08,4.55128582331248e-09,-5.12427930444067e-09,-9.82781523645001e-10,4.3248155135518e-09,1.42994506363427e-08,4.55128582331248e-09,8.77885404030190e-09,-4.63323842689068e-09,-3.66208444964901e-09,-5.17076774937713e-09,4.67881011404202e-11,-5.12427930444067e-09,-4.63323842689068e-09,-2.79285695605325e-07,5.79509327578135e-10,-1.65725212456589e-09,-1.56046258647675e-08,-9.82781523645001e-10,-3.66208444964901e-09,5.79509327578135e-10,2.92861992214668e-09,8.98038680402665e-10,-4.15483040964167e-09,4.3248155135518e-09,-5.17076774937713e-09,-1.65725212456589e-09,8.98038680402665e-10,-3.68100138673313e-09,-7.3317305852198e-09,1.42994506363427e-08,4.67881011404202e-11,-1.56046258647675e-08,-4.15483040964167e-09,-7.3317305852198e-09,8.53341085052418e-09
1.81287872239657e-08,-1.81154336834779e-09,-9.82781523645001e-10,4.69275827875142e-10,7.78720193004728e-10,6.46075934304055e-09,-1.81154336834779e-09,1.20293851500077e-08,-3.66208444964901e-09,-5.44373775425159e-09,-3.60774670161593e-09,3.92384915029123e-09,-9.82781523645001e-10,-3.66208444964901e-09,5.79509327578135e-10,2.92861992214668e-09,8.98038680402665e-10,-4.15483040964167e-09,4.69275827875142e-10,-5.44373775425159e-09,2.92861992214668e-09,-2.82568003765708e-07,7.17130358275565e-10,-7.06240275850893e-09,7.78720193004728e-10,-3.60774670161593e-09,8.98038680402665e-10,7.17130358275565e-10,-1.03430463879906e-09,-6.16388693817944e-09,6.46075934304055e-09,3.92384915029123e-09,-4.15483040964167e-09,-7.06240275850893e-09,-6.16388693817944e-09,5.26801410382134e-10
-1.12430359862456e-09,5.19131154538874e-09,4.3248155135518e-09,7.78720193004728e-10,7.69948958636362e-09,7.19902141001333e-09,5.19131154538874e-09,7.03646169537929e-09,-5.17076774937713e-09,-3.60774670161593e-09,-5.44739801118494e-09,1.50275138822354e-09,4.3248155135518e-09,-5.17076774937713e-09,-1.65725212456589e-09,8.98038680402665e-10,-3.68100138673313e-09,-7.3317305852198e-09,7.78720193004728e-10,-3.60774670161593e-09,8.98038680402665e-10,7.17130358275565e-10,-1.03430463879906e-09,-6.16388693817944e-09,7.69948958636362e-09,-5.44739801118494e-09,-3.68100138673313e-09,-1.03430463879906e-09,-2.930428413299e-07,-1.05003278503014e-08,7.19902141001333e-09,1.50275138822354e-09,-7.3317305852198e-09,-6.16388693817944e-09,-1.05003278503014e-08,-1.18865544303709e-08
-4.51351284902572e-08,1.04931879762879e-08,1.42994506363427e-08,6.46075934304055e-09,7.19902141001333e-09,3.88934030814251e-09,1.04931879762879e-08,-1.22243144656782e-08,4.67881011404202e-11,3.92384915029123e-09,1.50275138822354e-09,-6.46383763993395e-09,1.42994506363427e-08,4.67881011404202e-11,-1.56046258647675e-08,-4.15483040964167e-09,-7.3317305852198e-09,8.53341085052418e-09,6.46075934304055e-09,3.92384915029123e-09,-4.15483040964167e-09,-7.06240275850893e-09,-6.16388693817944e-09,5.26801410382134e-10,7.19902141001333e-09,1.50275138822354e-09,-7.3317305852198e-09,-6.16388693817944e-09,-1.05003278503014e-08,-1.18865544303709e-08,3.88934030814251e-09,-6.46383763993395e-09,8.53341085052418e-09,5.26801410382134e-10,-1.18865544303709e-08,-3.64658927097881e-07
