"M2sh.Mkt.RF","M2sh.SMB","M2sh.HML","M2sh.RMW","M2sh.CMA","M2sh.MOM"
9.40499761254676e-05,-1.62097745634827e-05,-2.57158046187755e-05,-8.44242984289338e-06,-1.71726793472333e-05,4.34366995638512e-06
-1.62097745634827e-05,3.07495569911945e-05,1.34198762842017e-06,-6.4806270001558e-06,1.00342083180319e-06,3.34566429837798e-06
-2.57158046187755e-05,1.34198762842017e-06,2.23857860477272e-05,4.14364285217376e-06,1.29386710048636e-05,-2.0652262271806e-06
-8.44242984289338e-06,-6.4806270001558e-06,4.14364285217376e-06,1.72510975590014e-05,3.21586686274855e-06,1.52570840210194e-06
-1.71726793472333e-05,1.00342083180319e-06,1.29386710048636e-05,3.21586686274855e-06,1.62508089775623e-05,8.31703839999515e-07
4.34366995638512e-06,3.34566429837798e-06,-2.0652262271806e-06,1.52570840210194e-06,8.31703839999515e-07,4.1693362240745e-05
