"M3sh.1","M3sh.2","M3sh.3","M3sh.4","M3sh.5","M3sh.6","M3sh.7","M3sh.8","M3sh.9","M3sh.10","M3sh.11","M3sh.12","M3sh.13","M3sh.14","M3sh.15","M3sh.16","M3sh.17","M3sh.18","M3sh.19","M3sh.20","M3sh.21","M3sh.22","M3sh.23","M3sh.24","M3sh.25","M3sh.26","M3sh.27","M3sh.28","M3sh.29","M3sh.30","M3sh.31","M3sh.32","M3sh.33","M3sh.34","M3sh.35","M3sh.36"
-2.4922597963257e-07,5.49292222462445e-09,1.95385421912185e-09,1.0927784271905e-09,-4.92145654817253e-10,-8.98227530466947e-09,5.49292222462445e-09,-1.60038672975002e-09,6.80107165479619e-11,-4.21092193465653e-10,3.43791589703281e-10,1.27920425183589e-09,1.95385421912185e-09,6.80107165479619e-11,2.43744184126231e-10,-2.95327796898869e-10,3.86566956426159e-10,8.245474985962e-10,1.0927784271905e-09,-4.21092193465653e-10,-2.95327796898869e-10,1.64482820241139e-10,-1.32577528023825e-10,4.90335369996661e-10,-4.92145654817253e-10,3.43791589703281e-10,3.86566956426159e-10,-1.32577528023825e-10,3.93257353522744e-10,2.7724434205087e-10,-8.98227530466947e-09,1.27920425183589e-09,8.245474985962e-10,4.90335369996661e-10,2.7724434205087e-10,-1.27457151919447e-09
5.49292222462445e-09,-1.60038672975002e-09,6.80107165479619e-11,-4.21092193465653e-10,3.43791589703281e-10,1.27920425183589e-09,-1.60038672975002e-09,-2.2863557318938e-07,1.25316497027636e-09,1.62014761278511e-09,1.12408768381678e-09,-1.3085543430598e-09,6.80107165479619e-11,1.25316497027636e-09,-4.65268655799618e-10,-1.76584395581184e-10,-3.74740569728654e-10,-3.35048013444073e-11,-4.21092193465653e-10,1.62014761278511e-09,-1.76584395581184e-10,-3.69070871752122e-10,-2.05400394319141e-10,5.49427175610063e-11,3.43791589703281e-10,1.12408768381678e-09,-3.74740569728654e-10,-2.05400394319141e-10,-3.35271027097767e-10,1.37451785972557e-10,1.27920425183589e-09,-1.3085543430598e-09,-3.35048013444073e-11,5.49427175610063e-11,1.37451785972557e-10,-4.36980829951054e-11
1.95385421912185e-09,6.80107165479619e-11,2.43744184126231e-10,-2.95327796898869e-10,3.86566956426159e-10,8.245474985962e-10,6.80107165479619e-11,1.25316497027636e-09,-4.65268655799618e-10,-1.76584395581184e-10,-3.74740569728654e-10,-3.35048013444073e-11,2.43744184126231e-10,-4.65268655799618e-10,-2.21455028764683e-07,8.11560937111245e-11,-1.09728191439237e-10,-4.65632187155553e-10,-2.95327796898869e-10,-1.76584395581184e-10,8.11560937111245e-11,3.26097142539144e-11,7.84345299163942e-11,1.91029708515052e-11,3.86566956426159e-10,-3.74740569728654e-10,-1.09728191439237e-10,7.84345299163942e-11,-1.30965984123667e-10,-2.40471427582175e-10,8.245474985962e-10,-3.35048013444073e-11,-4.65632187155553e-10,1.91029708515052e-11,-2.40471427582175e-10,-1.04155501908689e-11
1.0927784271905e-09,-4.21092193465653e-10,-2.95327796898869e-10,1.64482820241139e-10,-1.32577528023825e-10,4.90335369996661e-10,-4.21092193465653e-10,1.62014761278511e-09,-1.76584395581184e-10,-3.69070871752122e-10,-2.05400394319141e-10,5.49427175610063e-11,-2.95327796898869e-10,-1.76584395581184e-10,8.11560937111245e-11,3.26097142539144e-11,7.84345299163942e-11,1.91029708515052e-11,1.64482820241139e-10,-3.69070871752122e-10,3.26097142539144e-11,-2.21413683041368e-07,3.44800777454876e-11,-1.25586640515998e-10,-1.32577528023825e-10,-2.05400394319141e-10,7.84345299163942e-11,3.44800777454876e-11,6.77526202970117e-11,4.32001507183991e-11,4.90335369996661e-10,5.49427175610063e-11,1.91029708515052e-11,-1.25586640515998e-10,4.32001507183991e-11,1.52999450778181e-10
-4.92145654817253e-10,3.43791589703281e-10,3.86566956426159e-10,-1.32577528023825e-10,3.93257353522744e-10,2.7724434205087e-10,3.43791589703281e-10,1.12408768381678e-09,-3.74740569728654e-10,-2.05400394319141e-10,-3.35271027097767e-10,1.37451785972557e-10,3.86566956426159e-10,-3.74740569728654e-10,-1.09728191439237e-10,7.84345299163942e-11,-1.30965984123667e-10,-2.40471427582175e-10,-1.32577528023825e-10,-2.05400394319141e-10,7.84345299163942e-11,3.44800777454876e-11,6.77526202970117e-11,4.32001507183991e-11,3.93257353522744e-10,-3.35271027097767e-10,-1.30965984123667e-10,6.77526202970117e-11,-2.21592985276931e-07,-2.0736300174544e-10,2.7724434205087e-10,1.37451785972557e-10,-2.40471427582175e-10,4.32001507183991e-11,-2.0736300174544e-10,-3.21291106315345e-10
-8.98227530466947e-09,1.27920425183589e-09,8.245474985962e-10,4.90335369996661e-10,2.7724434205087e-10,-1.27457151919447e-09,1.27920425183589e-09,-1.3085543430598e-09,-3.35048013444073e-11,5.49427175610063e-11,1.37451785972557e-10,-4.36980829951054e-11,8.245474985962e-10,-3.35048013444073e-11,-4.65632187155553e-10,1.91029708515052e-11,-2.40471427582175e-10,-1.04155501908689e-11,4.90335369996661e-10,5.49427175610063e-11,1.91029708515052e-11,-1.25586640515998e-10,4.32001507183991e-11,1.52999450778181e-10,2.7724434205087e-10,1.37451785972557e-10,-2.40471427582175e-10,4.32001507183991e-11,-2.0736300174544e-10,-3.21291106315345e-10,-1.27457151919447e-09,-4.36980829951054e-11,-1.04155501908689e-11,1.52999450778181e-10,-3.21291106315345e-10,-2.24025600747835e-07
