"M2sh.Mkt.RF","M2sh.SMB","M2sh.HML","M2sh.RMW","M2sh.CMA","M2sh.MOM"
7.37109320036126e-05,-1.54341754149893e-05,-1.87378798732366e-05,3.23230799113798e-06,-1.15756731511058e-05,4.09962728236235e-06
-1.54341754149893e-05,2.30244910419106e-05,1.97399722348142e-06,-4.0078425530825e-06,5.44436526572879e-08,-9.3147831360508e-07
-1.87378798732366e-05,1.97399722348142e-06,1.54726706521685e-05,-3.37974558667257e-06,8.45879979033379e-06,-1.05621334006406e-06
3.23230799113798e-06,-4.0078425530825e-06,-3.37974558667257e-06,5.96409501180693e-06,-2.11466567471117e-06,4.61686738541425e-07
-1.15756731511058e-05,5.44436526572879e-08,8.45879979033379e-06,-2.11466567471117e-06,9.71791781568132e-06,4.64462378911006e-07
4.09962728236235e-06,-9.3147831360508e-07,-1.05621334006406e-06,4.61686738541425e-07,4.64462378911006e-07,2.1293302598549e-05
