"M2sh.Mkt.RF","M2sh.SMB","M2sh.HML","M2sh.RMW","M2sh.CMA","M2sh.MOM"
0.000125494034277666,-7.69525822712039e-06,-7.10666534104881e-06,-1.60551349688291e-05,-1.59679882961681e-05,-1.50948440738598e-05
-7.69525822712039e-06,3.44432559454175e-05,2.12774585135089e-06,-7.28717630982072e-06,7.80433079536735e-07,1.19372588181204e-06
-7.10666534104881e-06,2.12774585135089e-06,3.29453670730425e-05,1.18376470777827e-06,1.1367964762771e-05,-1.46730803021305e-05
-1.60551349688291e-05,-7.28717630982072e-06,1.18376470777827e-06,1.95734772228038e-05,3.93630027209784e-06,5.10248671967248e-06
-1.59679882961681e-05,7.80433079536735e-07,1.1367964762771e-05,3.93630027209784e-06,1.65519478486629e-05,2.21786742677298e-06
-1.50948440738598e-05,1.19372588181204e-06,-1.46730803021305e-05,5.10248671967248e-06,2.21786742677298e-06,6.49079136479132e-05
