"M3sh.1","M3sh.2","M3sh.3","M3sh.4","M3sh.5","M3sh.6","M3sh.7","M3sh.8","M3sh.9","M3sh.10","M3sh.11","M3sh.12","M3sh.13","M3sh.14","M3sh.15","M3sh.16","M3sh.17","M3sh.18","M3sh.19","M3sh.20","M3sh.21","M3sh.22","M3sh.23","M3sh.24","M3sh.25","M3sh.26","M3sh.27","M3sh.28","M3sh.29","M3sh.30","M3sh.31","M3sh.32","M3sh.33","M3sh.34","M3sh.35","M3sh.36"
-4.41928908173518e-07,3.10679863181809e-08,1.5106997363216e-08,1.11545575395522e-08,-5.56332477852849e-09,-6.68862043081668e-08,3.10679863181809e-08,-6.41530220153719e-09,4.11806494982973e-09,-1.27961363043889e-09,6.14548276308973e-09,1.0131281210847e-08,1.5106997363216e-08,4.11806494982973e-09,9.68439222649594e-10,-2.83955553913113e-09,5.30016955890615e-09,1.12369535640996e-08,1.11545575395522e-08,-1.27961363043889e-09,-2.83955553913113e-09,5.43579510606977e-11,8.30533653601733e-10,8.60912093911028e-09,-5.56332477852849e-09,6.14548276308973e-09,5.30016955890615e-09,8.30533653601733e-10,8.66299098264543e-09,8.49984809419403e-09,-6.68862043081668e-08,1.0131281210847e-08,1.12369535640996e-08,8.60912093911028e-09,8.49984809419403e-09,-1.21560848009851e-09
3.10679863181809e-08,-6.41530220153719e-09,4.11806494982973e-09,-1.27961363043889e-09,6.14548276308973e-09,1.0131281210847e-08,-6.41530220153719e-09,-2.8659421336204e-07,8.02734964472544e-09,1.34052850020274e-08,7.96016854933219e-09,-1.23193672220605e-08,4.11806494982973e-09,8.02734964472544e-09,-6.5630593658672e-09,-3.60386784716179e-09,-5.84520887044954e-09,1.28216118079493e-09,-1.27961363043889e-09,1.34052850020274e-08,-3.60386784716179e-09,-5.54678466563302e-09,-4.1792456309094e-09,4.36097174627245e-09,6.14548276308973e-09,7.96016854933219e-09,-5.84520887044954e-09,-4.1792456309094e-09,-5.95487382790616e-09,1.86495939682267e-09,1.0131281210847e-08,-1.23193672220605e-08,1.28216118079493e-09,4.36097174627245e-09,1.86495939682267e-09,-1.07567613127746e-08
1.5106997363216e-08,4.11806494982973e-09,9.68439222649594e-10,-2.83955553913113e-09,5.30016955890615e-09,1.12369535640996e-08,4.11806494982973e-09,8.02734964472544e-09,-6.5630593658672e-09,-3.60386784716179e-09,-5.84520887044954e-09,1.28216118079493e-09,9.68439222649594e-10,-6.5630593658672e-09,-2.32768354310743e-07,2.54843618763285e-09,-2.03038198072887e-09,-8.9818097697158e-09,-2.83955553913113e-09,-3.60386784716179e-09,2.54843618763285e-09,2.54527927097352e-09,5.5256825099961e-10,-5.90484117274738e-09,5.30016955890615e-09,-5.84520887044954e-09,-2.03038198072887e-09,5.5256825099961e-10,-4.85546677848994e-09,-8.81427729605707e-09,1.12369535640996e-08,1.28216118079493e-09,-8.9818097697158e-09,-5.90484117274738e-09,-8.81427729605707e-09,-4.32924565759553e-09
1.11545575395522e-08,-1.27961363043889e-09,-2.83955553913113e-09,5.43579510606977e-11,8.30533653601733e-10,8.60912093911028e-09,-1.27961363043889e-09,1.34052850020274e-08,-3.60386784716179e-09,-5.54678466563302e-09,-4.1792456309094e-09,4.36097174627245e-09,-2.83955553913113e-09,-3.60386784716179e-09,2.54843618763285e-09,2.54527927097352e-09,5.5256825099961e-10,-5.90484117274738e-09,5.43579510606977e-11,-5.54678466563302e-09,2.54527927097352e-09,-2.30229102795384e-07,1.28422745549538e-09,-6.86846709704669e-09,8.30533653601733e-10,-4.1792456309094e-09,5.5256825099961e-10,1.28422745549538e-09,-1.42310993801985e-09,-6.48645918606806e-09,8.60912093911028e-09,4.36097174627245e-09,-5.90484117274738e-09,-6.86846709704669e-09,-6.48645918606806e-09,4.37497573752522e-09
-5.56332477852849e-09,6.14548276308973e-09,5.30016955890615e-09,8.30533653601733e-10,8.66299098264543e-09,8.49984809419403e-09,6.14548276308973e-09,7.96016854933219e-09,-5.84520887044954e-09,-4.1792456309094e-09,-5.95487382790616e-09,1.86495939682267e-09,5.30016955890615e-09,-5.84520887044954e-09,-2.03038198072887e-09,5.5256825099961e-10,-4.85546677848994e-09,-8.81427729605707e-09,8.30533653601733e-10,-4.1792456309094e-09,5.5256825099961e-10,1.28422745549538e-09,-1.42310993801985e-09,-6.48645918606806e-09,8.66299098264543e-09,-5.95487382790616e-09,-4.85546677848994e-09,-1.42310993801985e-09,-2.4182654339611e-07,-1.07154208114156e-08,8.49984809419403e-09,1.86495939682267e-09,-8.81427729605707e-09,-6.48645918606806e-09,-1.07154208114156e-08,-1.18491347492196e-08
-6.68862043081668e-08,1.0131281210847e-08,1.12369535640996e-08,8.60912093911028e-09,8.49984809419403e-09,-1.21560848009851e-09,1.0131281210847e-08,-1.23193672220605e-08,1.28216118079493e-09,4.36097174627245e-09,1.86495939682267e-09,-1.07567613127746e-08,1.12369535640996e-08,1.28216118079493e-09,-8.9818097697158e-09,-5.90484117274738e-09,-8.81427729605707e-09,-4.32924565759553e-09,8.60912093911028e-09,4.36097174627245e-09,-5.90484117274738e-09,-6.86846709704669e-09,-6.48645918606806e-09,4.37497573752522e-09,8.49984809419403e-09,1.86495939682267e-09,-8.81427729605707e-09,-6.48645918606806e-09,-1.07154208114156e-08,-1.18491347492196e-08,-1.21560848009851e-09,-1.07567613127746e-08,-4.32924565759553e-09,4.37497573752522e-09,-1.18491347492196e-08,-2.84298307764005e-07
