"M3sh.1","M3sh.2","M3sh.3","M3sh.4","M3sh.5","M3sh.6","M3sh.7","M3sh.8","M3sh.9","M3sh.10","M3sh.11","M3sh.12","M3sh.13","M3sh.14","M3sh.15","M3sh.16","M3sh.17","M3sh.18","M3sh.19","M3sh.20","M3sh.21","M3sh.22","M3sh.23","M3sh.24","M3sh.25","M3sh.26","M3sh.27","M3sh.28","M3sh.29","M3sh.30","M3sh.31","M3sh.32","M3sh.33","M3sh.34","M3sh.35","M3sh.36"
-4.22630788583265e-07,2.7903732948746e-08,1.23666293193277e-08,9.74731818177245e-09,-4.54036932666897e-09,-5.90922361903127e-08,2.7903732948746e-08,-6.71019658529992e-09,3.02502899847903e-09,-1.07187569842835e-10,5.23946704385735e-09,8.5402558273624e-09,1.23666293193277e-08,3.02502899847903e-09,-1.40647841488039e-10,-1.98901190613145e-09,4.15839676710871e-09,1.04817354021213e-08,9.74731818177245e-09,-1.07187569842835e-10,-1.98901190613145e-09,-1.35303923156493e-10,5.35419963860704e-10,8.0507660331072e-09,-4.54036932666897e-09,5.23946704385735e-09,4.15839676710871e-09,5.35419963860704e-10,7.3545195756718e-09,6.68605033915095e-09,-5.90922361903127e-08,8.5402558273624e-09,1.04817354021213e-08,8.0507660331072e-09,6.68605033915095e-09,-2.47643268040233e-09
2.7903732948746e-08,-6.71019658529992e-09,3.02502899847903e-09,-1.07187569842835e-10,5.23946704385735e-09,8.5402558273624e-09,-6.71019658529992e-09,-2.85474090092707e-07,7.48795529497163e-09,1.21688766019788e-08,7.48914785228631e-09,-1.0516005916318e-08,3.02502899847903e-09,7.48795529497163e-09,-6.12729613591774e-09,-3.16148895712801e-09,-5.44583193088676e-09,1.78304149686902e-09,-1.07187569842835e-10,1.21688766019788e-08,-3.16148895712801e-09,-5.62326531173321e-09,-3.53132238838385e-09,3.40170082607484e-09,5.23946704385735e-09,7.48914785228631e-09,-5.44583193088676e-09,-3.53132238838385e-09,-5.68169115032355e-09,1.86431483304383e-09,8.5402558273624e-09,-1.0516005916318e-08,1.78304149686902e-09,3.40170082607484e-09,1.86431483304383e-09,-1.05063362432121e-08
1.23666293193277e-08,3.02502899847903e-09,-1.40647841488039e-10,-1.98901190613145e-09,4.15839676710871e-09,1.04817354021213e-08,3.02502899847903e-09,7.48795529497163e-09,-6.12729613591774e-09,-3.16148895712801e-09,-5.44583193088676e-09,1.78304149686902e-09,-1.40647841488039e-10,-6.12729613591774e-09,-2.36942347338353e-07,2.7767514279411e-09,-1.78993052480835e-09,-7.10167817233619e-09,-1.98901190613145e-09,-3.16148895712801e-09,2.7767514279411e-09,1.61790628203098e-09,8.24383429855608e-10,-6.34725722474606e-09,4.15839676710871e-09,-5.44583193088676e-09,-1.78993052480835e-09,8.24383429855608e-10,-4.23727048706726e-09,-7.34911168302396e-09,1.04817354021213e-08,1.78304149686902e-09,-7.10167817233619e-09,-6.34725722474606e-09,-7.34911168302396e-09,-4.71389027054906e-09
9.74731818177245e-09,-1.07187569842835e-10,-1.98901190613145e-09,-1.35303923156493e-10,5.35419963860704e-10,8.0507660331072e-09,-1.07187569842835e-10,1.21688766019788e-08,-3.16148895712801e-09,-5.62326531173321e-09,-3.53132238838385e-09,3.40170082607484e-09,-1.98901190613145e-09,-3.16148895712801e-09,2.7767514279411e-09,1.61790628203098e-09,8.24383429855608e-10,-6.34725722474606e-09,-1.35303923156493e-10,-5.62326531173321e-09,1.61790628203098e-09,-2.33638468887751e-07,7.54698268757645e-10,-5.60502239810738e-09,5.35419963860704e-10,-3.53132238838385e-09,8.24383429855608e-10,7.54698268757645e-10,-8.90821966760232e-10,-5.79229321956384e-09,8.0507660331072e-09,3.40170082607484e-09,-6.34725722474606e-09,-5.60502239810738e-09,-5.79229321956384e-09,3.78086515079712e-09
-4.54036932666897e-09,5.23946704385735e-09,4.15839676710871e-09,5.35419963860704e-10,7.3545195756718e-09,6.68605033915095e-09,5.23946704385735e-09,7.48914785228631e-09,-5.44583193088676e-09,-3.53132238838385e-09,-5.68169115032355e-09,1.86431483304383e-09,4.15839676710871e-09,-5.44583193088676e-09,-1.78993052480835e-09,8.24383429855608e-10,-4.23727048706726e-09,-7.34911168302396e-09,5.35419963860704e-10,-3.53132238838385e-09,8.24383429855608e-10,7.54698268757645e-10,-8.90821966760232e-10,-5.79229321956384e-09,7.3545195756718e-09,-5.68169115032355e-09,-4.23727048706726e-09,-8.90821966760232e-10,-2.4496833205531e-07,-9.31607774565089e-09,6.68605033915095e-09,1.86431483304383e-09,-7.34911168302396e-09,-5.79229321956384e-09,-9.31607774565089e-09,-1.00597856615e-08
-5.90922361903127e-08,8.5402558273624e-09,1.04817354021213e-08,8.0507660331072e-09,6.68605033915095e-09,-2.47643268040233e-09,8.5402558273624e-09,-1.0516005916318e-08,1.78304149686902e-09,3.40170082607484e-09,1.86431483304383e-09,-1.05063362432121e-08,1.04817354021213e-08,1.78304149686902e-09,-7.10167817233619e-09,-6.34725722474606e-09,-7.34911168302396e-09,-4.71389027054906e-09,8.0507660331072e-09,3.40170082607484e-09,-6.34725722474606e-09,-5.60502239810738e-09,-5.79229321956384e-09,3.78086515079712e-09,6.68605033915095e-09,1.86431483304383e-09,-7.34911168302396e-09,-5.79229321956384e-09,-9.31607774565089e-09,-1.00597856615e-08,-2.47643268040233e-09,-1.05063362432121e-08,-4.71389027054906e-09,3.78086515079712e-09,-1.00597856615e-08,-2.83304569152315e-07
