"M2sh.Mkt.RF","M2sh.SMB","M2sh.HML","M2sh.RMW","M2sh.CMA","M2sh.MOM"
9.29050673365077e-05,-1.92996551473627e-05,-2.58067008518883e-05,-8.19392004524703e-06,-1.72129484611935e-05,3.5367214155019e-06
-1.92996551473627e-05,2.98401637971427e-05,1.95254830871329e-06,-6.69006977152482e-06,1.28677949123219e-06,3.01035289444264e-06
-2.58067008518883e-05,1.95254830871329e-06,2.24358281984172e-05,3.66404240093143e-06,1.31038575541317e-05,-1.49419798425684e-06
-8.19392004524703e-06,-6.69006977152482e-06,3.66404240093143e-06,1.69805888551272e-05,3.08481918729448e-06,1.1393540899209e-06
-1.72129484611935e-05,1.28677949123219e-06,1.31038575541317e-05,3.08481918729448e-06,1.61952629663877e-05,1.48297165364704e-06
3.5367214155019e-06,3.01035289444264e-06,-1.49419798425684e-06,1.1393540899209e-06,1.48297165364704e-06,3.92194587949513e-05
