"M2sh.Mkt.RF","M2sh.SMB","M2sh.HML","M2sh.RMW","M2sh.CMA","M2sh.MOM"
0.000121720042683049,-1.34634768613287e-05,-1.20870762815872e-05,-1.26701137476106e-05,-1.73796734811031e-05,-1.54945722424861e-05
-1.34634768613287e-05,3.40852056137234e-05,2.72408805827483e-06,-6.51356536996823e-06,1.40891877098604e-06,1.68342520126561e-06
-1.20870762815872e-05,2.72408805827483e-06,3.38093298365288e-05,1.2800485737628e-06,1.22742551413815e-05,-1.28744808437225e-05
-1.26701137476106e-05,-6.51356536996823e-06,1.2800485737628e-06,1.87781806666292e-05,3.43450746029316e-06,4.59491598723606e-06
-1.73796734811031e-05,1.40891877098604e-06,1.22742551413815e-05,3.43450746029316e-06,1.70145570192332e-05,2.78460287705486e-06
-1.54945722424861e-05,1.68342520126561e-06,-1.28744808437225e-05,4.59491598723606e-06,2.78460287705486e-06,6.37964894295134e-05
