"M3sh.1","M3sh.2","M3sh.3","M3sh.4","M3sh.5","M3sh.6","M3sh.7","M3sh.8","M3sh.9","M3sh.10","M3sh.11","M3sh.12","M3sh.13","M3sh.14","M3sh.15","M3sh.16","M3sh.17","M3sh.18","M3sh.19","M3sh.20","M3sh.21","M3sh.22","M3sh.23","M3sh.24","M3sh.25","M3sh.26","M3sh.27","M3sh.28","M3sh.29","M3sh.30","M3sh.31","M3sh.32","M3sh.33","M3sh.34","M3sh.35","M3sh.36"
-6.4141685369409e-07,3.37697426208415e-08,-1.73807266301521e-08,2.99446594669126e-08,-1.53569017640981e-09,-8.26092554296973e-08,3.37697426208415e-08,-2.26035870877895e-09,6.66184339066566e-09,-3.63411026365886e-09,6.80996474542394e-09,1.13424285965778e-08,-1.73807266301521e-08,6.66184339066566e-09,-2.37525077813832e-09,-3.81250763624259e-09,5.09568040401014e-09,4.48580305662409e-09,2.99446594669126e-08,-3.63411026365886e-09,-3.81250763624259e-09,9.66617166280314e-10,1.41903155254171e-09,1.40886969521115e-08,-1.53569017640981e-09,6.80996474542394e-09,5.09568040401014e-09,1.41903155254171e-09,1.12641347604475e-08,9.96412596532139e-09,-8.26092554296973e-08,1.13424285965778e-08,4.48580305662409e-09,1.40886969521115e-08,9.96412596532139e-09,3.14714451791796e-08
3.37697426208415e-08,-2.26035870877895e-09,6.66184339066566e-09,-3.63411026365886e-09,6.80996474542394e-09,1.13424285965778e-08,-2.26035870877895e-09,-3.378477030707e-07,1.47692005715619e-08,1.66902153200726e-08,1.09011179273857e-08,-1.80032441013357e-08,6.66184339066566e-09,1.47692005715619e-08,-4.79212865850326e-09,-6.43267502850306e-09,-8.00767875465008e-09,-4.12296493016778e-09,-3.63411026365886e-09,1.66902153200726e-08,-6.43267502850306e-09,-7.61223544263686e-09,-5.64676581067379e-09,6.5034546705892e-09,6.80996474542394e-09,1.09011179273857e-08,-8.00767875465008e-09,-5.64676581067379e-09,-8.2126701793167e-09,2.46030286372324e-09,1.13424285965778e-08,-1.80032441013357e-08,-4.12296493016778e-09,6.5034546705892e-09,2.46030286372324e-09,1.66214212154882e-09
-1.73807266301521e-08,6.66184339066566e-09,-2.37525077813832e-09,-3.81250763624259e-09,5.09568040401014e-09,4.48580305662409e-09,6.66184339066566e-09,1.47692005715619e-08,-4.79212865850326e-09,-6.43267502850306e-09,-8.00767875465008e-09,-4.12296493016778e-09,-2.37525077813832e-09,-4.79212865850326e-09,-2.59889414595737e-07,-2.19316828609621e-10,-3.84263320057449e-09,-3.92503655387282e-08,-3.81250763624259e-09,-6.43267502850306e-09,-2.19316828609621e-10,5.79885382601989e-09,1.86714729823993e-09,-2.55292454706599e-09,5.09568040401014e-09,-8.00767875465008e-09,-3.84263320057449e-09,1.86714729823993e-09,-5.40658753492913e-09,-9.61169001494742e-09,4.48580305662409e-09,-4.12296493016778e-09,-3.92503655387282e-08,-2.55292454706599e-09,-9.61169001494742e-09,4.14551385539932e-08
2.99446594669126e-08,-3.63411026365886e-09,-3.81250763624259e-09,9.66617166280314e-10,1.41903155254171e-09,1.40886969521115e-08,-3.63411026365886e-09,1.66902153200726e-08,-6.43267502850306e-09,-7.61223544263686e-09,-5.64676581067379e-09,6.5034546705892e-09,-3.81250763624259e-09,-6.43267502850306e-09,-2.19316828609621e-10,5.79885382601989e-09,1.86714729823993e-09,-2.55292454706599e-09,9.66617166280314e-10,-7.61223544263686e-09,5.79885382601989e-09,-2.69986637128097e-07,1.18722480718809e-09,-1.24882080717464e-08,1.41903155254171e-09,-5.64676581067379e-09,1.86714729823993e-09,1.18722480718809e-09,-1.49285579197739e-09,-9.65190484605405e-09,1.40886969521115e-08,6.5034546705892e-09,-2.55292454706599e-09,-1.24882080717464e-08,-9.65190484605405e-09,-5.62124941756456e-09
-1.53569017640981e-09,6.80996474542394e-09,5.09568040401014e-09,1.41903155254171e-09,1.12641347604475e-08,9.96412596532139e-09,6.80996474542394e-09,1.09011179273857e-08,-8.00767875465008e-09,-5.64676581067379e-09,-8.2126701793167e-09,2.46030286372324e-09,5.09568040401014e-09,-8.00767875465008e-09,-3.84263320057449e-09,1.86714729823993e-09,-5.40658753492913e-09,-9.61169001494742e-09,1.41903155254171e-09,-5.64676581067379e-09,1.86714729823993e-09,1.18722480718809e-09,-1.49285579197739e-09,-9.65190484605405e-09,1.12641347604475e-08,-8.2126701793167e-09,-5.40658753492913e-09,-1.49285579197739e-09,-2.854083367715e-07,-1.60722129914259e-08,9.96412596532139e-09,2.46030286372324e-09,-9.61169001494742e-09,-9.65190484605405e-09,-1.60722129914259e-08,-1.91618356834997e-08
-8.26092554296973e-08,1.13424285965778e-08,4.48580305662409e-09,1.40886969521115e-08,9.96412596532139e-09,3.14714451791796e-08,1.13424285965778e-08,-1.80032441013357e-08,-4.12296493016778e-09,6.5034546705892e-09,2.46030286372324e-09,1.66214212154882e-09,4.48580305662409e-09,-4.12296493016778e-09,-3.92503655387282e-08,-2.55292454706599e-09,-9.61169001494742e-09,4.14551385539932e-08,1.40886969521115e-08,6.5034546705892e-09,-2.55292454706599e-09,-1.24882080717464e-08,-9.65190484605405e-09,-5.62124941756456e-09,9.96412596532139e-09,2.46030286372324e-09,-9.61169001494742e-09,-9.65190484605405e-09,-1.60722129914259e-08,-1.91618356834997e-08,3.14714451791796e-08,1.66214212154882e-09,4.14551385539932e-08,-5.62124941756456e-09,-1.91618356834997e-08,-4.40553275050517e-07
