"M2sh.Mkt.RF","M2sh.SMB","M2sh.HML","M2sh.RMW","M2sh.CMA","M2sh.MOM"
0.000119504750699502,-6.64286592796859e-07,-4.37883659915666e-06,-1.73258441808832e-05,-1.59843996717157e-05,-1.86333361994267e-05
-6.64286592796859e-07,3.1891718719899e-05,1.68181293568332e-06,-7.29474477318747e-06,9.18499985346634e-07,5.40775887681945e-07
-4.37883659915666e-06,1.68181293568332e-06,3.53744941367224e-05,1.1465450837355e-06,1.20528995221273e-05,-1.66644893324366e-05
-1.73258441808832e-05,-7.29474477318747e-06,1.1465450837355e-06,2.06885779964507e-05,4.14179932660779e-06,5.31063751697659e-06
-1.59843996717157e-05,9.18499985346634e-07,1.20528995221273e-05,4.14179932660779e-06,1.70304193349099e-05,1.4312210669644e-06
-1.86333361994267e-05,5.40775887681945e-07,-1.66644893324366e-05,5.31063751697659e-06,1.4312210669644e-06,7.09804026269969e-05
