"M3sh.1","M3sh.2","M3sh.3","M3sh.4","M3sh.5","M3sh.6","M3sh.7","M3sh.8","M3sh.9","M3sh.10","M3sh.11","M3sh.12","M3sh.13","M3sh.14","M3sh.15","M3sh.16","M3sh.17","M3sh.18","M3sh.19","M3sh.20","M3sh.21","M3sh.22","M3sh.23","M3sh.24","M3sh.25","M3sh.26","M3sh.27","M3sh.28","M3sh.29","M3sh.30","M3sh.31","M3sh.32","M3sh.33","M3sh.34","M3sh.35","M3sh.36"
-6.4105656090914e-07,3.34245761554481e-08,-1.85783121340561e-08,2.97034480713912e-08,-2.12699843036267e-09,-8.42387475754478e-08,3.34245761554481e-08,-2.06068821072882e-09,6.90702155595503e-09,-3.63301448527443e-09,7.02987394436625e-09,1.17187028972823e-08,-1.85783121340561e-08,6.90702155595503e-09,-1.70213797318366e-09,-3.64968276831871e-09,5.63514919308982e-09,5.4829481116697e-09,2.97034480713912e-08,-3.63301448527443e-09,-3.64968276831871e-09,1.04809028399241e-09,1.5143121598486e-09,1.43571574653952e-08,-2.12699843036267e-09,7.02987394436625e-09,5.63514919308982e-09,1.5143121598486e-09,1.16327399820765e-08,1.06142676596253e-08,-8.42387475754478e-08,1.17187028972823e-08,5.4829481116697e-09,1.43571574653952e-08,1.06142676596253e-08,3.26935392610647e-08
3.34245761554481e-08,-2.06068821072882e-09,6.90702155595503e-09,-3.63301448527443e-09,7.02987394436625e-09,1.17187028972823e-08,-2.06068821072882e-09,-3.38100364214414e-07,1.47800690556165e-08,1.68568413568215e-08,1.08833149680697e-08,-1.80580909910804e-08,6.90702155595503e-09,1.47800690556165e-08,-5.01113059863412e-09,-6.52230019978702e-09,-8.17026869154466e-09,-4.35587875201694e-09,-3.63301448527443e-09,1.68568413568215e-08,-6.52230019978702e-09,-7.64252856922849e-09,-5.71655077648832e-09,6.40842899937351e-09,7.02987394436625e-09,1.08833149680697e-08,-8.17026869154466e-09,-5.71655077648832e-09,-8.3255876981224e-09,2.3535939973758e-09,1.17187028972823e-08,-1.80580909910804e-08,-4.35587875201694e-09,6.40842899937351e-09,2.3535939973758e-09,1.51275986067808e-09
-1.85783121340561e-08,6.90702155595503e-09,-1.70213797318366e-09,-3.64968276831871e-09,5.63514919308982e-09,5.4829481116697e-09,6.90702155595503e-09,1.47800690556165e-08,-5.01113059863412e-09,-6.52230019978702e-09,-8.17026869154466e-09,-4.35587875201694e-09,-1.70213797318366e-09,-5.01113059863412e-09,-2.60013544089357e-07,-2.93535361092387e-10,-4.20386072064474e-09,-3.99091247000648e-08,-3.64968276831871e-09,-6.52230019978702e-09,-2.93535361092387e-10,5.75440152145097e-09,1.82261422880245e-09,-2.68610971327759e-09,5.63514919308982e-09,-8.17026869154466e-09,-4.20386072064474e-09,1.82261422880245e-09,-5.72099711896307e-09,-1.00819600163243e-08,5.4829481116697e-09,-4.35587875201694e-09,-3.99091247000648e-08,-2.68610971327759e-09,-1.00819600163243e-08,4.07024210423325e-08
2.97034480713912e-08,-3.63301448527443e-09,-3.64968276831871e-09,1.04809028399241e-09,1.5143121598486e-09,1.43571574653952e-08,-3.63301448527443e-09,1.68568413568215e-08,-6.52230019978702e-09,-7.64252856922849e-09,-5.71655077648832e-09,6.40842899937351e-09,-3.64968276831871e-09,-6.52230019978702e-09,-2.93535361092387e-10,5.75440152145097e-09,1.82261422880245e-09,-2.68610971327759e-09,1.04809028399241e-09,-7.64252856922849e-09,5.75440152145097e-09,-2.69661550430161e-07,1.1586882651709e-09,-1.25499049033363e-08,1.5143121598486e-09,-5.71655077648832e-09,1.82261422880245e-09,1.1586882651709e-09,-1.52552049706818e-09,-9.7537327109638e-09,1.43571574653952e-08,6.40842899937351e-09,-2.68610971327759e-09,-1.25499049033363e-08,-9.7537327109638e-09,-5.79955543869743e-09
-2.12699843036267e-09,7.02987394436625e-09,5.63514919308982e-09,1.5143121598486e-09,1.16327399820765e-08,1.06142676596253e-08,7.02987394436625e-09,1.08833149680697e-08,-8.17026869154466e-09,-5.71655077648832e-09,-8.3255876981224e-09,2.3535939973758e-09,5.63514919308982e-09,-8.17026869154466e-09,-4.20386072064474e-09,1.82261422880245e-09,-5.72099711896307e-09,-1.00819600163243e-08,1.5143121598486e-09,-5.71655077648832e-09,1.82261422880245e-09,1.1586882651709e-09,-1.52552049706818e-09,-9.7537327109638e-09,1.16327399820765e-08,-8.3255876981224e-09,-5.72099711896307e-09,-1.52552049706818e-09,-2.85351802008351e-07,-1.64397615590087e-08,1.06142676596253e-08,2.3535939973758e-09,-1.00819600163243e-08,-9.7537327109638e-09,-1.64397615590087e-08,-1.97501016844859e-08
-8.42387475754478e-08,1.17187028972823e-08,5.4829481116697e-09,1.43571574653952e-08,1.06142676596253e-08,3.26935392610647e-08,1.17187028972823e-08,-1.80580909910804e-08,-4.35587875201694e-09,6.40842899937351e-09,2.3535939973758e-09,1.51275986067808e-09,5.4829481116697e-09,-4.35587875201694e-09,-3.99091247000648e-08,-2.68610971327759e-09,-1.00819600163243e-08,4.07024210423325e-08,1.43571574653952e-08,6.40842899937351e-09,-2.68610971327759e-09,-1.25499049033363e-08,-9.7537327109638e-09,-5.79955543869743e-09,1.06142676596253e-08,2.3535939973758e-09,-1.00819600163243e-08,-9.7537327109638e-09,-1.64397615590087e-08,-1.97501016844859e-08,3.26935392610647e-08,1.51275986067808e-09,4.07024210423325e-08,-5.79955543869743e-09,-1.97501016844859e-08,-4.41763006824657e-07
