"M2sh.Mkt.RF","M2sh.SMB","M2sh.HML","M2sh.RMW","M2sh.CMA","M2sh.MOM"
9.24935094153559e-05,-1.9173087598119e-05,-2.56945727521448e-05,-8.21605321017097e-06,-1.70942350776723e-05,3.68408283078856e-06
-1.9173087598119e-05,2.9819904293811e-05,1.90425267602909e-06,-6.68856180014393e-06,1.25226886910984e-06,2.98709351610233e-06
-2.56945727521448e-05,1.90425267602909e-06,2.23962402395046e-05,3.69367179813192e-06,1.30569270346374e-05,-1.51664833697161e-06
-8.21605321017097e-06,-6.68856180014393e-06,3.69367179813192e-06,1.6975555549247e-05,3.10298876810571e-06,1.17325974750167e-06
-1.70942350776723e-05,1.25226886910984e-06,1.30569270346374e-05,3.10298876810571e-06,1.61579716997212e-05,1.42735469930917e-06
3.68408283078856e-06,2.98709351610233e-06,-1.51664833697161e-06,1.17325974750167e-06,1.42735469930917e-06,3.92151092189825e-05
