"M3sh.1","M3sh.2","M3sh.3","M3sh.4","M3sh.5","M3sh.6","M3sh.7","M3sh.8","M3sh.9","M3sh.10","M3sh.11","M3sh.12","M3sh.13","M3sh.14","M3sh.15","M3sh.16","M3sh.17","M3sh.18","M3sh.19","M3sh.20","M3sh.21","M3sh.22","M3sh.23","M3sh.24","M3sh.25","M3sh.26","M3sh.27","M3sh.28","M3sh.29","M3sh.30","M3sh.31","M3sh.32","M3sh.33","M3sh.34","M3sh.35","M3sh.36"
-4.21443155096225e-07,2.7859365555273e-08,1.2023472255046e-08,9.53328741273752e-09,-4.60294981906575e-09,-5.90985868715915e-08,2.7859365555273e-08,-6.75398829069179e-09,2.9389330205126e-09,-1.20765330617732e-10,5.14551283115501e-09,8.45303457934436e-09,1.2023472255046e-08,2.9389330205126e-09,-5.10505318629162e-11,-1.91098030350252e-09,4.1832021865225e-09,1.04348804662066e-08,9.53328741273752e-09,-1.20765330617732e-10,-1.91098030350252e-09,-9.10705711330317e-11,5.84206399010441e-10,8.03050575440801e-09,-4.60294981906575e-09,5.14551283115501e-09,4.1832021865225e-09,5.84206399010441e-10,7.3428998983568e-09,6.64851234148409e-09,-5.90985868715915e-08,8.45303457934436e-09,1.04348804662066e-08,8.03050575440801e-09,6.64851234148409e-09,-2.58984212057758e-09
2.7859365555273e-08,-6.75398829069179e-09,2.9389330205126e-09,-1.20765330617732e-10,5.14551283115501e-09,8.45303457934436e-09,-6.75398829069179e-09,-2.85269142547381e-07,7.43870456005836e-09,1.20756913361165e-08,7.46384313579496e-09,-1.0525985281774e-08,2.9389330205126e-09,7.43870456005836e-09,-6.07672231246866e-09,-3.15974494102784e-09,-5.38793744348162e-09,1.76460167618862e-09,-1.20765330617732e-10,1.20756913361165e-08,-3.15974494102784e-09,-5.56001579997327e-09,-3.5152414037e-09,3.37580351104954e-09,5.14551283115501e-09,7.46384313579496e-09,-5.38793744348162e-09,-3.5152414037e-09,-5.62841661870714e-09,1.85534176619805e-09,8.45303457934436e-09,-1.0525985281774e-08,1.76460167618862e-09,3.37580351104954e-09,1.85534176619805e-09,-1.04499897161536e-08
1.2023472255046e-08,2.9389330205126e-09,-5.10505318629162e-11,-1.91098030350252e-09,4.1832021865225e-09,1.04348804662066e-08,2.9389330205126e-09,7.43870456005836e-09,-6.07672231246866e-09,-3.15974494102784e-09,-5.38793744348162e-09,1.76460167618862e-09,-5.10505318629162e-11,-6.07672231246866e-09,-2.37096741171104e-07,2.71152349291258e-09,-1.80957068382221e-09,-7.07951182710082e-09,-1.91098030350252e-09,-3.15974494102784e-09,2.71152349291258e-09,1.60214632513848e-09,7.83627421259567e-10,-6.33229941416593e-09,4.1832021865225e-09,-5.38793744348162e-09,-1.80957068382221e-09,7.83627421259567e-10,-4.23294535121577e-09,-7.34064666916815e-09,1.04348804662066e-08,1.76460167618862e-09,-7.07951182710082e-09,-6.33229941416593e-09,-7.34064666916815e-09,-4.77991660757233e-09
9.53328741273752e-09,-1.20765330617732e-10,-1.91098030350252e-09,-9.10705711330317e-11,5.84206399010441e-10,8.03050575440801e-09,-1.20765330617732e-10,1.20756913361165e-08,-3.15974494102784e-09,-5.56001579997327e-09,-3.5152414037e-09,3.37580351104954e-09,-1.91098030350252e-09,-3.15974494102784e-09,2.71152349291258e-09,1.60214632513848e-09,7.83627421259567e-10,-6.33229941416593e-09,-9.10705711330317e-11,-5.56001579997327e-09,1.60214632513848e-09,-2.33769637746251e-07,7.49863360951496e-10,-5.59285121599435e-09,5.84206399010441e-10,-3.5152414037e-09,7.83627421259567e-10,7.49863360951496e-10,-9.13922343833143e-10,-5.78410616695798e-09,8.03050575440801e-09,3.37580351104954e-09,-6.33229941416593e-09,-5.59285121599435e-09,-5.78410616695798e-09,3.71866257885737e-09
-4.60294981906575e-09,5.14551283115501e-09,4.1832021865225e-09,5.84206399010441e-10,7.3428998983568e-09,6.64851234148409e-09,5.14551283115501e-09,7.46384313579496e-09,-5.38793744348162e-09,-3.5152414037e-09,-5.62841661870714e-09,1.85534176619805e-09,4.1832021865225e-09,-5.38793744348162e-09,-1.80957068382221e-09,7.83627421259567e-10,-4.23294535121577e-09,-7.34064666916815e-09,5.84206399010441e-10,-3.5152414037e-09,7.83627421259567e-10,7.49863360951496e-10,-9.13922343833143e-10,-5.78410616695798e-09,7.3428998983568e-09,-5.62841661870714e-09,-4.23294535121577e-09,-9.13922343833143e-10,-2.45020110714785e-07,-9.29998444438804e-09,6.64851234148409e-09,1.85534176619805e-09,-7.34064666916815e-09,-5.78410616695798e-09,-9.29998444438804e-09,-1.0026273975835e-08
-5.90985868715915e-08,8.45303457934436e-09,1.04348804662066e-08,8.03050575440801e-09,6.64851234148409e-09,-2.58984212057758e-09,8.45303457934436e-09,-1.0525985281774e-08,1.76460167618862e-09,3.37580351104954e-09,1.85534176619805e-09,-1.04499897161536e-08,1.04348804662066e-08,1.76460167618862e-09,-7.07951182710082e-09,-6.33229941416593e-09,-7.34064666916815e-09,-4.77991660757233e-09,8.03050575440801e-09,3.37580351104954e-09,-6.33229941416593e-09,-5.59285121599435e-09,-5.78410616695798e-09,3.71866257885737e-09,6.64851234148409e-09,1.85534176619805e-09,-7.34064666916815e-09,-5.78410616695798e-09,-9.29998444438804e-09,-1.0026273975835e-08,-2.58984212057758e-09,-1.04499897161536e-08,-4.77991660757233e-09,3.71866257885737e-09,-1.0026273975835e-08,-2.83389972343315e-07
