"M3sh.1","M3sh.2","M3sh.3","M3sh.4","M3sh.5","M3sh.6","M3sh.7","M3sh.8","M3sh.9","M3sh.10","M3sh.11","M3sh.12","M3sh.13","M3sh.14","M3sh.15","M3sh.16","M3sh.17","M3sh.18","M3sh.19","M3sh.20","M3sh.21","M3sh.22","M3sh.23","M3sh.24","M3sh.25","M3sh.26","M3sh.27","M3sh.28","M3sh.29","M3sh.30","M3sh.31","M3sh.32","M3sh.33","M3sh.34","M3sh.35","M3sh.36"
-2.51743152652037e-07,6.01584551001506e-09,2.17017458377683e-09,1.1899695023964e-09,-5.11819743310412e-10,-9.85263625005425e-09,6.01584551001506e-09,-1.7404558304751e-09,8.28502611837295e-11,-4.64678679085888e-10,3.83893757751511e-10,1.42008749603529e-09,2.17017458377683e-09,8.28502611837295e-11,2.53958991958856e-10,-3.23656770460027e-10,4.11645789682775e-10,9.12423761952298e-10,1.1899695023964e-09,-4.64678679085888e-10,-3.23656770460027e-10,1.76063645659402e-10,-1.42376920642092e-10,5.34778278324493e-10,-5.11819743310412e-10,3.83893757751511e-10,4.11645789682775e-10,-1.42376920642092e-10,4.20543627084203e-10,3.08186053263065e-10,-9.85263625005425e-09,1.42008749603529e-09,9.12423761952298e-10,5.34778278324493e-10,3.08186053263065e-10,-1.38392850795245e-09
6.01584551001506e-09,-1.7404558304751e-09,8.28502611837295e-11,-4.64678679085888e-10,3.83893757751511e-10,1.42008749603529e-09,-1.7404558304751e-09,-2.29082442576805e-07,1.37223627763892e-09,1.77662219398522e-09,1.23466301439582e-09,-1.42662092683438e-09,8.28502611837295e-11,1.37223627763892e-09,-5.12309423391105e-10,-1.93466286531708e-10,-4.15055341352052e-10,-3.55381139621467e-11,-4.64678679085888e-10,1.77662219398522e-09,-1.93466286531708e-10,-4.06332919037096e-10,-2.24682492856695e-10,6.0197458668336e-11,3.83893757751511e-10,1.23466301439582e-09,-4.15055341352052e-10,-2.24682492856695e-10,-3.73307563484497e-10,1.52614632056889e-10,1.42008749603529e-09,-1.42662092683438e-09,-3.55381139621467e-11,6.0197458668336e-11,1.52614632056889e-10,-3.60691530223464e-11
2.17017458377683e-09,8.28502611837295e-11,2.53958991958856e-10,-3.23656770460027e-10,4.11645789682775e-10,9.12423761952298e-10,8.28502611837295e-11,1.37223627763892e-09,-5.12309423391105e-10,-1.93466286531708e-10,-4.15055341352052e-10,-3.55381139621467e-11,2.53958991958856e-10,-5.12309423391105e-10,-2.21197647550693e-07,8.80643808117329e-11,-1.15423668435417e-10,-5.14310827434016e-10,-3.23656770460027e-10,-1.93466286531708e-10,8.80643808117329e-11,3.72540606108218e-11,8.58986080765397e-11,2.12709992643164e-11,4.11645789682775e-10,-4.15055341352052e-10,-1.15423668435417e-10,8.58986080765397e-11,-1.35893672017224e-10,-2.66947798075131e-10,9.12423761952298e-10,-3.55381139621467e-11,-5.14310827434016e-10,2.12709992643164e-11,-2.66947798075131e-10,-7.72182925620448e-12
1.1899695023964e-09,-4.64678679085888e-10,-3.23656770460027e-10,1.76063645659402e-10,-1.42376920642092e-10,5.34778278324493e-10,-4.64678679085888e-10,1.77662219398522e-09,-1.93466286531708e-10,-4.06332919037096e-10,-2.24682492856695e-10,6.0197458668336e-11,-3.23656770460027e-10,-1.93466286531708e-10,8.80643808117329e-11,3.72540606108218e-11,8.58986080765397e-11,2.12709992643164e-11,1.76063645659402e-10,-4.06332919037096e-10,3.72540606108218e-11,-2.21157338846621e-07,3.94050747921781e-11,-1.40029618836313e-10,-1.42376920642092e-10,-2.24682492856695e-10,8.58986080765397e-11,3.94050747921781e-11,7.27561076281512e-11,4.85997704816166e-11,5.34778278324493e-10,6.0197458668336e-11,2.12709992643164e-11,-1.40029618836313e-10,4.85997704816166e-11,1.66156813713774e-10
-5.11819743310412e-10,3.83893757751511e-10,4.11645789682775e-10,-1.42376920642092e-10,4.20543627084203e-10,3.08186053263065e-10,3.83893757751511e-10,1.23466301439582e-09,-4.15055341352052e-10,-2.24682492856695e-10,-3.73307563484497e-10,1.52614632056889e-10,4.11645789682775e-10,-4.15055341352052e-10,-1.15423668435417e-10,8.58986080765397e-11,-1.35893672017224e-10,-2.66947798075131e-10,-1.42376920642092e-10,-2.24682492856695e-10,8.58986080765397e-11,3.94050747921781e-11,7.27561076281512e-11,4.85997704816166e-11,4.20543627084203e-10,-3.73307563484497e-10,-1.35893672017224e-10,7.27561076281512e-11,-2.21349221791205e-07,-2.31257631498047e-10,3.08186053263065e-10,1.52614632056889e-10,-2.66947798075131e-10,4.85997704816166e-11,-2.31257631498047e-10,-3.50513255924694e-10
-9.85263625005425e-09,1.42008749603529e-09,9.12423761952298e-10,5.34778278324493e-10,3.08186053263065e-10,-1.38392850795245e-09,1.42008749603529e-09,-1.42662092683438e-09,-3.55381139621467e-11,6.0197458668336e-11,1.52614632056889e-10,-3.60691530223464e-11,9.12423761952298e-10,-3.55381139621467e-11,-5.14310827434016e-10,2.12709992643164e-11,-2.66947798075131e-10,-7.72182925620448e-12,5.34778278324493e-10,6.0197458668336e-11,2.12709992643164e-11,-1.40029618836313e-10,4.85997704816166e-11,1.66156813713774e-10,3.08186053263065e-10,1.52614632056889e-10,-2.66947798075131e-10,4.85997704816166e-11,-2.31257631498047e-10,-3.50513255924694e-10,-1.38392850795245e-09,-3.60691530223464e-11,-7.72182925620448e-12,1.66156813713774e-10,-3.50513255924694e-10,-2.24014404586781e-07
