"M2sh.Mkt.RF","M2sh.SMB","M2sh.HML","M2sh.RMW","M2sh.CMA","M2sh.MOM"
0.000127032905483552,-4.72687131417885e-06,-5.59515290316078e-06,-1.68656958463568e-05,-1.58324573144958e-05,-1.65474267384025e-05
-4.72687131417885e-06,3.52604565578572e-05,1.8333843910212e-06,-7.75898232308571e-06,6.1378382274918e-07,2.96159143562323e-07
-5.59515290316078e-06,1.8333843910212e-06,3.46752907010031e-05,1.10277380691684e-06,1.18437684437542e-05,-1.62436547052145e-05
-1.68656958463568e-05,-7.75898232308571e-06,1.10277380691684e-06,2.03355035485129e-05,4.08391155110844e-06,5.40577310597028e-06
-1.58324573144958e-05,6.1378382274918e-07,1.18437684437542e-05,4.08391155110844e-06,1.68676134617543e-05,1.69901629659511e-06
-1.65474267384025e-05,2.96159143562323e-07,-1.62436547052145e-05,5.40577310597028e-06,1.69901629659511e-06,7.03656665290013e-05
