"M2sh.Mkt.RF","M2sh.SMB","M2sh.HML","M2sh.RMW","M2sh.CMA","M2sh.MOM"
8.88948057661188e-05,-1.98735511196113e-05,-2.67468328288267e-05,-4.11339137269924e-06,-1.88995526006158e-05,5.2081059937427e-06
-1.98735511196113e-05,2.87644611807816e-05,2.25339036367887e-06,-6.29478111881339e-06,1.11204538568248e-06,1.71205267622606e-06
-2.67468328288267e-05,2.25339036367887e-06,2.23302288625664e-05,2.97230144291435e-06,1.34453853816033e-05,-2.0225162328529e-06
-4.11339137269924e-06,-6.29478111881339e-06,2.97230144291435e-06,1.41003330731546e-05,3.5273639027577e-06,-9.31169350730278e-07
-1.88995526006158e-05,1.11204538568248e-06,1.34453853816033e-05,3.5273639027577e-06,1.56064498343208e-05,1.30136244008795e-06
5.2081059937427e-06,1.71205267622606e-06,-2.0225162328529e-06,-9.31169350730278e-07,1.30136244008795e-06,3.54175059068579e-05
