"M3sh.1","M3sh.2","M3sh.3","M3sh.4","M3sh.5","M3sh.6","M3sh.7","M3sh.8","M3sh.9","M3sh.10","M3sh.11","M3sh.12","M3sh.13","M3sh.14","M3sh.15","M3sh.16","M3sh.17","M3sh.18","M3sh.19","M3sh.20","M3sh.21","M3sh.22","M3sh.23","M3sh.24","M3sh.25","M3sh.26","M3sh.27","M3sh.28","M3sh.29","M3sh.30","M3sh.31","M3sh.32","M3sh.33","M3sh.34","M3sh.35","M3sh.36"
-6.51901912772547e-07,3.49272459396763e-08,-1.69167890406572e-08,3.1299387243299e-08,-1.04708091518904e-09,-8.52122247238733e-08,3.49272459396763e-08,-2.44826588097552e-09,7.20054227703915e-09,-3.4755212798907e-09,7.2257967099116e-09,1.10417614959299e-08,-1.69167890406572e-08,7.20054227703915e-09,-3.0768633792257e-09,-4.22983570319152e-09,4.81435608173078e-09,4.50660034015e-09,3.1299387243299e-08,-3.4755212798907e-09,-4.22983570319152e-09,8.30685403489438e-10,1.32167186948645e-09,1.42379661667592e-08,-1.04708091518904e-09,7.2257967099116e-09,4.81435608173078e-09,1.32167186948645e-09,1.14297053665993e-08,9.9892163231599e-09,-8.52122247238733e-08,1.10417614959299e-08,4.50660034015e-09,1.42379661667592e-08,9.9892163231599e-09,3.35825378327523e-08
3.49272459396763e-08,-2.44826588097552e-09,7.20054227703915e-09,-3.4755212798907e-09,7.2257967099116e-09,1.10417614959299e-08,-2.44826588097552e-09,-3.3747102389392e-07,1.54933960273781e-08,1.72606994250366e-08,1.13325144127145e-08,-1.81128363092921e-08,7.20054227703915e-09,1.54933960273781e-08,-4.99327233374802e-09,-6.82692432365396e-09,-8.28342596331629e-09,-4.03853807975392e-09,-3.4755212798907e-09,1.72606994250366e-08,-6.82692432365396e-09,-7.88487008423586e-09,-5.93571528024301e-09,6.55394405440446e-09,7.2257967099116e-09,1.13325144127145e-08,-8.28342596331629e-09,-5.93571528024301e-09,-8.49377993449523e-09,2.55052074016163e-09,1.10417614959299e-08,-1.81128363092921e-08,-4.03853807975392e-09,6.55394405440446e-09,2.55052074016163e-09,2.62462388928498e-10
-1.69167890406572e-08,7.20054227703915e-09,-3.0768633792257e-09,-4.22983570319152e-09,4.81435608173078e-09,4.50660034015e-09,7.20054227703915e-09,1.54933960273781e-08,-4.99327233374802e-09,-6.82692432365396e-09,-8.28342596331629e-09,-4.03853807975392e-09,-3.0768633792257e-09,-4.99327233374802e-09,-2.56128816085948e-07,2.43696445939178e-10,-3.46632691496719e-09,-4.11115446975662e-08,-4.22983570319152e-09,-6.82692432365396e-09,2.43696445939178e-10,6.31823997618355e-09,2.20284771401364e-09,-2.98732347024052e-09,4.81435608173078e-09,-8.28342596331629e-09,-3.46632691496719e-09,2.20284771401364e-09,-5.19235513545569e-09,-1.0143109438696e-08,4.50660034015e-09,-4.03853807975392e-09,-4.11115446975662e-08,-2.98732347024052e-09,-1.0143109438696e-08,4.4197788989687e-08
3.1299387243299e-08,-3.4755212798907e-09,-4.22983570319152e-09,8.30685403489438e-10,1.32167186948645e-09,1.42379661667592e-08,-3.4755212798907e-09,1.72606994250366e-08,-6.82692432365396e-09,-7.88487008423586e-09,-5.93571528024301e-09,6.55394405440446e-09,-4.22983570319152e-09,-6.82692432365396e-09,2.43696445939178e-10,6.31823997618355e-09,2.20284771401364e-09,-2.98732347024052e-09,8.30685403489438e-10,-7.88487008423586e-09,6.31823997618355e-09,-2.67460789356804e-07,1.4145722065568e-09,-1.28276014779391e-08,1.32167186948645e-09,-5.93571528024301e-09,2.20284771401364e-09,1.4145722065568e-09,-1.38655137468873e-09,-1.00709301747773e-08,1.42379661667592e-08,6.55394405440446e-09,-2.98732347024052e-09,-1.28276014779391e-08,-1.00709301747773e-08,-4.77445179516534e-09
-1.04708091518904e-09,7.2257967099116e-09,4.81435608173078e-09,1.32167186948645e-09,1.14297053665993e-08,9.9892163231599e-09,7.2257967099116e-09,1.13325144127145e-08,-8.28342596331629e-09,-5.93571528024301e-09,-8.49377993449523e-09,2.55052074016163e-09,4.81435608173078e-09,-8.28342596331629e-09,-3.46632691496719e-09,2.20284771401364e-09,-5.19235513545569e-09,-1.0143109438696e-08,1.32167186948645e-09,-5.93571528024301e-09,2.20284771401364e-09,1.4145722065568e-09,-1.38655137468873e-09,-1.00709301747773e-08,1.14297053665993e-08,-8.49377993449523e-09,-5.19235513545569e-09,-1.38655137468873e-09,-2.83352621258605e-07,-1.66949382110488e-08,9.9892163231599e-09,2.55052074016163e-09,-1.0143109438696e-08,-1.00709301747773e-08,-1.66949382110488e-08,-1.91150492105834e-08
-8.52122247238733e-08,1.10417614959299e-08,4.50660034015e-09,1.42379661667592e-08,9.9892163231599e-09,3.35825378327523e-08,1.10417614959299e-08,-1.81128363092921e-08,-4.03853807975392e-09,6.55394405440446e-09,2.55052074016163e-09,2.62462388928498e-10,4.50660034015e-09,-4.03853807975392e-09,-4.11115446975662e-08,-2.98732347024052e-09,-1.0143109438696e-08,4.4197788989687e-08,1.42379661667592e-08,6.55394405440446e-09,-2.98732347024052e-09,-1.28276014779391e-08,-1.00709301747773e-08,-4.77445179516534e-09,9.9892163231599e-09,2.55052074016163e-09,-1.0143109438696e-08,-1.00709301747773e-08,-1.66949382110488e-08,-1.91150492105834e-08,3.35825378327523e-08,2.62462388928498e-10,4.4197788989687e-08,-4.77445179516534e-09,-1.91150492105834e-08,-4.46980479192404e-07
