"M2sh.Mkt.RF","M2sh.SMB","M2sh.HML","M2sh.RMW","M2sh.CMA","M2sh.MOM"
0.000128373631631611,-6.05761278295441e-06,-6.12770151697768e-06,-1.66672125539221e-05,-1.60374905377664e-05,-1.64964922813746e-05
-6.05761278295441e-06,3.51163860590191e-05,1.75058811426494e-06,-7.64837135833052e-06,6.35364868909281e-07,2.02475141630197e-07
-6.12770151697768e-06,1.75058811426494e-06,3.40059766393948e-05,1.24060165014673e-06,1.16384208926852e-05,-1.62085322704746e-05
-1.66672125539221e-05,-7.64837135833052e-06,1.24060165014673e-06,2.00948227011625e-05,4.15189428252691e-06,5.36353591461857e-06
-1.60374905377664e-05,6.35364868909281e-07,1.16384208926852e-05,4.15189428252691e-06,1.67427615495161e-05,1.91026282465488e-06
-1.64964922813746e-05,2.02475141630197e-07,-1.62085322704746e-05,5.36353591461857e-06,1.91026282465488e-06,6.96674658902577e-05
