"M3sh.1","M3sh.2","M3sh.3","M3sh.4","M3sh.5","M3sh.6","M3sh.7","M3sh.8","M3sh.9","M3sh.10","M3sh.11","M3sh.12","M3sh.13","M3sh.14","M3sh.15","M3sh.16","M3sh.17","M3sh.18","M3sh.19","M3sh.20","M3sh.21","M3sh.22","M3sh.23","M3sh.24","M3sh.25","M3sh.26","M3sh.27","M3sh.28","M3sh.29","M3sh.30","M3sh.31","M3sh.32","M3sh.33","M3sh.34","M3sh.35","M3sh.36"
-5.49866611458572e-07,2.16869500664826e-08,-1.0517311550286e-08,1.93683153815427e-08,-9.16727032319034e-10,-6.58228451225112e-08,2.16869500664826e-08,-1.8141511651618e-09,7.43336335572764e-09,-2.53035909595607e-09,6.36372770286389e-09,8.65800805148732e-09,-1.0517311550286e-08,7.43336335572764e-09,-5.91590723562559e-10,-3.32814424210592e-09,4.55747764470629e-09,5.08365635961973e-09,1.93683153815427e-08,-2.53035909595607e-09,-3.32814424210592e-09,1.47034359289707e-09,1.01659995598499e-09,1.11768157387912e-08,-9.16727032319034e-10,6.36372770286389e-09,4.55747764470629e-09,1.01659995598499e-09,9.24666887275616e-09,8.40976247161374e-09,-6.58228451225112e-08,8.65800805148732e-09,5.08365635961973e-09,1.11768157387912e-08,8.40976247161374e-09,2.49802453283817e-08
2.16869500664826e-08,-1.8141511651618e-09,7.43336335572764e-09,-2.53035909595607e-09,6.36372770286389e-09,8.65800805148732e-09,-1.8141511651618e-09,-3.46383855131597e-07,1.08887757167758e-08,1.47320221966317e-08,8.51304195037377e-09,-1.59387932240709e-08,7.43336335572764e-09,1.08887757167758e-08,-4.11370214472382e-09,-4.71434076229109e-09,-6.40093783456482e-09,-2.79462793993609e-09,-2.53035909595607e-09,1.47320221966317e-08,-4.71434076229109e-09,-6.61988915385744e-09,-4.38149776498295e-09,5.09879368352751e-09,6.36372770286389e-09,8.51304195037377e-09,-6.40093783456482e-09,-4.38149776498295e-09,-6.65223283478024e-09,1.79665743158662e-09,8.65800805148732e-09,-1.59387932240709e-08,-2.79462793993609e-09,5.09879368352751e-09,1.79665743158662e-09,-1.89414055776619e-09
-1.0517311550286e-08,7.43336335572764e-09,-5.91590723562559e-10,-3.32814424210592e-09,4.55747764470629e-09,5.08365635961973e-09,7.43336335572764e-09,1.08887757167758e-08,-4.11370214472382e-09,-4.71434076229109e-09,-6.40093783456482e-09,-2.79462793993609e-09,-5.91590723562559e-10,-4.11370214472382e-09,-2.78757754345721e-07,-7.19809602596125e-10,-2.92720923440529e-09,-3.02104320719225e-08,-3.32814424210592e-09,-4.71434076229109e-09,-7.19809602596125e-10,4.19227576212697e-09,1.17630871041253e-09,-2.36290404579619e-09,4.55747764470629e-09,-6.40093783456482e-09,-2.92720923440529e-09,1.17630871041253e-09,-4.4766923982956e-09,-7.62951458347972e-09,5.08365635961973e-09,-2.79462793993609e-09,-3.02104320719225e-08,-2.36290404579619e-09,-7.62951458347972e-09,3.09313134149685e-08
1.93683153815427e-08,-2.53035909595607e-09,-3.32814424210592e-09,1.47034359289707e-09,1.01659995598499e-09,1.11768157387912e-08,-2.53035909595607e-09,1.47320221966317e-08,-4.71434076229109e-09,-6.61988915385744e-09,-4.38149776498295e-09,5.09879368352751e-09,-3.32814424210592e-09,-4.71434076229109e-09,-7.19809602596125e-10,4.19227576212697e-09,1.17630871041253e-09,-2.36290404579619e-09,1.47034359289707e-09,-6.61988915385744e-09,4.19227576212697e-09,-2.86971619412263e-07,8.26688760010906e-10,-9.55699291883293e-09,1.01659995598499e-09,-4.38149776498295e-09,1.17630871041253e-09,8.26688760010906e-10,-1.2419730393001e-09,-7.57071237577798e-09,1.11768157387912e-08,5.09879368352751e-09,-2.36290404579619e-09,-9.55699291883293e-09,-7.57071237577798e-09,-3.48149470354181e-09
-9.16727032319034e-10,6.36372770286389e-09,4.55747764470629e-09,1.01659995598499e-09,9.24666887275616e-09,8.40976247161374e-09,6.36372770286389e-09,8.51304195037377e-09,-6.40093783456482e-09,-4.38149776498295e-09,-6.65223283478024e-09,1.79665743158662e-09,4.55747764470629e-09,-6.40093783456482e-09,-2.92720923440529e-09,1.17630871041253e-09,-4.4766923982956e-09,-7.62951458347972e-09,1.01659995598499e-09,-4.38149776498295e-09,1.17630871041253e-09,8.26688760010906e-10,-1.2419730393001e-09,-7.57071237577798e-09,9.24666887275616e-09,-6.65223283478024e-09,-4.4766923982956e-09,-1.2419730393001e-09,-2.99437231763118e-07,-1.26528199770278e-08,8.40976247161374e-09,1.79665743158662e-09,-7.62951458347972e-09,-7.57071237577798e-09,-1.26528199770278e-08,-1.57248371214357e-08
-6.58228451225112e-08,8.65800805148732e-09,5.08365635961973e-09,1.11768157387912e-08,8.40976247161374e-09,2.49802453283817e-08,8.65800805148732e-09,-1.59387932240709e-08,-2.79462793993609e-09,5.09879368352751e-09,1.79665743158662e-09,-1.89414055776619e-09,5.08365635961973e-09,-2.79462793993609e-09,-3.02104320719225e-08,-2.36290404579619e-09,-7.62951458347972e-09,3.09313134149685e-08,1.11768157387912e-08,5.09879368352751e-09,-2.36290404579619e-09,-9.55699291883293e-09,-7.57071237577798e-09,-3.48149470354181e-09,8.40976247161374e-09,1.79665743158662e-09,-7.62951458347972e-09,-7.57071237577798e-09,-1.26528199770278e-08,-1.57248371214357e-08,2.49802453283817e-08,-1.89414055776619e-09,3.09313134149685e-08,-3.48149470354181e-09,-1.57248371214357e-08,-4.23394027433256e-07
