"M3sh.1","M3sh.2","M3sh.3","M3sh.4","M3sh.5","M3sh.6","M3sh.7","M3sh.8","M3sh.9","M3sh.10","M3sh.11","M3sh.12","M3sh.13","M3sh.14","M3sh.15","M3sh.16","M3sh.17","M3sh.18","M3sh.19","M3sh.20","M3sh.21","M3sh.22","M3sh.23","M3sh.24","M3sh.25","M3sh.26","M3sh.27","M3sh.28","M3sh.29","M3sh.30","M3sh.31","M3sh.32","M3sh.33","M3sh.34","M3sh.35","M3sh.36"
-2.59122509268097e-07,8.3934436616965e-09,2.87222356210758e-09,1.67157786974411e-09,-7.94726681940283e-10,-1.28330166489514e-08,8.3934436616965e-09,-2.32637731031848e-09,6.6992321110985e-11,-6.01367087482128e-10,4.27679919714203e-10,2.1155329853653e-09,2.87222356210758e-09,6.6992321110985e-11,2.87611079538557e-10,-4.66752089285142e-10,5.39164603080551e-10,1.20103766673151e-09,1.67157786974411e-09,-6.01367087482128e-10,-4.66752089285142e-10,2.37187550730021e-10,-1.97758176530457e-10,7.60922806211382e-10,-7.94726681940283e-10,4.27679919714203e-10,5.39164603080551e-10,-1.97758176530457e-10,5.86115646364472e-10,3.24469197037043e-10,-1.28330166489514e-08,2.1155329853653e-09,1.20103766673151e-09,7.60922806211382e-10,3.24469197037043e-10,-1.62464631678072e-09
8.3934436616965e-09,-2.32637731031848e-09,6.6992321110985e-11,-6.01367087482128e-10,4.27679919714203e-10,2.1155329853653e-09,-2.32637731031848e-09,-2.2854656487189e-07,1.83420173529369e-09,2.35439680124799e-09,1.59953331801182e-09,-1.75609600234497e-09,6.6992321110985e-11,1.83420173529369e-09,-6.78646434650511e-10,-2.91696310754947e-10,-5.24567247897678e-10,-6.49060028694947e-11,-6.01367087482128e-10,2.35439680124799e-09,-2.91696310754947e-10,-5.39798564633025e-10,-3.23952104414808e-10,8.71196212583655e-11,4.27679919714203e-10,1.59953331801182e-09,-5.24567247897678e-10,-3.23952104414808e-10,-4.60333080290801e-10,1.20413174953829e-10,2.1155329853653e-09,-1.75609600234497e-09,-6.49060028694947e-11,8.71196212583655e-11,1.20413174953829e-10,1.37686085002794e-10
2.87222356210758e-09,6.6992321110985e-11,2.87611079538557e-10,-4.66752089285142e-10,5.39164603080551e-10,1.20103766673151e-09,6.6992321110985e-11,1.83420173529369e-09,-6.78646434650511e-10,-2.91696310754947e-10,-5.24567247897678e-10,-6.49060028694947e-11,2.87611079538557e-10,-6.78646434650511e-10,-2.18291195424881e-07,1.38606344438463e-10,-1.32438645380058e-10,-7.12952572092343e-10,-4.66752089285142e-10,-2.91696310754947e-10,1.38606344438463e-10,7.81633850731806e-11,1.22858728607808e-10,3.13014983589599e-11,5.39164603080551e-10,-5.24567247897678e-10,-1.32438645380058e-10,1.22858728607808e-10,-1.76934563851164e-10,-3.65005788346126e-10,1.20103766673151e-09,-6.49060028694947e-11,-7.12952572092343e-10,3.13014983589599e-11,-3.65005788346126e-10,-6.05007211904599e-11
1.67157786974411e-09,-6.01367087482128e-10,-4.66752089285142e-10,2.37187550730021e-10,-1.97758176530457e-10,7.60922806211382e-10,-6.01367087482128e-10,2.35439680124799e-09,-2.91696310754947e-10,-5.39798564633025e-10,-3.23952104414808e-10,8.71196212583655e-11,-4.66752089285142e-10,-2.91696310754947e-10,1.38606344438463e-10,7.81633850731806e-11,1.22858728607808e-10,3.13014983589599e-11,2.37187550730021e-10,-5.39798564633025e-10,7.81633850731806e-11,-2.18252557687241e-07,6.84144422976418e-11,-1.77431291025385e-10,-1.97758176530457e-10,-3.23952104414808e-10,1.22858728607808e-10,6.84144422976418e-11,1.00094305924463e-10,6.18807137901451e-11,7.60922806211382e-10,8.71196212583655e-11,3.13014983589599e-11,-1.77431291025385e-10,6.18807137901451e-11,2.09246585443434e-10
-7.94726681940283e-10,4.27679919714203e-10,5.39164603080551e-10,-1.97758176530457e-10,5.86115646364472e-10,3.24469197037043e-10,4.27679919714203e-10,1.59953331801182e-09,-5.24567247897678e-10,-3.23952104414808e-10,-4.60333080290801e-10,1.20413174953829e-10,5.39164603080551e-10,-5.24567247897678e-10,-1.32438645380058e-10,1.22858728607808e-10,-1.76934563851164e-10,-3.65005788346126e-10,-1.97758176530457e-10,-3.23952104414808e-10,1.22858728607808e-10,6.84144422976418e-11,1.00094305924463e-10,6.18807137901451e-11,5.86115646364472e-10,-4.60333080290801e-10,-1.76934563851164e-10,1.00094305924463e-10,-2.18516571850894e-07,-2.93129110624978e-10,3.24469197037043e-10,1.20413174953829e-10,-3.65005788346126e-10,6.18807137901451e-11,-2.93129110624978e-10,-5.48602331788739e-10
-1.28330166489514e-08,2.1155329853653e-09,1.20103766673151e-09,7.60922806211382e-10,3.24469197037043e-10,-1.62464631678072e-09,2.1155329853653e-09,-1.75609600234497e-09,-6.49060028694947e-11,8.71196212583655e-11,1.20413174953829e-10,1.37686085002794e-10,1.20103766673151e-09,-6.49060028694947e-11,-7.12952572092343e-10,3.13014983589599e-11,-3.65005788346126e-10,-6.05007211904599e-11,7.60922806211382e-10,8.71196212583655e-11,3.13014983589599e-11,-1.77431291025385e-10,6.18807137901451e-11,2.09246585443434e-10,3.24469197037043e-10,1.20413174953829e-10,-3.65005788346126e-10,6.18807137901451e-11,-2.93129110624978e-10,-5.48602331788739e-10,-1.62464631678072e-09,1.37686085002794e-10,-6.05007211904599e-11,2.09246585443434e-10,-5.48602331788739e-10,-2.21817559632071e-07
