"M3sh.1","M3sh.2","M3sh.3","M3sh.4","M3sh.5","M3sh.6","M3sh.7","M3sh.8","M3sh.9","M3sh.10","M3sh.11","M3sh.12","M3sh.13","M3sh.14","M3sh.15","M3sh.16","M3sh.17","M3sh.18","M3sh.19","M3sh.20","M3sh.21","M3sh.22","M3sh.23","M3sh.24","M3sh.25","M3sh.26","M3sh.27","M3sh.28","M3sh.29","M3sh.30","M3sh.31","M3sh.32","M3sh.33","M3sh.34","M3sh.35","M3sh.36"
-2.5017890217811e-07,5.67168760161681e-09,2.0276207150742e-09,1.12812221188165e-09,-4.98760787909207e-10,-9.28671268670951e-09,5.67168760161681e-09,-1.65158720098614e-09,7.4577445067073e-11,-4.35789635906238e-10,3.57079254607905e-10,1.32110581225074e-09,2.0276207150742e-09,7.4577445067073e-11,2.48672067148896e-10,-3.0487033467597e-10,3.95526872404868e-10,8.54750229365266e-10,1.12812221188165e-09,-4.35789635906238e-10,-3.0487033467597e-10,1.69231655248545e-10,-1.35599214136156e-10,5.05999515512595e-10,-4.98760787909207e-10,3.57079254607905e-10,3.95526872404868e-10,-1.35599214136156e-10,4.03219462651612e-10,2.86604637118077e-10,-9.28671268670951e-09,1.32110581225074e-09,8.54750229365266e-10,5.05999515512595e-10,2.86604637118077e-10,-1.31793076884182e-09
5.67168760161681e-09,-1.65158720098614e-09,7.4577445067073e-11,-4.35789635906238e-10,3.57079254607905e-10,1.32110581225074e-09,-1.65158720098614e-09,-2.28871280882608e-07,1.29227235170459e-09,1.6748055759737e-09,1.16186229099261e-09,-1.35286433212018e-09,7.4577445067073e-11,1.29227235170459e-09,-4.79726357195049e-10,-1.82243970828597e-10,-3.88164326301838e-10,-3.36280816502032e-11,-4.35789635906238e-10,1.6748055759737e-09,-1.82243970828597e-10,-3.81499606051383e-10,-2.12240563127412e-10,5.6638880508097e-11,3.57079254607905e-10,1.16186229099261e-09,-3.88164326301838e-10,-2.12240563127412e-10,-3.48070393879068e-10,1.43585860748959e-10,1.32110581225074e-09,-1.35286433212018e-09,-3.36280816502032e-11,5.6638880508097e-11,1.43585860748959e-10,-4.83526673562346e-11
2.0276207150742e-09,7.4577445067073e-11,2.48672067148896e-10,-3.0487033467597e-10,3.95526872404868e-10,8.54750229365266e-10,7.4577445067073e-11,1.29227235170459e-09,-4.79726357195049e-10,-1.82243970828597e-10,-3.88164326301838e-10,-3.36280816502032e-11,2.48672067148896e-10,-4.79726357195049e-10,-2.21444748022424e-07,8.29669344297904e-11,-1.1316549047033e-10,-4.81647213644242e-10,-3.0487033467597e-10,-1.82243970828597e-10,8.29669344297904e-11,3.41264073975573e-11,8.08722161471433e-11,2.00564282462607e-11,3.95526872404868e-10,-3.88164326301838e-10,-1.1316549047033e-10,8.08722161471433e-11,-1.31863797160972e-10,-2.49053682441905e-10,8.54750229365266e-10,-3.36280816502032e-11,-4.81647213644242e-10,2.00564282462607e-11,-2.49053682441905e-10,-9.93297866864482e-12
1.12812221188165e-09,-4.35789635906238e-10,-3.0487033467597e-10,1.69231655248545e-10,-1.35599214136156e-10,5.05999515512595e-10,-4.35789635906238e-10,1.6748055759737e-09,-1.82243970828597e-10,-3.81499606051383e-10,-2.12240563127412e-10,5.6638880508097e-11,-3.0487033467597e-10,-1.82243970828597e-10,8.29669344297904e-11,3.41264073975573e-11,8.08722161471433e-11,2.00564282462607e-11,1.69231655248545e-10,-3.81499606051383e-10,3.41264073975573e-11,-2.21402442466856e-07,3.62131208131822e-11,-1.30131556518078e-10,-1.35599214136156e-10,-2.12240563127412e-10,8.08722161471433e-11,3.62131208131822e-11,6.85130642837013e-11,4.51998707224979e-11,5.05999515512595e-10,5.6638880508097e-11,2.00564282462607e-11,-1.30131556518078e-10,4.51998707224979e-11,1.57614179740327e-10
-4.98760787909207e-10,3.57079254607905e-10,3.95526872404868e-10,-1.35599214136156e-10,4.03219462651612e-10,2.86604637118077e-10,3.57079254607905e-10,1.16186229099261e-09,-3.88164326301838e-10,-2.12240563127412e-10,-3.48070393879068e-10,1.43585860748959e-10,3.95526872404868e-10,-3.88164326301838e-10,-1.1316549047033e-10,8.08722161471433e-11,-1.31863797160972e-10,-2.49053682441905e-10,-1.35599214136156e-10,-2.12240563127412e-10,8.08722161471433e-11,3.62131208131822e-11,6.85130642837013e-11,4.51998707224979e-11,4.03219462651612e-10,-3.48070393879068e-10,-1.31863797160972e-10,6.85130642837013e-11,-2.21586631799651e-07,-2.14788199604065e-10,2.86604637118077e-10,1.43585860748959e-10,-2.49053682441905e-10,4.51998707224979e-11,-2.14788199604065e-10,-3.31483570999137e-10
-9.28671268670951e-09,1.32110581225074e-09,8.54750229365266e-10,5.05999515512595e-10,2.86604637118077e-10,-1.31793076884182e-09,1.32110581225074e-09,-1.35286433212018e-09,-3.36280816502032e-11,5.6638880508097e-11,1.43585860748959e-10,-4.83526673562346e-11,8.54750229365266e-10,-3.36280816502032e-11,-4.81647213644242e-10,2.00564282462607e-11,-2.49053682441905e-10,-9.93297866864482e-12,5.05999515512595e-10,5.6638880508097e-11,2.00564282462607e-11,-1.30131556518078e-10,4.51998707224979e-11,1.57614179740327e-10,2.86604637118077e-10,1.43585860748959e-10,-2.49053682441905e-10,4.51998707224979e-11,-2.14788199604065e-10,-3.31483570999137e-10,-1.31793076884182e-09,-4.83526673562346e-11,-9.93297866864482e-12,1.57614179740327e-10,-3.31483570999137e-10,-2.24104612894928e-07
