"M2sh.Mkt.RF","M2sh.SMB","M2sh.HML","M2sh.RMW","M2sh.CMA","M2sh.MOM"
9.59618757585971e-05,-2.10149522453376e-05,-2.65421459728035e-05,-7.56571304602731e-06,-1.81802402930114e-05,2.37553704046207e-06
-2.10149522453376e-05,3.02798771921391e-05,2.46696253451547e-06,-6.65441101133917e-06,1.50470721048929e-06,3.31240635624749e-06
-2.65421459728035e-05,2.46696253451547e-06,2.26398868292394e-05,3.34819350956273e-06,1.34494074884313e-05,-1.31164955916953e-06
-7.56571304602731e-06,-6.65441101133917e-06,3.34819350956273e-06,1.6802797753393e-05,3.08404103438269e-06,1.04139905701093e-06
-1.81802402930114e-05,1.50470721048929e-06,1.34494074884313e-05,3.08404103438269e-06,1.64017203434383e-05,1.74024184150788e-06
2.37553704046207e-06,3.31240635624749e-06,-1.31164955916953e-06,1.04139905701093e-06,1.74024184150788e-06,3.93761515405741e-05
