"M3sh.1","M3sh.2","M3sh.3","M3sh.4","M3sh.5","M3sh.6","M3sh.7","M3sh.8","M3sh.9","M3sh.10","M3sh.11","M3sh.12","M3sh.13","M3sh.14","M3sh.15","M3sh.16","M3sh.17","M3sh.18","M3sh.19","M3sh.20","M3sh.21","M3sh.22","M3sh.23","M3sh.24","M3sh.25","M3sh.26","M3sh.27","M3sh.28","M3sh.29","M3sh.30","M3sh.31","M3sh.32","M3sh.33","M3sh.34","M3sh.35","M3sh.36"
-4.04531763434957e-07,2.28606083733453e-08,1.07877011657788e-08,8.62507692978872e-09,-4.38558673191384e-09,-5.52877432976168e-08,2.28606083733453e-08,-4.30159710423287e-09,3.61499414857365e-09,-6.62957592770974e-10,5.18240268473979e-09,8.4248316666932e-09,1.07877011657788e-08,3.61499414857365e-09,7.20250394996838e-10,-2.06145784434222e-09,4.16807785433928e-09,9.48570006432771e-09,8.62507692978872e-09,-6.62957592770974e-10,-2.06145784434222e-09,2.19834681276053e-10,3.87475441230754e-10,7.46219933337943e-09,-4.38558673191384e-09,5.18240268473979e-09,4.16807785433928e-09,3.87475441230754e-10,7.05381119595070e-09,6.31042499449479e-09,-5.52877432976168e-08,8.4248316666932e-09,9.48570006432771e-09,7.46219933337943e-09,6.31042499449479e-09,-1.66800375983121e-10
2.28606083733453e-08,-4.30159710423287e-09,3.61499414857365e-09,-6.62957592770974e-10,5.18240268473979e-09,8.4248316666932e-09,-4.30159710423287e-09,-2.83749748391954e-07,6.54563015509114e-09,1.10390535907949e-08,6.70147664799791e-09,-1.01410949843655e-08,3.61499414857365e-09,6.54563015509114e-09,-5.51944928366259e-09,-2.93572002887064e-09,-4.85549635173538e-09,1.18760745858772e-09,-6.62957592770974e-10,1.10390535907949e-08,-2.93572002887064e-09,-4.89231799418487e-09,-3.3934689570097e-09,3.2266127587103e-09,5.18240268473979e-09,6.70147664799791e-09,-4.85549635173538e-09,-3.3934689570097e-09,-4.95707695852577e-09,1.56668169175162e-09,8.4248316666932e-09,-1.01410949843655e-08,1.18760745858772e-09,3.2266127587103e-09,1.56668169175162e-09,-9.11803775609312e-09
1.07877011657788e-08,3.61499414857365e-09,7.20250394996838e-10,-2.06145784434222e-09,4.16807785433928e-09,9.48570006432771e-09,3.61499414857365e-09,6.54563015509114e-09,-5.51944928366259e-09,-2.93572002887064e-09,-4.85549635173538e-09,1.18760745858772e-09,7.20250394996838e-10,-5.51944928366259e-09,-2.39145886922225e-07,2.39679901785066e-09,-1.6634326161352e-09,-6.90827770644992e-09,-2.06145784434222e-09,-2.93572002887064e-09,2.39679901785066e-09,1.57288556740426e-09,6.4815960397446e-10,-5.44511669932363e-09,4.16807785433928e-09,-4.85549635173538e-09,-1.6634326161352e-09,6.4815960397446e-10,-3.9526120446119e-09,-6.88753024980981e-09,9.48570006432771e-09,1.18760745858772e-09,-6.90827770644992e-09,-5.44511669932363e-09,-6.88753024980981e-09,-4.1757043807343e-09
8.62507692978872e-09,-6.62957592770974e-10,-2.06145784434222e-09,2.19834681276053e-10,3.87475441230754e-10,7.46219933337943e-09,-6.62957592770974e-10,1.10390535907949e-08,-2.93572002887064e-09,-4.89231799418487e-09,-3.3934689570097e-09,3.2266127587103e-09,-2.06145784434222e-09,-2.93572002887064e-09,2.39679901785066e-09,1.57288556740426e-09,6.4815960397446e-10,-5.44511669932363e-09,2.19834681276053e-10,-4.89231799418487e-09,1.57288556740426e-09,-2.36175678420911e-07,8.83999852767256e-10,-5.18084473063952e-09,3.87475441230754e-10,-3.3934689570097e-09,6.4815960397446e-10,8.83999852767256e-10,-1.03178785096971e-09,-5.24801869307147e-09,7.46219933337943e-09,3.2266127587103e-09,-5.44511669932363e-09,-5.18084473063952e-09,-5.24801869307147e-09,3.1907078620417e-09
-4.38558673191384e-09,5.18240268473979e-09,4.16807785433928e-09,3.87475441230754e-10,7.05381119595070e-09,6.31042499449479e-09,5.18240268473979e-09,6.70147664799791e-09,-4.85549635173538e-09,-3.3934689570097e-09,-4.95707695852577e-09,1.56668169175162e-09,4.16807785433928e-09,-4.85549635173538e-09,-1.6634326161352e-09,6.4815960397446e-10,-3.9526120446119e-09,-6.88753024980981e-09,3.87475441230754e-10,-3.3934689570097e-09,6.4815960397446e-10,8.83999852767256e-10,-1.03178785096971e-09,-5.24801869307147e-09,7.05381119595070e-09,-4.95707695852577e-09,-3.9526120446119e-09,-1.03178785096971e-09,-2.46456705964597e-07,-8.54392013277738e-09,6.31042499449479e-09,1.56668169175162e-09,-6.88753024980981e-09,-5.24801869307147e-09,-8.54392013277738e-09,-9.28132700966804e-09
-5.52877432976168e-08,8.4248316666932e-09,9.48570006432771e-09,7.46219933337943e-09,6.31042499449479e-09,-1.66800375983121e-10,8.4248316666932e-09,-1.01410949843655e-08,1.18760745858772e-09,3.2266127587103e-09,1.56668169175162e-09,-9.11803775609312e-09,9.48570006432771e-09,1.18760745858772e-09,-6.90827770644992e-09,-5.44511669932363e-09,-6.88753024980981e-09,-4.1757043807343e-09,7.46219933337943e-09,3.2266127587103e-09,-5.44511669932363e-09,-5.18084473063952e-09,-5.24801869307147e-09,3.1907078620417e-09,6.31042499449479e-09,1.56668169175162e-09,-6.88753024980981e-09,-5.24801869307147e-09,-8.54392013277738e-09,-9.28132700966804e-09,-1.66800375983121e-10,-9.11803775609312e-09,-4.1757043807343e-09,3.1907078620417e-09,-9.28132700966804e-09,-2.82073180163135e-07
