"M3sh.1","M3sh.2","M3sh.3","M3sh.4","M3sh.5","M3sh.6","M3sh.7","M3sh.8","M3sh.9","M3sh.10","M3sh.11","M3sh.12","M3sh.13","M3sh.14","M3sh.15","M3sh.16","M3sh.17","M3sh.18","M3sh.19","M3sh.20","M3sh.21","M3sh.22","M3sh.23","M3sh.24","M3sh.25","M3sh.26","M3sh.27","M3sh.28","M3sh.29","M3sh.30","M3sh.31","M3sh.32","M3sh.33","M3sh.34","M3sh.35","M3sh.36"
-3.76089153174952e-07,3.22895748429543e-08,1.47446307351165e-08,8.22456300378632e-09,3.63061343854032e-10,-5.04783574735184e-08,3.22895748429543e-08,-8.40933005197313e-09,4.07193258305539e-10,-2.42490561581275e-09,1.74350634347538e-09,7.88966581798242e-09,1.47446307351165e-08,4.07193258305539e-10,2.91411727947095e-10,-2.3682840840806e-09,1.2514022216094e-09,4.88701984659294e-09,8.22456300378632e-09,-2.42490561581275e-09,-2.3682840840806e-09,6.94152062149686e-10,-1.21923505227415e-09,3.18934834500144e-09,3.63061343854032e-10,1.74350634347538e-09,1.2514022216094e-09,-1.21923505227415e-09,1.42701022362303e-09,1.50909453931827e-09,-5.04783574735184e-08,7.88966581798242e-09,4.88701984659294e-09,3.18934834500144e-09,1.50909453931827e-09,-6.37834437040324e-09
3.22895748429543e-08,-8.40933005197313e-09,4.07193258305539e-10,-2.42490561581275e-09,1.74350634347538e-09,7.88966581798242e-09,-8.40933005197313e-09,-2.44958116013863e-07,6.75969599900599e-09,9.0922097291044e-09,6.06250834505975e-09,-6.45009722864034e-09,4.07193258305539e-10,6.75969599900599e-09,-2.76357677482274e-09,-1.07361306210468e-09,-2.08510174050366e-09,-9.51600600386401e-11,-2.42490561581275e-09,9.0922097291044e-09,-1.07361306210468e-09,-2.0697184694517e-09,-1.24385887310523e-09,2.96061690874349e-10,1.74350634347538e-09,6.06250834505975e-09,-2.08510174050366e-09,-1.24385887310523e-09,-1.86390723383608e-09,6.05702689901901e-10,7.88966581798242e-09,-6.45009722864034e-09,-9.51600600386401e-11,2.96061690874349e-10,6.05702689901901e-10,4.70110815582571e-10
1.47446307351165e-08,4.07193258305539e-10,2.91411727947095e-10,-2.3682840840806e-09,1.2514022216094e-09,4.88701984659294e-09,4.07193258305539e-10,6.75969599900599e-09,-2.76357677482274e-09,-1.07361306210468e-09,-2.08510174050366e-09,-9.51600600386401e-11,2.91411727947095e-10,-2.76357677482274e-09,-2.05466011390688e-07,7.76696285432359e-10,-4.12160530839087e-10,-2.58582722850707e-09,-2.3682840840806e-09,-1.07361306210468e-09,7.76696285432359e-10,3.25327142998332e-10,6.83365906354918e-10,-5.33334001629899e-11,1.2514022216094e-09,-2.08510174050366e-09,-4.12160530839087e-10,6.83365906354918e-10,-5.93416448218097e-10,-1.34962165848725e-09,4.88701984659294e-09,-9.51600600386401e-11,-2.58582722850707e-09,-5.33334001629899e-11,-1.34962165848725e-09,-3.79644645169866e-10
8.22456300378632e-09,-2.42490561581275e-09,-2.3682840840806e-09,6.94152062149686e-10,-1.21923505227415e-09,3.18934834500144e-09,-2.42490561581275e-09,9.0922097291044e-09,-1.07361306210468e-09,-2.0697184694517e-09,-1.24385887310523e-09,2.96061690874349e-10,-2.3682840840806e-09,-1.07361306210468e-09,7.76696285432359e-10,3.25327142998332e-10,6.83365906354918e-10,-5.33334001629899e-11,6.94152062149686e-10,-2.0697184694517e-09,3.25327142998332e-10,-2.05293057841595e-07,2.626861770114e-10,-6.24495776451306e-10,-1.21923505227415e-09,-1.24385887310523e-09,6.83365906354918e-10,2.626861770114e-10,6.27279607390283e-10,8.46045147130682e-11,3.18934834500144e-09,2.96061690874349e-10,-5.33334001629899e-11,-6.24495776451306e-10,8.46045147130682e-11,9.70671669310342e-10
3.63061343854032e-10,1.74350634347538e-09,1.2514022216094e-09,-1.21923505227415e-09,1.42701022362303e-09,1.50909453931827e-09,1.74350634347538e-09,6.06250834505975e-09,-2.08510174050366e-09,-1.24385887310523e-09,-1.86390723383608e-09,6.05702689901901e-10,1.2514022216094e-09,-2.08510174050366e-09,-4.12160530839087e-10,6.83365906354918e-10,-5.93416448218097e-10,-1.34962165848725e-09,-1.21923505227415e-09,-1.24385887310523e-09,6.83365906354918e-10,2.626861770114e-10,6.27279607390283e-10,8.46045147130682e-11,1.42701022362303e-09,-1.86390723383608e-09,-5.93416448218097e-10,6.27279607390283e-10,-2.06323697087083e-07,-1.04736473331249e-09,1.50909453931827e-09,6.05702689901901e-10,-1.34962165848725e-09,8.46045147130682e-11,-1.04736473331249e-09,-2.17735604757347e-09
-5.04783574735184e-08,7.88966581798242e-09,4.88701984659294e-09,3.18934834500144e-09,1.50909453931827e-09,-6.37834437040324e-09,7.88966581798242e-09,-6.45009722864034e-09,-9.51600600386401e-11,2.96061690874349e-10,6.05702689901901e-10,4.70110815582571e-10,4.88701984659294e-09,-9.51600600386401e-11,-2.58582722850707e-09,-5.33334001629899e-11,-1.34962165848725e-09,-3.79644645169866e-10,3.18934834500144e-09,2.96061690874349e-10,-5.33334001629899e-11,-6.24495776451306e-10,8.46045147130682e-11,9.70671669310342e-10,1.50909453931827e-09,6.05702689901901e-10,-1.34962165848725e-09,8.46045147130682e-11,-1.04736473331249e-09,-2.17735604757347e-09,-6.37834437040324e-09,4.70110815582571e-10,-3.79644645169866e-10,9.70671669310342e-10,-2.17735604757347e-09,-2.19037990483234e-07
