"M3sh.1","M3sh.2","M3sh.3","M3sh.4","M3sh.5","M3sh.6","M3sh.7","M3sh.8","M3sh.9","M3sh.10","M3sh.11","M3sh.12","M3sh.13","M3sh.14","M3sh.15","M3sh.16","M3sh.17","M3sh.18","M3sh.19","M3sh.20","M3sh.21","M3sh.22","M3sh.23","M3sh.24","M3sh.25","M3sh.26","M3sh.27","M3sh.28","M3sh.29","M3sh.30","M3sh.31","M3sh.32","M3sh.33","M3sh.34","M3sh.35","M3sh.36"
-2.60108714903455e-07,8.5771518340402e-09,2.9871034260253e-09,1.71199304355398e-09,-7.93683280058519e-10,-1.32233472876785e-08,8.5771518340402e-09,-2.44002662721585e-09,8.22605056060934e-11,-5.98933470290054e-10,4.62809175818477e-10,2.16347853543144e-09,2.9871034260253e-09,8.22605056060934e-11,2.62978360190973e-10,-4.74254755821324e-10,5.41270425557238e-10,1.22169433404355e-09,1.71199304355398e-09,-5.98933470290054e-10,-4.74254755821324e-10,2.30536941684757e-10,-2.15070661202822e-10,7.82335147270494e-10,-7.93683280058519e-10,4.62809175818477e-10,5.41270425557238e-10,-2.15070661202822e-10,5.84102570437524e-10,3.29287801419144e-10,-1.32233472876785e-08,2.16347853543144e-09,1.22169433404355e-09,7.82335147270494e-10,3.29287801419144e-10,-1.6980499153719e-09
8.5771518340402e-09,-2.44002662721585e-09,8.22605056060934e-11,-5.98933470290054e-10,4.62809175818477e-10,2.16347853543144e-09,-2.44002662721585e-09,-2.28660329026121e-07,1.89457439121471e-09,2.41243068868127e-09,1.65406532354359e-09,-1.83399233196096e-09,8.22605056060934e-11,1.89457439121471e-09,-7.09199006885666e-10,-2.97364946243258e-10,-5.44461234100328e-10,-6.89647481915916e-11,-5.98933470290054e-10,2.41243068868127e-09,-2.97364946243258e-10,-5.50775299345177e-10,-3.29562363578201e-10,1.06751164558146e-10,4.62809175818477e-10,1.65406532354359e-09,-5.44461234100328e-10,-3.29562363578201e-10,-4.68355293481123e-10,1.35645529577298e-10,2.16347853543144e-09,-1.83399233196096e-09,-6.89647481915916e-11,1.06751164558146e-10,1.35645529577298e-10,1.33728874597732e-10
2.9871034260253e-09,8.22605056060934e-11,2.62978360190973e-10,-4.74254755821324e-10,5.41270425557238e-10,1.22169433404355e-09,8.22605056060934e-11,1.89457439121471e-09,-7.09199006885666e-10,-2.97364946243258e-10,-5.44461234100328e-10,-6.89647481915916e-11,2.62978360190973e-10,-7.09199006885666e-10,-2.18059547317303e-07,1.3998177462438e-10,-1.19801845857295e-10,-7.21221237643988e-10,-4.74254755821324e-10,-2.97364946243258e-10,1.3998177462438e-10,8.02990628421001e-11,1.26346394147336e-10,3.06322957818487e-11,5.41270425557238e-10,-5.44461234100328e-10,-1.19801845857295e-10,1.26346394147336e-10,-1.70393785456871e-10,-3.67570195869977e-10,1.22169433404355e-09,-6.89647481915916e-11,-7.21221237643988e-10,3.06322957818487e-11,-3.67570195869977e-10,-5.60642220917954e-11
1.71199304355398e-09,-5.98933470290054e-10,-4.74254755821324e-10,2.30536941684757e-10,-2.15070661202822e-10,7.82335147270494e-10,-5.98933470290054e-10,2.41243068868127e-09,-2.97364946243258e-10,-5.50775299345177e-10,-3.29562363578201e-10,1.06751164558146e-10,-4.74254755821324e-10,-2.97364946243258e-10,1.3998177462438e-10,8.02990628421001e-11,1.26346394147336e-10,3.06322957818487e-11,2.30536941684757e-10,-5.50775299345177e-10,8.02990628421001e-11,-2.18062889600877e-07,7.0397992175628e-11,-1.9486553647691e-10,-2.15070661202822e-10,-3.29562363578201e-10,1.26346394147336e-10,7.0397992175628e-11,9.83411156090463e-11,5.86885775721367e-11,7.82335147270494e-10,1.06751164558146e-10,3.06322957818487e-11,-1.9486553647691e-10,5.86885775721367e-11,2.10231449440998e-10
-7.93683280058519e-10,4.62809175818477e-10,5.41270425557238e-10,-2.15070661202822e-10,5.84102570437524e-10,3.29287801419144e-10,4.62809175818477e-10,1.65406532354359e-09,-5.44461234100328e-10,-3.29562363578201e-10,-4.68355293481123e-10,1.35645529577298e-10,5.41270425557238e-10,-5.44461234100328e-10,-1.19801845857295e-10,1.26346394147336e-10,-1.70393785456871e-10,-3.67570195869977e-10,-2.15070661202822e-10,-3.29562363578201e-10,1.26346394147336e-10,7.0397992175628e-11,9.83411156090463e-11,5.86885775721367e-11,5.84102570437524e-10,-4.68355293481123e-10,-1.70393785456871e-10,9.83411156090463e-11,-2.18317279360797e-07,-3.01379490866684e-10,3.29287801419144e-10,1.35645529577298e-10,-3.67570195869977e-10,5.86885775721367e-11,-3.01379490866684e-10,-5.57684041965423e-10
-1.32233472876785e-08,2.16347853543144e-09,1.22169433404355e-09,7.82335147270494e-10,3.29287801419144e-10,-1.6980499153719e-09,2.16347853543144e-09,-1.83399233196096e-09,-6.89647481915916e-11,1.06751164558146e-10,1.35645529577298e-10,1.33728874597732e-10,1.22169433404355e-09,-6.89647481915916e-11,-7.21221237643988e-10,3.06322957818487e-11,-3.67570195869977e-10,-5.60642220917954e-11,7.82335147270494e-10,1.06751164558146e-10,3.06322957818487e-11,-1.9486553647691e-10,5.86885775721367e-11,2.10231449440998e-10,3.29287801419144e-10,1.35645529577298e-10,-3.67570195869977e-10,5.86885775721367e-11,-3.01379490866684e-10,-5.57684041965423e-10,-1.6980499153719e-09,1.33728874597732e-10,-5.60642220917954e-11,2.10231449440998e-10,-5.57684041965423e-10,-2.21739957668861e-07
