"M2sh.Mkt.RF","M2sh.SMB","M2sh.HML","M2sh.RMW","M2sh.CMA","M2sh.MOM"
0.000132832502911828,1.90682474797928e-06,-1.80891604688745e-07,-1.68471842666618e-05,-1.60440664657793e-05,-2.17247396082112e-05
1.90682474797928e-06,3.42587590445007e-05,4.13966533547575e-06,-6.97155180670969e-06,8.2177452955877e-07,-2.46135750241989e-06
-1.80891604688745e-07,4.13966533547575e-06,4.17016232523763e-05,2.30752394881029e-06,1.26983880957641e-05,-2.28562852617259e-05
-1.68471842666618e-05,-6.97155180670969e-06,2.30752394881029e-06,2.14278335232945e-05,4.45700318830424e-06,3.85802590954278e-06
-1.60440664657793e-05,8.2177452955877e-07,1.26983880957641e-05,4.45700318830424e-06,1.74731349635529e-05,7.91563439163545e-07
-2.17247396082112e-05,-2.46135750241989e-06,-2.28562852617259e-05,3.85802590954278e-06,7.91563439163545e-07,8.04528027166085e-05
