"M2sh.Mkt.RF","M2sh.SMB","M2sh.HML","M2sh.RMW","M2sh.CMA","M2sh.MOM"
0.000127554104791696,-5.30484391168879e-06,-5.71798649539138e-06,-1.6754536432023e-05,-1.59019845331572e-05,-1.65464570309244e-05
-5.30484391168879e-06,3.54230345655989e-05,1.83120626874476e-06,-7.73689948281298e-06,6.64872029057452e-07,2.56026881253794e-07
-5.71798649539138e-06,1.83120626874476e-06,3.43565901625111e-05,1.12619679264786e-06,1.17468922816881e-05,-1.6126845288394e-05
-1.6754536432023e-05,-7.73689948281298e-06,1.12619679264786e-06,2.02713523268806e-05,4.08132546520188e-06,5.41490047814087e-06
-1.59019845331572e-05,6.64872029057452e-07,1.17468922816881e-05,4.08132546520188e-06,1.68093334949017e-05,1.91717367618223e-06
-1.65464570309244e-05,2.56026881253794e-07,-1.6126845288394e-05,5.41490047814087e-06,1.91717367618223e-06,7.00452625918494e-05
