"M3sh.1","M3sh.2","M3sh.3","M3sh.4","M3sh.5","M3sh.6","M3sh.7","M3sh.8","M3sh.9","M3sh.10","M3sh.11","M3sh.12","M3sh.13","M3sh.14","M3sh.15","M3sh.16","M3sh.17","M3sh.18","M3sh.19","M3sh.20","M3sh.21","M3sh.22","M3sh.23","M3sh.24","M3sh.25","M3sh.26","M3sh.27","M3sh.28","M3sh.29","M3sh.30","M3sh.31","M3sh.32","M3sh.33","M3sh.34","M3sh.35","M3sh.36"
-3.2241698575216e-07,-8.92328676561056e-08,-7.69662516080476e-08,4.89290432396881e-08,6.05194087387903e-09,-3.28070923260458e-08,-8.92328676561056e-08,3.27311396386529e-08,2.64825673005836e-08,3.56589302352044e-11,1.57560496182443e-08,-1.4291789237767e-08,-7.69662516080476e-08,2.64825673005836e-08,-4.71631541192064e-09,-7.55333053690981e-09,8.13738599360723e-09,1.15638495047556e-09,4.89290432396881e-08,3.56589302352044e-11,-7.55333053690981e-09,9.18431130379714e-10,1.76040534459587e-09,2.40405304460517e-08,6.05194087387903e-09,1.57560496182443e-08,8.13738599360723e-09,1.76040534459587e-09,2.07917183204962e-08,2.27887353125428e-08,-3.28070923260458e-08,-1.4291789237767e-08,1.15638495047556e-09,2.40405304460517e-08,2.27887353125428e-08,1.01243863131646e-07
-8.92328676561056e-08,3.27311396386529e-08,2.64825673005836e-08,3.56589302352044e-11,1.57560496182443e-08,-1.4291789237767e-08,3.27311396386529e-08,-9.93704633445739e-08,4.66985811014918e-09,9.66426341422536e-09,6.4071666551666e-10,-3.05291053395952e-08,2.64825673005836e-08,4.66985811014918e-09,-3.80424691795242e-09,-9.63492030194565e-09,-1.11420199131131e-08,-8.75634429043618e-09,3.56589302352044e-11,9.66426341422536e-09,-9.63492030194565e-09,-1.19570339701561e-08,-7.90724711142857e-09,1.5987253561084e-08,1.57560496182443e-08,6.4071666551666e-10,-1.11420199131131e-08,-7.90724711142857e-09,-1.26631422963637e-08,3.39203799962368e-09,-1.4291789237767e-08,-3.05291053395952e-08,-8.75634429043618e-09,1.5987253561084e-08,3.39203799962368e-09,-6.15679467192607e-09
-7.69662516080476e-08,2.64825673005836e-08,-4.71631541192064e-09,-7.55333053690981e-09,8.13738599360723e-09,1.15638495047556e-09,2.64825673005836e-08,4.66985811014918e-09,-3.80424691795242e-09,-9.63492030194565e-09,-1.11420199131131e-08,-8.75634429043618e-09,-4.71631541192064e-09,-3.80424691795242e-09,-3.85840799203521e-08,-3.97833450517807e-10,-4.38683938985169e-09,-9.1170032146167e-08,-7.55333053690981e-09,-9.63492030194565e-09,-3.97833450517807e-10,1.31294708712778e-08,3.27308414362896e-09,-6.71437400118862e-09,8.13738599360723e-09,-1.11420199131131e-08,-4.38683938985169e-09,3.27308414362896e-09,-9.18756626474504e-09,-2.42464091373792e-08,1.15638495047556e-09,-8.75634429043618e-09,-9.1170032146167e-08,-6.71437400118862e-09,-2.42464091373792e-08,9.67356072517094e-08
4.89290432396881e-08,3.56589302352044e-11,-7.55333053690981e-09,9.18431130379714e-10,1.76040534459587e-09,2.40405304460517e-08,3.56589302352044e-11,9.66426341422536e-09,-9.63492030194565e-09,-1.19570339701561e-08,-7.90724711142857e-09,1.5987253561084e-08,-7.55333053690981e-09,-9.63492030194565e-09,-3.97833450517807e-10,1.31294708712778e-08,3.27308414362896e-09,-6.71437400118862e-09,9.18431130379714e-10,-1.19570339701561e-08,1.31294708712778e-08,-6.84185530427524e-08,2.82409561014384e-09,-2.70308755618435e-08,1.76040534459587e-09,-7.90724711142857e-09,3.27308414362896e-09,2.82409561014384e-09,-4.02820696449916e-09,-2.06278330335861e-08,2.40405304460517e-08,1.5987253561084e-08,-6.71437400118862e-09,-2.70308755618435e-08,-2.06278330335861e-08,-8.98975948751733e-09
6.05194087387903e-09,1.57560496182443e-08,8.13738599360723e-09,1.76040534459587e-09,2.07917183204962e-08,2.27887353125428e-08,1.57560496182443e-08,6.4071666551666e-10,-1.11420199131131e-08,-7.90724711142857e-09,-1.26631422963637e-08,3.39203799962368e-09,8.13738599360723e-09,-1.11420199131131e-08,-4.38683938985169e-09,3.27308414362896e-09,-9.18756626474504e-09,-2.42464091373792e-08,1.76040534459587e-09,-7.90724711142857e-09,3.27308414362896e-09,2.82409561014384e-09,-4.02820696449916e-09,-2.06278330335861e-08,2.07917183204962e-08,-1.26631422963637e-08,-9.18756626474504e-09,-4.02820696449916e-09,-9.92392875755547e-08,-3.58386835649543e-08,2.27887353125428e-08,3.39203799962368e-09,-2.42464091373792e-08,-2.06278330335861e-08,-3.58386835649543e-08,-3.47752090261235e-08
-3.28070923260458e-08,-1.4291789237767e-08,1.15638495047556e-09,2.40405304460517e-08,2.27887353125428e-08,1.01243863131646e-07,-1.4291789237767e-08,-3.05291053395952e-08,-8.75634429043618e-09,1.5987253561084e-08,3.39203799962368e-09,-6.15679467192607e-09,1.15638495047556e-09,-8.75634429043618e-09,-9.1170032146167e-08,-6.71437400118862e-09,-2.42464091373792e-08,9.67356072517094e-08,2.40405304460517e-08,1.5987253561084e-08,-6.71437400118862e-09,-2.70308755618435e-08,-2.06278330335861e-08,-8.98975948751733e-09,2.27887353125428e-08,3.39203799962368e-09,-2.42464091373792e-08,-2.06278330335861e-08,-3.58386835649543e-08,-3.47752090261235e-08,1.01243863131646e-07,-6.15679467192607e-09,9.67356072517094e-08,-8.98975948751733e-09,-3.47752090261235e-08,-4.38873587094385e-07
