"M3sh.1","M3sh.2","M3sh.3","M3sh.4","M3sh.5","M3sh.6","M3sh.7","M3sh.8","M3sh.9","M3sh.10","M3sh.11","M3sh.12","M3sh.13","M3sh.14","M3sh.15","M3sh.16","M3sh.17","M3sh.18","M3sh.19","M3sh.20","M3sh.21","M3sh.22","M3sh.23","M3sh.24","M3sh.25","M3sh.26","M3sh.27","M3sh.28","M3sh.29","M3sh.30","M3sh.31","M3sh.32","M3sh.33","M3sh.34","M3sh.35","M3sh.36"
-3.1079829451468e-07,-9.41032042144047e-08,-7.92152211594711e-08,5.03912042419837e-08,6.07944625086815e-09,-2.86417009895935e-08,-9.41032042144047e-08,3.29799636065485e-08,2.71117640506426e-08,2.44213921600787e-10,1.60039806530166e-08,-1.52888532041838e-08,-7.92152211594711e-08,2.71117640506426e-08,-4.67500737593197e-09,-7.69225384200558e-09,8.11648686732179e-09,8.28856206161057e-10,5.03912042419837e-08,2.44213921600787e-10,-7.69225384200558e-09,6.42582680549967e-10,1.64392624688549e-09,2.40217405141087e-08,6.07944625086815e-09,1.60039806530166e-08,8.11648686732179e-09,1.64392624688549e-09,2.07700594258505e-08,2.26858775439414e-08,-2.86417009895935e-08,-1.52888532041838e-08,8.28856206161057e-10,2.40217405141087e-08,2.26858775439414e-08,1.01866521324992e-07
-9.41032042144047e-08,3.29799636065485e-08,2.71117640506426e-08,2.44213921600787e-10,1.60039806530166e-08,-1.52888532041838e-08,3.29799636065485e-08,-9.45578887183524e-08,4.86423689848226e-09,9.22018568426882e-09,7.16077218778792e-10,-3.07271111819772e-08,2.71117640506426e-08,4.86423689848226e-09,-3.99498939882382e-09,-9.7446583672311e-09,-1.12554216929977e-08,-8.7977357575221e-09,2.44213921600787e-10,9.22018568426882e-09,-9.7446583672311e-09,-1.19671798795457e-08,-7.95449700106353e-09,1.60033645153218e-08,1.60039806530166e-08,7.16077218778792e-10,-1.12554216929977e-08,-7.95449700106353e-09,-1.28018804259219e-08,3.3578137100381e-09,-1.52888532041838e-08,-3.07271111819772e-08,-8.7977357575221e-09,1.60033645153218e-08,3.3578137100381e-09,-6.155987990851e-09
-7.92152211594711e-08,2.71117640506426e-08,-4.67500737593197e-09,-7.69225384200558e-09,8.11648686732179e-09,8.28856206161057e-10,2.71117640506426e-08,4.86423689848226e-09,-3.99498939882382e-09,-9.7446583672311e-09,-1.12554216929977e-08,-8.7977357575221e-09,-4.67500737593197e-09,-3.99498939882382e-09,-3.62565758859039e-08,-3.85426376995722e-10,-4.36106164304707e-09,-9.16498297914278e-08,-7.69225384200558e-09,-9.7446583672311e-09,-3.85426376995722e-10,1.31770331880741e-08,3.29022600646881e-09,-6.87223075306282e-09,8.11648686732179e-09,-1.12554216929977e-08,-4.36106164304707e-09,3.29022600646881e-09,-9.21005687014016e-09,-2.43145426861553e-08,8.28856206161057e-10,-8.7977357575221e-09,-9.16498297914278e-08,-6.87223075306282e-09,-2.43145426861553e-08,9.79768205512121e-08
5.03912042419837e-08,2.44213921600787e-10,-7.69225384200558e-09,6.42582680549967e-10,1.64392624688549e-09,2.40217405141087e-08,2.44213921600787e-10,9.22018568426882e-09,-9.7446583672311e-09,-1.19671798795457e-08,-7.95449700106353e-09,1.60033645153218e-08,-7.69225384200558e-09,-9.7446583672311e-09,-3.85426376995722e-10,1.31770331880741e-08,3.29022600646881e-09,-6.87223075306282e-09,6.42582680549967e-10,-1.19671798795457e-08,1.31770331880741e-08,-6.61481297819215e-08,2.88185843096335e-09,-2.70787699610397e-08,1.64392624688549e-09,-7.95449700106353e-09,3.29022600646881e-09,2.88185843096335e-09,-4.01780172522041e-09,-2.06862701767392e-08,2.40217405141087e-08,1.60033645153218e-08,-6.87223075306282e-09,-2.70787699610397e-08,-2.06862701767392e-08,-8.47219317794127e-09
6.07944625086815e-09,1.60039806530166e-08,8.11648686732179e-09,1.64392624688549e-09,2.07700594258505e-08,2.26858775439414e-08,1.60039806530166e-08,7.16077218778792e-10,-1.12554216929977e-08,-7.95449700106353e-09,-1.28018804259219e-08,3.3578137100381e-09,8.11648686732179e-09,-1.12554216929977e-08,-4.36106164304707e-09,3.29022600646881e-09,-9.21005687014016e-09,-2.43145426861553e-08,1.64392624688549e-09,-7.95449700106353e-09,3.29022600646881e-09,2.88185843096335e-09,-4.01780172522041e-09,-2.06862701767392e-08,2.07700594258505e-08,-1.28018804259219e-08,-9.21005687014016e-09,-4.01780172522041e-09,-9.71283412641375e-08,-3.58820127598527e-08,2.26858775439414e-08,3.3578137100381e-09,-2.43145426861553e-08,-2.06862701767392e-08,-3.58820127598527e-08,-3.46339627666329e-08
-2.86417009895935e-08,-1.52888532041838e-08,8.28856206161057e-10,2.40217405141087e-08,2.26858775439414e-08,1.01866521324992e-07,-1.52888532041838e-08,-3.07271111819772e-08,-8.7977357575221e-09,1.60033645153218e-08,3.3578137100381e-09,-6.155987990851e-09,8.28856206161057e-10,-8.7977357575221e-09,-9.16498297914278e-08,-6.87223075306282e-09,-2.43145426861553e-08,9.79768205512121e-08,2.40217405141087e-08,1.60033645153218e-08,-6.87223075306282e-09,-2.70787699610397e-08,-2.06862701767392e-08,-8.47219317794127e-09,2.26858775439414e-08,3.3578137100381e-09,-2.43145426861553e-08,-2.06862701767392e-08,-3.58820127598527e-08,-3.46339627666329e-08,1.01866521324992e-07,-6.155987990851e-09,9.79768205512121e-08,-8.47219317794127e-09,-3.46339627666329e-08,-4.39432781107032e-07
