"M2sh.Mkt.RF","M2sh.SMB","M2sh.HML","M2sh.RMW","M2sh.CMA","M2sh.MOM"
6.88003575529972e-05,-1.22392079343557e-05,-1.62840036512755e-05,3.81569022620224e-06,-1.06384227233112e-05,5.01566759158074e-06
-1.22392079343557e-05,2.1201968489797e-05,1.96468908992485e-06,-3.16620251049551e-06,-4.63228980394596e-08,8.42993536610732e-07
-1.62840036512755e-05,1.96468908992485e-06,1.43039930342771e-05,-4.03574741833872e-06,7.66226058835097e-06,-9.07579446537189e-07
3.81569022620224e-06,-3.16620251049551e-06,-4.03574741833872e-06,6.13490893423266e-06,-2.92283280928366e-06,9.41953119226344e-07
-1.06384227233112e-05,-4.63228980394596e-08,7.66226058835097e-06,-2.92283280928366e-06,9.36647516316297e-06,-3.37889479812351e-07
5.01566759158074e-06,8.42993536610732e-07,-9.07579446537189e-07,9.41953119226344e-07,-3.37889479812351e-07,2.34273619835099e-05
