"M2sh.Mkt.RF","M2sh.SMB","M2sh.HML","M2sh.RMW","M2sh.CMA","M2sh.MOM"
0.000125678212591723,-8.59604574808448e-06,-7.53877783269139e-06,-1.59374996024484e-05,-1.59929845836936e-05,-1.61879149073051e-05
-8.59604574808448e-06,3.43010701470176e-05,2.46196553235364e-06,-7.02045338350052e-06,9.32073762216303e-07,9.99918739477762e-07
-7.53877783269139e-06,2.46196553235364e-06,3.31434224238608e-05,1.13665449350528e-06,1.14649460379158e-05,-1.41878130574893e-05
-1.59374996024484e-05,-7.02045338350052e-06,1.13665449350528e-06,1.94246175196382e-05,3.83454408563515e-06,5.46916317910222e-06
-1.59929845836936e-05,9.32073762216303e-07,1.14649460379158e-05,3.83454408563515e-06,1.66172510956488e-05,2.58297897645405e-06
-1.61879149073051e-05,9.99918739477762e-07,-1.41878130574893e-05,5.46916317910222e-06,2.58297897645405e-06,6.47163047146062e-05
