"M2sh.Mkt.RF","M2sh.SMB","M2sh.HML","M2sh.RMW","M2sh.CMA","M2sh.MOM"
9.71361137684419e-05,-2.18560272780008e-05,-2.75122325817592e-05,-6.44948869506653e-06,-1.88583305472569e-05,4.37462382545573e-07
-2.18560272780008e-05,3.00315029715876e-05,2.54008506131936e-06,-6.233247826853e-06,1.21075370506239e-06,2.52301052916175e-06
-2.75122325817592e-05,2.54008506131936e-06,2.29943833392489e-05,3.23114565609538e-06,1.35271655807202e-05,-1.2235155931243e-06
-6.44948869506653e-06,-6.233247826853e-06,3.23114565609538e-06,1.61637123349079e-05,3.50050773971249e-06,1.65827963695843e-06
-1.88583305472569e-05,1.21075370506239e-06,1.35271655807202e-05,3.50050773971249e-06,1.6197528969667e-05,1.33849227945391e-06
4.37462382545573e-07,2.52301052916175e-06,-1.2235155931243e-06,1.65827963695843e-06,1.33849227945391e-06,3.96867128761966e-05
