"M3sh.1","M3sh.2","M3sh.3","M3sh.4","M3sh.5","M3sh.6","M3sh.7","M3sh.8","M3sh.9","M3sh.10","M3sh.11","M3sh.12","M3sh.13","M3sh.14","M3sh.15","M3sh.16","M3sh.17","M3sh.18","M3sh.19","M3sh.20","M3sh.21","M3sh.22","M3sh.23","M3sh.24","M3sh.25","M3sh.26","M3sh.27","M3sh.28","M3sh.29","M3sh.30","M3sh.31","M3sh.32","M3sh.33","M3sh.34","M3sh.35","M3sh.36"
-4.03064894523694e-07,2.25550123567909e-08,1.10607488640798e-08,8.95070846818238e-09,-4.78050462002721e-09,-5.4157159807431e-08,2.25550123567909e-08,-4.38429053747288e-09,3.53127928985499e-09,-7.13367309611475e-10,5.04613401769353e-09,8.67497530245816e-09,1.10607488640798e-08,3.53127928985499e-09,7.91864434200137e-10,-2.25514171915435e-09,4.33316460944745e-09,9.04369746614664e-09,8.95070846818238e-09,-7.13367309611475e-10,-2.25514171915435e-09,-4.88571222217766e-11,4.97226419264164e-10,6.84128271302681e-09,-4.78050462002721e-09,5.04613401769353e-09,4.33316460944745e-09,4.97226419264164e-10,7.01090118084113e-09,6.64669432761808e-09,-5.4157159807431e-08,8.67497530245816e-09,9.04369746614664e-09,6.84128271302681e-09,6.64669432761808e-09,-1.54452268616878e-09
2.25550123567909e-08,-4.38429053747288e-09,3.53127928985499e-09,-7.13367309611475e-10,5.04613401769353e-09,8.67497530245816e-09,-4.38429053747288e-09,-2.82378564590629e-07,6.41334939375564e-09,1.09376893163788e-08,6.56945508216778e-09,-1.01279199836555e-08,3.53127928985499e-09,6.41334939375564e-09,-5.42214883911175e-09,-2.84099224859845e-09,-4.75953847252153e-09,1.17966747788708e-09,-7.13367309611475e-10,1.09376893163788e-08,-2.84099224859845e-09,-4.76437174238318e-09,-3.34015402454991e-09,3.19592908217924e-09,5.04613401769353e-09,6.56945508216778e-09,-4.75953847252153e-09,-3.34015402454991e-09,-4.8608001571943e-09,1.58476686020336e-09,8.67497530245816e-09,-1.01279199836555e-08,1.17966747788708e-09,3.19592908217924e-09,1.58476686020336e-09,-9.10594274116884e-09
1.10607488640798e-08,3.53127928985499e-09,7.91864434200137e-10,-2.25514171915435e-09,4.33316460944745e-09,9.04369746614664e-09,3.53127928985499e-09,6.41334939375564e-09,-5.42214883911175e-09,-2.84099224859845e-09,-4.75953847252153e-09,1.17966747788708e-09,7.91864434200137e-10,-5.42214883911175e-09,-2.38287637131749e-07,2.3665418535854e-09,-1.73239167020638e-09,-6.88568537819656e-09,-2.25514171915435e-09,-2.84099224859845e-09,2.3665418535854e-09,1.70814683175254e-09,5.62047367104143e-10,-5.17176301229808e-09,4.33316460944745e-09,-4.75953847252153e-09,-1.73239167020638e-09,5.62047367104143e-10,-3.93333095552178e-09,-7.02560891564209e-09,9.04369746614664e-09,1.17966747788708e-09,-6.88568537819656e-09,-5.17176301229808e-09,-7.02560891564209e-09,-3.72169873421512e-09
8.95070846818238e-09,-7.13367309611475e-10,-2.25514171915435e-09,-4.88571222217766e-11,4.97226419264164e-10,6.84128271302681e-09,-7.13367309611475e-10,1.09376893163788e-08,-2.84099224859845e-09,-4.76437174238318e-09,-3.34015402454991e-09,3.19592908217924e-09,-2.25514171915435e-09,-2.84099224859845e-09,2.3665418535854e-09,1.70814683175254e-09,5.62047367104143e-10,-5.17176301229808e-09,-4.88571222217766e-11,-4.76437174238318e-09,1.70814683175254e-09,-2.35110615730284e-07,8.71544469018843e-10,-4.76180826574701e-09,4.97226419264164e-10,-3.34015402454991e-09,5.62047367104143e-10,8.71544469018843e-10,-1.07143055762943e-09,-5.32709476190472e-09,6.84128271302681e-09,3.19592908217924e-09,-5.17176301229808e-09,-4.76180826574701e-09,-5.32709476190472e-09,4.19857708538983e-09
-4.78050462002721e-09,5.04613401769353e-09,4.33316460944745e-09,4.97226419264164e-10,7.01090118084113e-09,6.64669432761808e-09,5.04613401769353e-09,6.56945508216778e-09,-4.75953847252153e-09,-3.34015402454991e-09,-4.8608001571943e-09,1.58476686020336e-09,4.33316460944745e-09,-4.75953847252153e-09,-1.73239167020638e-09,5.62047367104143e-10,-3.93333095552178e-09,-7.02560891564209e-09,4.97226419264164e-10,-3.34015402454991e-09,5.62047367104143e-10,8.71544469018843e-10,-1.07143055762943e-09,-5.32709476190472e-09,7.01090118084113e-09,-4.8608001571943e-09,-3.93333095552178e-09,-1.07143055762943e-09,-2.45410439224286e-07,-8.58828132106453e-09,6.64669432761808e-09,1.58476686020336e-09,-7.02560891564209e-09,-5.32709476190472e-09,-8.58828132106453e-09,-9.49884578520698e-09
-5.4157159807431e-08,8.67497530245816e-09,9.04369746614664e-09,6.84128271302681e-09,6.64669432761808e-09,-1.54452268616878e-09,8.67497530245816e-09,-1.01279199836555e-08,1.17966747788708e-09,3.19592908217924e-09,1.58476686020336e-09,-9.10594274116884e-09,9.04369746614664e-09,1.17966747788708e-09,-6.88568537819656e-09,-5.17176301229808e-09,-7.02560891564209e-09,-3.72169873421512e-09,6.84128271302681e-09,3.19592908217924e-09,-5.17176301229808e-09,-4.76180826574701e-09,-5.32709476190472e-09,4.19857708538983e-09,6.64669432761808e-09,1.58476686020336e-09,-7.02560891564209e-09,-5.32709476190472e-09,-8.58828132106453e-09,-9.49884578520698e-09,-1.54452268616878e-09,-9.10594274116884e-09,-3.72169873421512e-09,4.19857708538983e-09,-9.49884578520698e-09,-2.79215224340394e-07
