"M3sh.1","M3sh.2","M3sh.3","M3sh.4","M3sh.5","M3sh.6","M3sh.7","M3sh.8","M3sh.9","M3sh.10","M3sh.11","M3sh.12","M3sh.13","M3sh.14","M3sh.15","M3sh.16","M3sh.17","M3sh.18","M3sh.19","M3sh.20","M3sh.21","M3sh.22","M3sh.23","M3sh.24","M3sh.25","M3sh.26","M3sh.27","M3sh.28","M3sh.29","M3sh.30","M3sh.31","M3sh.32","M3sh.33","M3sh.34","M3sh.35","M3sh.36"
-6.05966330128459e-07,-1.7737099355608e-07,-1.36588952867866e-07,7.50779879399802e-08,3.11537133782605e-08,-4.11361436214423e-08,-1.7737099355608e-07,3.74886262026194e-08,1.82486345830622e-08,3.09101138845485e-09,1.87119598204261e-08,-3.81616654871701e-08,-1.36588952867866e-07,1.82486345830622e-08,-8.66733010339352e-09,-9.05653231884982e-10,1.49877812356396e-08,-2.32289118179651e-08,7.50779879399802e-08,3.09101138845485e-09,-9.05653231884982e-10,1.71648569137099e-09,2.82918962309827e-09,2.234560338168e-08,3.11537133782605e-08,1.87119598204261e-08,1.49877812356396e-08,2.82918962309827e-09,2.23941791058079e-08,2.37815990812121e-08,-4.11361436214423e-08,-3.81616654871701e-08,-2.32289118179651e-08,2.234560338168e-08,2.37815990812121e-08,1.52900728866776e-07
-1.7737099355608e-07,3.74886262026194e-08,1.82486345830622e-08,3.09101138845485e-09,1.87119598204261e-08,-3.81616654871701e-08,3.74886262026194e-08,-1.20035898552487e-07,7.8288921668108e-09,9.73112194593694e-09,-1.52990252667042e-09,-5.88688660033889e-08,1.82486345830622e-08,7.8288921668108e-09,1.055765905103e-09,-9.13578545276641e-09,-1.06140540396481e-08,-4.73270546309679e-08,3.09101138845485e-09,9.73112194593694e-09,-9.13578545276641e-09,-1.06913137734462e-08,-9.17108363042692e-09,1.28399233724966e-08,1.87119598204261e-08,-1.52990252667042e-09,-1.06140540396481e-08,-9.17108363042692e-09,-1.34879864714512e-08,-1.71923470804644e-10,-3.81616654871701e-08,-5.88688660033889e-08,-4.73270546309679e-08,1.28399233724966e-08,-1.71923470804644e-10,6.23340245517045e-08
-1.36588952867866e-07,1.82486345830622e-08,-8.66733010339352e-09,-9.05653231884982e-10,1.49877812356396e-08,-2.32289118179651e-08,1.82486345830622e-08,7.8288921668108e-09,1.055765905103e-09,-9.13578545276641e-09,-1.06140540396481e-08,-4.73270546309679e-08,-8.66733010339352e-09,1.055765905103e-09,-4.49855825582064e-08,9.21933538944712e-09,-7.43733782487274e-10,-1.80623089175711e-07,-9.05653231884982e-10,-9.13578545276641e-09,9.21933538944712e-09,2.03977099356205e-08,4.58485176821219e-09,-2.33896494695469e-08,1.49877812356396e-08,-1.06140540396481e-08,-7.43733782487274e-10,4.58485176821219e-09,-1.09909635771378e-08,-3.69858407262788e-08,-2.32289118179651e-08,-4.73270546309679e-08,-1.80623089175711e-07,-2.33896494695469e-08,-3.69858407262788e-08,2.8408533763788e-07
7.50779879399802e-08,3.09101138845485e-09,-9.05653231884982e-10,1.71648569137099e-09,2.82918962309827e-09,2.234560338168e-08,3.09101138845485e-09,9.73112194593694e-09,-9.13578545276641e-09,-1.06913137734462e-08,-9.17108363042692e-09,1.28399233724966e-08,-9.05653231884982e-10,-9.13578545276641e-09,9.21933538944712e-09,2.03977099356205e-08,4.58485176821219e-09,-2.33896494695469e-08,1.71648569137099e-09,-1.06913137734462e-08,2.03977099356205e-08,-9.40267818705379e-08,4.264087205746e-09,-3.71684520458543e-08,2.82918962309827e-09,-9.17108363042692e-09,4.58485176821219e-09,4.264087205746e-09,-6.02090715825901e-09,-2.63632952429749e-08,2.234560338168e-08,1.28399233724966e-08,-2.33896494695469e-08,-3.71684520458543e-08,-2.63632952429749e-08,1.72795630630534e-08
3.11537133782605e-08,1.87119598204261e-08,1.49877812356396e-08,2.82918962309827e-09,2.23941791058079e-08,2.37815990812121e-08,1.87119598204261e-08,-1.52990252667042e-09,-1.06140540396481e-08,-9.17108363042692e-09,-1.34879864714512e-08,-1.71923470804644e-10,1.49877812356396e-08,-1.06140540396481e-08,-7.43733782487274e-10,4.58485176821219e-09,-1.09909635771378e-08,-3.69858407262788e-08,2.82918962309827e-09,-9.17108363042692e-09,4.58485176821219e-09,4.264087205746e-09,-6.02090715825901e-09,-2.63632952429749e-08,2.23941791058079e-08,-1.34879864714512e-08,-1.09909635771378e-08,-6.02090715825901e-09,-1.31638082003387e-07,-4.30625066628378e-08,2.37815990812121e-08,-1.71923470804644e-10,-3.69858407262788e-08,-2.63632952429749e-08,-4.30625066628378e-08,-1.96439609962723e-08
-4.11361436214423e-08,-3.81616654871701e-08,-2.32289118179651e-08,2.234560338168e-08,2.37815990812121e-08,1.52900728866776e-07,-3.81616654871701e-08,-5.88688660033889e-08,-4.73270546309679e-08,1.28399233724966e-08,-1.71923470804644e-10,6.23340245517045e-08,-2.32289118179651e-08,-4.73270546309679e-08,-1.80623089175711e-07,-2.33896494695469e-08,-3.69858407262788e-08,2.8408533763788e-07,2.234560338168e-08,1.28399233724966e-08,-2.33896494695469e-08,-3.71684520458543e-08,-2.63632952429749e-08,1.72795630630534e-08,2.37815990812121e-08,-1.71923470804644e-10,-3.69858407262788e-08,-2.63632952429749e-08,-4.30625066628378e-08,-1.96439609962723e-08,1.52900728866776e-07,6.23340245517045e-08,2.8408533763788e-07,1.72795630630534e-08,-1.96439609962723e-08,-9.3634624305882e-07
