"M3sh.1","M3sh.2","M3sh.3","M3sh.4","M3sh.5","M3sh.6","M3sh.7","M3sh.8","M3sh.9","M3sh.10","M3sh.11","M3sh.12","M3sh.13","M3sh.14","M3sh.15","M3sh.16","M3sh.17","M3sh.18","M3sh.19","M3sh.20","M3sh.21","M3sh.22","M3sh.23","M3sh.24","M3sh.25","M3sh.26","M3sh.27","M3sh.28","M3sh.29","M3sh.30","M3sh.31","M3sh.32","M3sh.33","M3sh.34","M3sh.35","M3sh.36"
-5.39649798207617e-07,2.20514419086965e-08,-1.06786415612277e-08,1.87416438017415e-08,-6.35884365272043e-10,-6.07966580382806e-08,2.20514419086965e-08,-2.27486393598276e-10,7.14383734743483e-09,-2.81275023175409e-09,6.18884113905259e-09,9.47155144882892e-09,-1.06786415612277e-08,7.14383734743483e-09,-1.34916461067264e-09,-2.99561761499759e-09,4.1509534317829e-09,4.92420967835722e-09,1.87416438017415e-08,-2.81275023175409e-09,-2.99561761499759e-09,1.43154548425111e-09,9.96682224801108e-10,1.02730715090464e-08,-6.35884365272043e-10,6.18884113905259e-09,4.1509534317829e-09,9.96682224801108e-10,8.69120765874092e-09,8.02526927201206e-09,-6.07966580382806e-08,9.47155144882892e-09,4.92420967835722e-09,1.02730715090464e-08,8.02526927201206e-09,2.44096968130629e-08
2.20514419086965e-08,-2.27486393598276e-10,7.14383734743483e-09,-2.81275023175409e-09,6.18884113905259e-09,9.47155144882892e-09,-2.27486393598276e-10,-3.39139402660448e-07,1.02896112070275e-08,1.25795604710225e-08,7.82649182352913e-09,-1.29659134154069e-08,7.14383734743483e-09,1.02896112070275e-08,-4.28392406744139e-09,-4.47620892507558e-09,-6.27543267258875e-09,-2.72890320659964e-09,-2.81275023175409e-09,1.25795604710225e-08,-4.47620892507558e-09,-5.79852635283587e-09,-4.09479338862572e-09,4.03868417446165e-09,6.18884113905259e-09,7.82649182352913e-09,-6.27543267258875e-09,-4.09479338862572e-09,-6.40666980070023e-09,1.7565517894501e-09,9.47155144882892e-09,-1.29659134154069e-08,-2.72890320659964e-09,4.03868417446165e-09,1.7565517894501e-09,-2.96978261441199e-10
-1.06786415612277e-08,7.14383734743483e-09,-1.34916461067264e-09,-2.99561761499759e-09,4.1509534317829e-09,4.92420967835722e-09,7.14383734743483e-09,1.02896112070275e-08,-4.28392406744139e-09,-4.47620892507558e-09,-6.27543267258875e-09,-2.72890320659964e-09,-1.34916461067264e-09,-4.28392406744139e-09,-2.79228936394791e-07,-5.38709781458686e-10,-2.90520788681628e-09,-2.89701902065438e-08,-2.99561761499759e-09,-4.47620892507558e-09,-5.38709781458686e-10,3.91546351491681e-09,1.21142956597091e-09,-2.30125161243018e-09,4.1509534317829e-09,-6.27543267258875e-09,-2.90520788681628e-09,1.21142956597091e-09,-4.3436052688639e-09,-7.28201875952415e-09,4.92420967835722e-09,-2.72890320659964e-09,-2.89701902065438e-08,-2.30125161243018e-09,-7.28201875952415e-09,2.92601585219336e-08
1.87416438017415e-08,-2.81275023175409e-09,-2.99561761499759e-09,1.43154548425111e-09,9.96682224801108e-10,1.02730715090464e-08,-2.81275023175409e-09,1.25795604710225e-08,-4.47620892507558e-09,-5.79852635283587e-09,-4.09479338862572e-09,4.03868417446165e-09,-2.99561761499759e-09,-4.47620892507558e-09,-5.38709781458686e-10,3.91546351491681e-09,1.21142956597091e-09,-2.30125161243018e-09,1.43154548425111e-09,-5.79852635283587e-09,3.91546351491681e-09,-2.86951548907699e-07,6.85361572919094e-10,-8.77144804184599e-09,9.96682224801108e-10,-4.09479338862572e-09,1.21142956597091e-09,6.85361572919094e-10,-1.16234490218859e-09,-7.27381081445841e-09,1.02730715090464e-08,4.03868417446165e-09,-2.30125161243018e-09,-8.77144804184599e-09,-7.27381081445841e-09,-3.83000753230012e-09
-6.35884365272043e-10,6.18884113905259e-09,4.1509534317829e-09,9.96682224801108e-10,8.69120765874092e-09,8.02526927201206e-09,6.18884113905259e-09,7.82649182352913e-09,-6.27543267258875e-09,-4.09479338862572e-09,-6.40666980070023e-09,1.7565517894501e-09,4.1509534317829e-09,-6.27543267258875e-09,-2.90520788681628e-09,1.21142956597091e-09,-4.3436052688639e-09,-7.28201875952415e-09,9.96682224801108e-10,-4.09479338862572e-09,1.21142956597091e-09,6.85361572919094e-10,-1.16234490218859e-09,-7.27381081445841e-09,8.69120765874092e-09,-6.40666980070023e-09,-4.3436052688639e-09,-1.16234490218859e-09,-2.98735906654132e-07,-1.21183673326303e-08,8.02526927201206e-09,1.7565517894501e-09,-7.28201875952415e-09,-7.27381081445841e-09,-1.21183673326303e-08,-1.52246084783045e-08
-6.07966580382806e-08,9.47155144882892e-09,4.92420967835722e-09,1.02730715090464e-08,8.02526927201206e-09,2.44096968130629e-08,9.47155144882892e-09,-1.29659134154069e-08,-2.72890320659964e-09,4.03868417446165e-09,1.7565517894501e-09,-2.96978261441199e-10,4.92420967835722e-09,-2.72890320659964e-09,-2.89701902065438e-08,-2.30125161243018e-09,-7.28201875952415e-09,2.92601585219336e-08,1.02730715090464e-08,4.03868417446165e-09,-2.30125161243018e-09,-8.77144804184599e-09,-7.27381081445841e-09,-3.83000753230012e-09,8.02526927201206e-09,1.7565517894501e-09,-7.28201875952415e-09,-7.27381081445841e-09,-1.21183673326303e-08,-1.52246084783045e-08,2.44096968130629e-08,-2.96978261441199e-10,2.92601585219336e-08,-3.83000753230012e-09,-1.52246084783045e-08,-4.15975958968317e-07
