"M2sh.Mkt.RF","M2sh.SMB","M2sh.HML","M2sh.RMW","M2sh.CMA","M2sh.MOM"
6.95541132056986e-05,-1.34881174958016e-05,-1.73416667772417e-05,3.41704725199671e-06,-1.08582138010883e-05,4.06992199995866e-06
-1.34881174958016e-05,2.1969551133821e-05,1.59949539783102e-06,-3.50346403123497e-06,-1.25814383340938e-07,1.9677660768267e-07
-1.73416667772417e-05,1.59949539783102e-06,1.48034348943399e-05,-3.57336039620415e-06,8.09790142457451e-06,-1.26053539037637e-06
3.41704725199671e-06,-3.50346403123497e-06,-3.57336039620415e-06,6.01592416266388e-06,-2.53360325301812e-06,6.52788644788428e-07
-1.08582138010883e-05,-1.25814383340938e-07,8.09790142457451e-06,-2.53360325301812e-06,9.54015255696467e-06,-8.35309592712841e-08
4.06992199995866e-06,1.9677660768267e-07,-1.26053539037637e-06,6.52788644788428e-07,-8.35309592712841e-08,2.18234343625363e-05
