"M2sh.Mkt.RF","M2sh.SMB","M2sh.HML","M2sh.RMW","M2sh.CMA","M2sh.MOM"
9.31777040096117e-05,-1.63376454321886e-05,-2.58515066362986e-05,-8.50743451671659e-06,-1.71774866630896e-05,4.74816373506094e-06
-1.63376454321886e-05,3.06340307793769e-05,1.28788243086313e-06,-6.49446458721485e-06,9.76675587621665e-07,3.54546343348272e-06
-2.58515066362986e-05,1.28788243086313e-06,2.2238808399617e-05,4.13707531582447e-06,1.28878554423077e-05,-1.71857783646395e-06
-8.50743451671659e-06,-6.49446458721485e-06,4.13707531582447e-06,1.71691028049007e-05,3.20544551048997e-06,1.55770824518585e-06
-1.71774866630896e-05,9.76675587621665e-07,1.28878554423077e-05,3.20544551048997e-06,1.61886321400352e-05,9.61438914370548e-07
4.74816373506094e-06,3.54546343348272e-06,-1.71857783646395e-06,1.55770824518585e-06,9.61438914370548e-07,4.07706310534374e-05
