"M3sh.1","M3sh.2","M3sh.3","M3sh.4","M3sh.5","M3sh.6","M3sh.7","M3sh.8","M3sh.9","M3sh.10","M3sh.11","M3sh.12","M3sh.13","M3sh.14","M3sh.15","M3sh.16","M3sh.17","M3sh.18","M3sh.19","M3sh.20","M3sh.21","M3sh.22","M3sh.23","M3sh.24","M3sh.25","M3sh.26","M3sh.27","M3sh.28","M3sh.29","M3sh.30","M3sh.31","M3sh.32","M3sh.33","M3sh.34","M3sh.35","M3sh.36"
-3.16844390250038e-07,-8.09494148977911e-08,-6.90022434807407e-08,4.64670039499356e-08,7.98409342118382e-09,-2.887523639991e-08,-8.09494148977911e-08,3.09919148934e-08,2.27457237022275e-08,1.32278834109409e-10,1.30048829093287e-08,-1.37732106266472e-08,-6.90022434807407e-08,2.27457237022275e-08,-5.451139277508e-09,-6.67227788843295e-09,7.57774889123089e-09,4.27102720169854e-10,4.64670039499356e-08,1.32278834109409e-10,-6.67227788843295e-09,9.08425118555657e-10,1.86562538307124e-09,2.26800229763883e-08,7.98409342118382e-09,1.30048829093287e-08,7.57774889123089e-09,1.86562538307124e-09,2.00804583139353e-08,2.14427715268211e-08,-2.887523639991e-08,-1.37732106266472e-08,4.27102720169854e-10,2.26800229763883e-08,2.14427715268211e-08,9.77530773821431e-08
-8.09494148977911e-08,3.09919148934e-08,2.27457237022275e-08,1.32278834109409e-10,1.30048829093287e-08,-1.37732106266472e-08,3.09919148934e-08,-1.03436119609771e-07,4.01516863501877e-09,9.37160006219587e-09,2.17671901548524e-10,-2.86107555153968e-08,2.27457237022275e-08,4.01516863501877e-09,-3.7131696985824e-09,-9.05159828676564e-09,-1.0456700779791e-08,-7.72746863891244e-09,1.32278834109409e-10,9.37160006219587e-09,-9.05159828676564e-09,-1.15968173171438e-08,-7.39189353230585e-09,1.49473897494212e-08,1.30048829093287e-08,2.17671901548524e-10,-1.0456700779791e-08,-7.39189353230585e-09,-1.17988402794846e-08,3.47078612625011e-09,-1.37732106266472e-08,-2.86107555153968e-08,-7.72746863891244e-09,1.49473897494212e-08,3.47078612625011e-09,-7.65110358086504e-09
-6.90022434807407e-08,2.27457237022275e-08,-5.451139277508e-09,-6.67227788843295e-09,7.57774889123089e-09,4.27102720169854e-10,2.27457237022275e-08,4.01516863501877e-09,-3.7131696985824e-09,-9.05159828676564e-09,-1.0456700779791e-08,-7.72746863891244e-09,-5.451139277508e-09,-3.7131696985824e-09,-4.80626533819413e-08,-1.22357148283121e-09,-5.42344972866268e-09,-8.33227602377089e-08,-6.67227788843295e-09,-9.05159828676564e-09,-1.22357148283121e-09,1.2046801039691e-08,2.9163722007357e-09,-5.49857840067246e-09,7.57774889123089e-09,-1.0456700779791e-08,-5.42344972866268e-09,2.9163722007357e-09,-9.66645006915204e-09,-2.20366133156039e-08,4.27102720169854e-10,-7.72746863891244e-09,-8.33227602377089e-08,-5.49857840067246e-09,-2.20366133156039e-08,8.72181104254879e-08
4.64670039499356e-08,1.32278834109409e-10,-6.67227788843295e-09,9.08425118555657e-10,1.86562538307124e-09,2.26800229763883e-08,1.32278834109409e-10,9.37160006219587e-09,-9.05159828676564e-09,-1.15968173171438e-08,-7.39189353230585e-09,1.49473897494212e-08,-6.67227788843295e-09,-9.05159828676564e-09,-1.22357148283121e-09,1.2046801039691e-08,2.9163722007357e-09,-5.49857840067246e-09,9.08425118555657e-10,-1.15968173171438e-08,1.2046801039691e-08,-7.31706765659889e-08,2.52057612167824e-09,-2.53783030815322e-08,1.86562538307124e-09,-7.39189353230585e-09,2.9163722007357e-09,2.52057612167824e-09,-3.87713037855279e-09,-1.97063045650831e-08,2.26800229763883e-08,1.49473897494212e-08,-5.49857840067246e-09,-2.53783030815322e-08,-1.97063045650831e-08,-9.89752708783611e-09
7.98409342118382e-09,1.30048829093287e-08,7.57774889123089e-09,1.86562538307124e-09,2.00804583139353e-08,2.14427715268211e-08,1.30048829093287e-08,2.17671901548524e-10,-1.0456700779791e-08,-7.39189353230585e-09,-1.17988402794846e-08,3.47078612625011e-09,7.57774889123089e-09,-1.0456700779791e-08,-5.42344972866268e-09,2.9163722007357e-09,-9.66645006915204e-09,-2.20366133156039e-08,1.86562538307124e-09,-7.39189353230585e-09,2.9163722007357e-09,2.52057612167824e-09,-3.87713037855279e-09,-1.97063045650831e-08,2.00804583139353e-08,-1.17988402794846e-08,-9.66645006915204e-09,-3.87713037855279e-09,-1.03354206196372e-07,-3.37410370248889e-08,2.14427715268211e-08,3.47078612625011e-09,-2.20366133156039e-08,-1.97063045650831e-08,-3.37410370248889e-08,-3.45262682100433e-08
-2.887523639991e-08,-1.37732106266472e-08,4.27102720169854e-10,2.26800229763883e-08,2.14427715268211e-08,9.77530773821431e-08,-1.37732106266472e-08,-2.86107555153968e-08,-7.72746863891244e-09,1.49473897494212e-08,3.47078612625011e-09,-7.65110358086504e-09,4.27102720169854e-10,-7.72746863891244e-09,-8.33227602377089e-08,-5.49857840067246e-09,-2.20366133156039e-08,8.72181104254879e-08,2.26800229763883e-08,1.49473897494212e-08,-5.49857840067246e-09,-2.53783030815322e-08,-1.97063045650831e-08,-9.89752708783611e-09,2.14427715268211e-08,3.47078612625011e-09,-2.20366133156039e-08,-1.97063045650831e-08,-3.37410370248889e-08,-3.45262682100433e-08,9.77530773821431e-08,-7.65110358086504e-09,8.72181104254879e-08,-9.89752708783611e-09,-3.45262682100433e-08,-4.19499164868122e-07
