"M3sh.1","M3sh.2","M3sh.3","M3sh.4","M3sh.5","M3sh.6","M3sh.7","M3sh.8","M3sh.9","M3sh.10","M3sh.11","M3sh.12","M3sh.13","M3sh.14","M3sh.15","M3sh.16","M3sh.17","M3sh.18","M3sh.19","M3sh.20","M3sh.21","M3sh.22","M3sh.23","M3sh.24","M3sh.25","M3sh.26","M3sh.27","M3sh.28","M3sh.29","M3sh.30","M3sh.31","M3sh.32","M3sh.33","M3sh.34","M3sh.35","M3sh.36"
-5.40508790503316e-07,2.23689158270596e-08,-1.14931614639866e-08,1.87612470971049e-08,-7.98208511247795e-10,-6.16766972956805e-08,2.23689158270596e-08,-4.01945798541533e-11,6.78598603958831e-09,-2.91144919981256e-09,6.14347933991758e-09,9.68184879334144e-09,-1.14931614639866e-08,6.78598603958831e-09,-2.01375504702028e-09,-2.5897925966418e-09,3.90278637556386e-09,4.97398214708467e-09,1.87612470971049e-08,-2.91144919981256e-09,-2.5897925966418e-09,1.29779569625625e-09,1.17286633434422e-09,1.01414719143414e-08,-7.98208511247795e-10,6.14347933991758e-09,3.90278637556386e-09,1.17286633434422e-09,8.78390330512231e-09,8.28782347427878e-09,-6.16766972956805e-08,9.68184879334144e-09,4.97398214708467e-09,1.01414719143414e-08,8.28782347427878e-09,2.47360061046249e-08
2.23689158270596e-08,-4.01945798541533e-11,6.78598603958831e-09,-2.91144919981256e-09,6.14347933991758e-09,9.68184879334144e-09,-4.01945798541533e-11,-3.3851333305011e-07,1.03358851834131e-08,1.25341776590139e-08,7.86921699935428e-09,-1.30070414618887e-08,6.78598603958831e-09,1.03358851834131e-08,-4.20310885871419e-09,-4.61890941852738e-09,-6.28442833257238e-09,-2.89269242154911e-09,-2.91144919981256e-09,1.25341776590139e-08,-4.61890941852738e-09,-5.67899712432301e-09,-4.16000823274043e-09,4.08087949480208e-09,6.14347933991758e-09,7.86921699935428e-09,-6.28442833257238e-09,-4.16000823274043e-09,-6.36614551586158e-09,1.70430758751585e-09,9.68184879334144e-09,-1.30070414618887e-08,-2.89269242154911e-09,4.08087949480208e-09,1.70430758751585e-09,8.86489562317893e-12
-1.14931614639866e-08,6.78598603958831e-09,-2.01375504702028e-09,-2.5897925966418e-09,3.90278637556386e-09,4.97398214708467e-09,6.78598603958831e-09,1.03358851834131e-08,-4.20310885871419e-09,-4.61890941852738e-09,-6.28442833257238e-09,-2.89269242154911e-09,-2.01375504702028e-09,-4.20310885871419e-09,-2.78399735669625e-07,-6.24552483872123e-10,-2.95005093114727e-09,-2.93906470601742e-08,-2.5897925966418e-09,-4.61890941852738e-09,-6.24552483872123e-10,4.04894149330074e-09,1.1390033942686e-09,-2.19171453559994e-09,3.90278637556386e-09,-6.28442833257238e-09,-2.95005093114727e-09,1.1390033942686e-09,-4.33563002906472e-09,-7.50709118327686e-09,4.97398214708467e-09,-2.89269242154911e-09,-2.93906470601742e-08,-2.19171453559994e-09,-7.50709118327686e-09,2.96397921405419e-08
1.87612470971049e-08,-2.91144919981256e-09,-2.5897925966418e-09,1.29779569625625e-09,1.17286633434422e-09,1.01414719143414e-08,-2.91144919981256e-09,1.25341776590139e-08,-4.61890941852738e-09,-5.67899712432301e-09,-4.16000823274043e-09,4.08087949480208e-09,-2.5897925966418e-09,-4.61890941852738e-09,-6.24552483872123e-10,4.04894149330074e-09,1.1390033942686e-09,-2.19171453559994e-09,1.29779569625625e-09,-5.67899712432301e-09,4.04894149330074e-09,-2.86090720589046e-07,7.52693626459042e-10,-8.8345990934099e-09,1.17286633434422e-09,-4.16000823274043e-09,1.1390033942686e-09,7.52693626459042e-10,-1.26433780129004e-09,-7.20979553034938e-09,1.01414719143414e-08,4.08087949480208e-09,-2.19171453559994e-09,-8.8345990934099e-09,-7.20979553034938e-09,-3.93216423219473e-09
-7.98208511247795e-10,6.14347933991758e-09,3.90278637556386e-09,1.17286633434422e-09,8.78390330512231e-09,8.28782347427878e-09,6.14347933991758e-09,7.86921699935428e-09,-6.28442833257238e-09,-4.16000823274043e-09,-6.36614551586158e-09,1.70430758751585e-09,3.90278637556386e-09,-6.28442833257238e-09,-2.95005093114727e-09,1.1390033942686e-09,-4.33563002906472e-09,-7.50709118327686e-09,1.17286633434422e-09,-4.16000823274043e-09,1.1390033942686e-09,7.52693626459042e-10,-1.26433780129004e-09,-7.20979553034938e-09,8.78390330512231e-09,-6.36614551586158e-09,-4.33563002906472e-09,-1.26433780129004e-09,-2.97887049705479e-07,-1.23180533958614e-08,8.28782347427878e-09,1.70430758751585e-09,-7.50709118327686e-09,-7.20979553034938e-09,-1.23180533958614e-08,-1.52616318312451e-08
-6.16766972956805e-08,9.68184879334144e-09,4.97398214708467e-09,1.01414719143414e-08,8.28782347427878e-09,2.47360061046249e-08,9.68184879334144e-09,-1.30070414618887e-08,-2.89269242154911e-09,4.08087949480208e-09,1.70430758751585e-09,8.86489562317893e-12,4.97398214708467e-09,-2.89269242154911e-09,-2.93906470601742e-08,-2.19171453559994e-09,-7.50709118327686e-09,2.96397921405419e-08,1.01414719143414e-08,4.08087949480208e-09,-2.19171453559994e-09,-8.8345990934099e-09,-7.20979553034938e-09,-3.93216423219473e-09,8.28782347427878e-09,1.70430758751585e-09,-7.50709118327686e-09,-7.20979553034938e-09,-1.23180533958614e-08,-1.52616318312451e-08,2.47360061046249e-08,8.86489562317893e-12,2.96397921405419e-08,-3.93216423219473e-09,-1.52616318312451e-08,-4.15585990962747e-07
