"M3sh.1","M3sh.2","M3sh.3","M3sh.4","M3sh.5","M3sh.6","M3sh.7","M3sh.8","M3sh.9","M3sh.10","M3sh.11","M3sh.12","M3sh.13","M3sh.14","M3sh.15","M3sh.16","M3sh.17","M3sh.18","M3sh.19","M3sh.20","M3sh.21","M3sh.22","M3sh.23","M3sh.24","M3sh.25","M3sh.26","M3sh.27","M3sh.28","M3sh.29","M3sh.30","M3sh.31","M3sh.32","M3sh.33","M3sh.34","M3sh.35","M3sh.36"
-6.42917969693664e-07,3.41497703013052e-08,-1.64242333847179e-08,3.03861449536888e-08,-1.08357504610499e-09,-8.25512919795223e-08,3.41497703013052e-08,-2.5474178163488e-09,6.61530770842649e-09,-3.6506690440066e-09,6.72380247084307e-09,1.10318565618683e-08,-1.64242333847179e-08,6.61530770842649e-09,-2.62972803349918e-09,-3.85788304006008e-09,4.89549967466928e-09,4.21664547563758e-09,3.03861449536888e-08,-3.6506690440066e-09,-3.85788304006008e-09,9.35670469968597e-10,1.36688833317152e-09,1.40406360744872e-08,-1.08357504610499e-09,6.72380247084307e-09,4.89549967466928e-09,1.36688833317152e-09,1.11623125719022e-08,9.78109321996254e-09,-8.25512919795223e-08,1.10318565618683e-08,4.21664547563758e-09,1.40406360744872e-08,9.78109321996254e-09,3.13759096308207e-08
3.41497703013052e-08,-2.5474178163488e-09,6.61530770842649e-09,-3.6506690440066e-09,6.72380247084307e-09,1.10318565618683e-08,-2.5474178163488e-09,-3.37680796215871e-07,1.50691777500383e-08,1.68146737189403e-08,1.10497831041186e-08,-1.80385733271764e-08,6.61530770842649e-09,1.50691777500383e-08,-4.76163507228497e-09,-6.50685977594009e-09,-8.03665512820665e-09,-3.95537175256468e-09,-3.6506690440066e-09,1.68146737189403e-08,-6.50685977594009e-09,-7.7162083450207e-09,-5.68827766212209e-09,6.5321110484623e-09,6.72380247084307e-09,1.10497831041186e-08,-8.03665512820665e-09,-5.68827766212209e-09,-8.26554803212476e-09,2.533151374728e-09,1.10318565618683e-08,-1.80385733271764e-08,-3.95537175256468e-09,6.5321110484623e-09,2.533151374728e-09,1.25791500221215e-09
-1.64242333847179e-08,6.61530770842649e-09,-2.62972803349918e-09,-3.85788304006008e-09,4.89549967466928e-09,4.21664547563758e-09,6.61530770842649e-09,1.50691777500383e-08,-4.76163507228497e-09,-6.50685977594009e-09,-8.03665512820665e-09,-3.95537175256468e-09,-2.62972803349918e-09,-4.76163507228497e-09,-2.59017204282059e-07,-3.23892595179679e-11,-3.61840908320841e-09,-3.93813844427335e-08,-3.85788304006008e-09,-6.50685977594009e-09,-3.23892595179679e-11,5.93166507290878e-09,1.96426340474643e-09,-2.72480756974753e-09,4.89549967466928e-09,-8.03665512820665e-09,-3.61840908320841e-09,1.96426340474643e-09,-5.24846861859673e-09,-9.59447555677844e-09,4.21664547563758e-09,-3.95537175256468e-09,-3.93813844427335e-08,-2.72480756974753e-09,-9.59447555677844e-09,4.19144774385481e-08
3.03861449536888e-08,-3.6506690440066e-09,-3.85788304006008e-09,9.35670469968597e-10,1.36688833317152e-09,1.40406360744872e-08,-3.6506690440066e-09,1.68146737189403e-08,-6.50685977594009e-09,-7.7162083450207e-09,-5.68827766212209e-09,6.5321110484623e-09,-3.85788304006008e-09,-6.50685977594009e-09,-3.23892595179679e-11,5.93166507290878e-09,1.96426340474643e-09,-2.72480756974753e-09,9.35670469968597e-10,-7.7162083450207e-09,5.93166507290878e-09,-2.69455139663936e-07,1.24659867679364e-09,-1.25929575349078e-08,1.36688833317152e-09,-5.68827766212209e-09,1.96426340474643e-09,1.24659867679364e-09,-1.4312573436767e-09,-9.74713051490588e-09,1.40406360744872e-08,6.5321110484623e-09,-2.72480756974753e-09,-1.25929575349078e-08,-9.74713051490588e-09,-5.50657661558409e-09
-1.08357504610499e-09,6.72380247084307e-09,4.89549967466928e-09,1.36688833317152e-09,1.11623125719022e-08,9.78109321996254e-09,6.72380247084307e-09,1.10497831041186e-08,-8.03665512820665e-09,-5.68827766212209e-09,-8.26554803212476e-09,2.533151374728e-09,4.89549967466928e-09,-8.03665512820665e-09,-3.61840908320841e-09,1.96426340474643e-09,-5.24846861859673e-09,-9.59447555677844e-09,1.36688833317152e-09,-5.68827766212209e-09,1.96426340474643e-09,1.24659867679364e-09,-1.4312573436767e-09,-9.74713051490588e-09,1.11623125719022e-08,-8.26554803212476e-09,-5.24846861859673e-09,-1.4312573436767e-09,-2.84992421556473e-07,-1.61114353551322e-08,9.78109321996254e-09,2.533151374728e-09,-9.59447555677844e-09,-9.74713051490588e-09,-1.61114353551322e-08,-1.92587875824532e-08
-8.25512919795223e-08,1.10318565618683e-08,4.21664547563758e-09,1.40406360744872e-08,9.78109321996254e-09,3.13759096308207e-08,1.10318565618683e-08,-1.80385733271764e-08,-3.95537175256468e-09,6.5321110484623e-09,2.533151374728e-09,1.25791500221215e-09,4.21664547563758e-09,-3.95537175256468e-09,-3.93813844427335e-08,-2.72480756974753e-09,-9.59447555677844e-09,4.19144774385481e-08,1.40406360744872e-08,6.5321110484623e-09,-2.72480756974753e-09,-1.25929575349078e-08,-9.74713051490588e-09,-5.50657661558409e-09,9.78109321996254e-09,2.533151374728e-09,-9.59447555677844e-09,-9.74713051490588e-09,-1.61114353551322e-08,-1.92587875824532e-08,3.13759096308207e-08,1.25791500221215e-09,4.19144774385481e-08,-5.50657661558409e-09,-1.92587875824532e-08,-4.41604799753832e-07
