"M3sh.1","M3sh.2","M3sh.3","M3sh.4","M3sh.5","M3sh.6","M3sh.7","M3sh.8","M3sh.9","M3sh.10","M3sh.11","M3sh.12","M3sh.13","M3sh.14","M3sh.15","M3sh.16","M3sh.17","M3sh.18","M3sh.19","M3sh.20","M3sh.21","M3sh.22","M3sh.23","M3sh.24","M3sh.25","M3sh.26","M3sh.27","M3sh.28","M3sh.29","M3sh.30","M3sh.31","M3sh.32","M3sh.33","M3sh.34","M3sh.35","M3sh.36"
-6.17252830025571e-07,3.03469258078363e-08,-1.78262692461385e-08,2.6896853103749e-08,-2.4714401685104e-09,-7.90300039286662e-08,3.03469258078363e-08,-9.48963691853096e-10,6.76016556444723e-09,-3.41020613740847e-09,6.69715547567529e-09,1.11970766892078e-08,-1.78262692461385e-08,6.76016556444723e-09,-1.42355234578771e-09,-3.31735821687695e-09,5.29178449456253e-09,5.26331327742878e-09,2.6896853103749e-08,-3.41020613740847e-09,-3.31735821687695e-09,1.2837014500021e-09,1.68526242190561e-09,1.37157646760304e-08,-2.4714401685104e-09,6.69715547567529e-09,5.29178449456253e-09,1.68526242190561e-09,1.10953284948725e-08,1.01099338532112e-08,-7.90300039286662e-08,1.11970766892078e-08,5.26331327742878e-09,1.37157646760304e-08,1.01099338532112e-08,3.15520758431364e-08
3.03469258078363e-08,-9.48963691853096e-10,6.76016556444723e-09,-3.41020613740847e-09,6.69715547567529e-09,1.11970766892078e-08,-9.48963691853096e-10,-3.39098101400428e-07,1.35719753232883e-08,1.5647836815246e-08,1.01051580013003e-08,-1.6754483058177e-08,6.76016556444723e-09,1.35719753232883e-08,-4.74360434283059e-09,-6.04095518787999e-09,-7.63317146705521e-09,-4.13243960836762e-09,-3.41020613740847e-09,1.5647836815246e-08,-6.04095518787999e-09,-7.04095375730611e-09,-5.35364541852292e-09,5.77330014743107e-09,6.69715547567529e-09,1.01051580013003e-08,-7.63317146705521e-09,-5.35364541852292e-09,-7.83062395713903e-09,2.18643238731354e-09,1.11970766892078e-08,-1.6754483058177e-08,-4.13243960836762e-09,5.77330014743107e-09,2.18643238731354e-09,1.65579307702259e-09
-1.78262692461385e-08,6.76016556444723e-09,-1.42355234578771e-09,-3.31735821687695e-09,5.29178449456253e-09,5.26331327742878e-09,6.76016556444723e-09,1.35719753232883e-08,-4.74360434283059e-09,-6.04095518787999e-09,-7.63317146705521e-09,-4.13243960836762e-09,-1.42355234578771e-09,-4.74360434283059e-09,-2.65578156998656e-07,-4.44582108977844e-10,-4.07674171202751e-09,-3.75494316069827e-08,-3.31735821687695e-09,-6.04095518787999e-09,-4.44582108977844e-10,5.26832670967943e-09,1.58279309761504e-09,-2.45582661600637e-09,5.29178449456253e-09,-7.63317146705521e-09,-4.07674171202751e-09,1.58279309761504e-09,-5.48933456521048e-09,-9.49404779764492e-09,5.26331327742878e-09,-4.13243960836762e-09,-3.75494316069827e-08,-2.45582661600637e-09,-9.49404779764492e-09,3.77006014447512e-08
2.6896853103749e-08,-3.41020613740847e-09,-3.31735821687695e-09,1.2837014500021e-09,1.68526242190561e-09,1.37157646760304e-08,-3.41020613740847e-09,1.5647836815246e-08,-6.04095518787999e-09,-7.04095375730611e-09,-5.35364541852292e-09,5.77330014743107e-09,-3.31735821687695e-09,-6.04095518787999e-09,-4.44582108977844e-10,5.26832670967943e-09,1.58279309761504e-09,-2.45582661600637e-09,1.2837014500021e-09,-7.04095375730611e-09,5.26832670967943e-09,-2.74790186774634e-07,9.55300165959515e-10,-1.17306022802494e-08,1.68526242190561e-09,-5.35364541852292e-09,1.58279309761504e-09,9.55300165959515e-10,-1.57866536598582e-09,-9.14062378358646e-09,1.37157646760304e-08,5.77330014743107e-09,-2.45582661600637e-09,-1.17306022802494e-08,-9.14062378358646e-09,-5.53200584421058e-09
-2.4714401685104e-09,6.69715547567529e-09,5.29178449456253e-09,1.68526242190561e-09,1.10953284948725e-08,1.01099338532112e-08,6.69715547567529e-09,1.01051580013003e-08,-7.63317146705521e-09,-5.35364541852292e-09,-7.83062395713903e-09,2.18643238731354e-09,5.29178449456253e-09,-7.63317146705521e-09,-4.07674171202751e-09,1.58279309761504e-09,-5.48933456521048e-09,-9.49404779764492e-09,1.68526242190561e-09,-5.35364541852292e-09,1.58279309761504e-09,9.55300165959515e-10,-1.57866536598582e-09,-9.14062378358646e-09,1.10953284948725e-08,-7.83062395713903e-09,-5.48933456521048e-09,-1.57866536598582e-09,-2.89402894332169e-07,-1.55305527693918e-08,1.01099338532112e-08,2.18643238731354e-09,-9.49404779764492e-09,-9.14062378358646e-09,-1.55305527693918e-08,-1.93851837108524e-08
-7.90300039286662e-08,1.11970766892078e-08,5.26331327742878e-09,1.37157646760304e-08,1.01099338532112e-08,3.15520758431364e-08,1.11970766892078e-08,-1.6754483058177e-08,-4.13243960836762e-09,5.77330014743107e-09,2.18643238731354e-09,1.65579307702259e-09,5.26331327742878e-09,-4.13243960836762e-09,-3.75494316069827e-08,-2.45582661600637e-09,-9.49404779764492e-09,3.77006014447512e-08,1.37157646760304e-08,5.77330014743107e-09,-2.45582661600637e-09,-1.17306022802494e-08,-9.14062378358646e-09,-5.53200584421058e-09,1.01099338532112e-08,2.18643238731354e-09,-9.49404779764492e-09,-9.14062378358646e-09,-1.55305527693918e-08,-1.93851837108524e-08,3.15520758431364e-08,1.65579307702259e-09,3.77006014447512e-08,-5.53200584421058e-09,-1.93851837108524e-08,-4.38730758248072e-07
