"M3sh.1","M3sh.2","M3sh.3","M3sh.4","M3sh.5","M3sh.6","M3sh.7","M3sh.8","M3sh.9","M3sh.10","M3sh.11","M3sh.12","M3sh.13","M3sh.14","M3sh.15","M3sh.16","M3sh.17","M3sh.18","M3sh.19","M3sh.20","M3sh.21","M3sh.22","M3sh.23","M3sh.24","M3sh.25","M3sh.26","M3sh.27","M3sh.28","M3sh.29","M3sh.30","M3sh.31","M3sh.32","M3sh.33","M3sh.34","M3sh.35","M3sh.36"
-5.47671427079709e-07,2.22458230682874e-08,-1.12405768141261e-08,1.91623324110775e-08,-1.08995089943651e-09,-6.37134337895654e-08,2.22458230682874e-08,-1.29181469724881e-09,7.14461644620841e-09,-2.45189989023051e-09,6.20516320706736e-09,8.78803814921656e-09,-1.12405768141261e-08,7.14461644620841e-09,-1.11595250677816e-09,-2.9937117563332e-09,4.36434389917817e-09,4.67746328217661e-09,1.91623324110775e-08,-2.45189989023051e-09,-2.9937117563332e-09,1.37336751382404e-09,1.06225685676631e-09,1.08344729371778e-08,-1.08995089943651e-09,6.20516320706736e-09,4.36434389917817e-09,1.06225685676631e-09,8.98921237491962e-09,7.90612375414298e-09,-6.37134337895654e-08,8.78803814921656e-09,4.67746328217661e-09,1.08344729371778e-08,7.90612375414298e-09,2.35055509348886e-08
2.22458230682874e-08,-1.29181469724881e-09,7.14461644620841e-09,-2.45189989023051e-09,6.20516320706736e-09,8.78803814921656e-09,-1.29181469724881e-09,-3.45957104212879e-07,1.06813988379805e-08,1.43315486449054e-08,8.30728476466347e-09,-1.52961652374224e-08,7.14461644620841e-09,1.06813988379805e-08,-4.19488415664376e-09,-4.6252740843342e-09,-6.35759920250733e-09,-2.84991507268658e-09,-2.45189989023051e-09,1.43315486449054e-08,-4.6252740843342e-09,-6.45578400993524e-09,-4.27327855381978e-09,4.94286969598827e-09,6.20516320706736e-09,8.30728476466347e-09,-6.35759920250733e-09,-4.27327855381978e-09,-6.54235673930929e-09,1.82311404158808e-09,8.78803814921656e-09,-1.52961652374224e-08,-2.84991507268658e-09,4.94286969598827e-09,1.82311404158808e-09,-1.52960478816268e-09
-1.12405768141261e-08,7.14461644620841e-09,-1.11595250677816e-09,-2.9937117563332e-09,4.36434389917817e-09,4.67746328217661e-09,7.14461644620841e-09,1.06813988379805e-08,-4.19488415664376e-09,-4.6252740843342e-09,-6.35759920250733e-09,-2.84991507268658e-09,-1.11595250677816e-09,-4.19488415664376e-09,-2.80712302128351e-07,-5.92006148604237e-10,-2.99076142872561e-09,-2.94679866624392e-08,-2.9937117563332e-09,-4.6252740843342e-09,-5.92006148604237e-10,4.03003479293419e-09,1.22327148168768e-09,-2.30978800592886e-09,4.36434389917817e-09,-6.35759920250733e-09,-2.99076142872561e-09,1.22327148168768e-09,-4.45006194801103e-09,-7.35886238373361e-09,4.67746328217661e-09,-2.84991507268658e-09,-2.94679866624392e-08,-2.30978800592886e-09,-7.35886238373361e-09,2.98028984340565e-08
1.91623324110775e-08,-2.45189989023051e-09,-2.9937117563332e-09,1.37336751382404e-09,1.06225685676631e-09,1.08344729371778e-08,-2.45189989023051e-09,1.43315486449054e-08,-4.6252740843342e-09,-6.45578400993524e-09,-4.27327855381978e-09,4.94286969598827e-09,-2.9937117563332e-09,-4.6252740843342e-09,-5.92006148604237e-10,4.03003479293419e-09,1.22327148168768e-09,-2.30978800592886e-09,1.37336751382404e-09,-6.45578400993524e-09,4.03003479293419e-09,-2.88406520216593e-07,7.38386383057391e-10,-9.25091005097413e-09,1.06225685676631e-09,-4.27327855381978e-09,1.22327148168768e-09,7.38386383057391e-10,-1.19816141616314e-09,-7.44887577782816e-09,1.08344729371778e-08,4.94286969598827e-09,-2.30978800592886e-09,-9.25091005097413e-09,-7.44887577782816e-09,-3.37168740694779e-09
-1.08995089943651e-09,6.20516320706736e-09,4.36434389917817e-09,1.06225685676631e-09,8.98921237491962e-09,7.90612375414298e-09,6.20516320706736e-09,8.30728476466347e-09,-6.35759920250733e-09,-4.27327855381978e-09,-6.54235673930929e-09,1.82311404158808e-09,4.36434389917817e-09,-6.35759920250733e-09,-2.99076142872561e-09,1.22327148168768e-09,-4.45006194801103e-09,-7.35886238373361e-09,1.06225685676631e-09,-4.27327855381978e-09,1.22327148168768e-09,7.38386383057391e-10,-1.19816141616314e-09,-7.44887577782816e-09,8.98921237491962e-09,-6.54235673930929e-09,-4.45006194801103e-09,-1.19816141616314e-09,-3.00655304624929e-07,-1.23331872258647e-08,7.90612375414298e-09,1.82311404158808e-09,-7.35886238373361e-09,-7.44887577782816e-09,-1.23331872258647e-08,-1.56731230137984e-08
-6.37134337895654e-08,8.78803814921656e-09,4.67746328217661e-09,1.08344729371778e-08,7.90612375414298e-09,2.35055509348886e-08,8.78803814921656e-09,-1.52961652374224e-08,-2.84991507268658e-09,4.94286969598827e-09,1.82311404158808e-09,-1.52960478816268e-09,4.67746328217661e-09,-2.84991507268658e-09,-2.94679866624392e-08,-2.30978800592886e-09,-7.35886238373361e-09,2.98028984340565e-08,1.08344729371778e-08,4.94286969598827e-09,-2.30978800592886e-09,-9.25091005097413e-09,-7.44887577782816e-09,-3.37168740694779e-09,7.90612375414298e-09,1.82311404158808e-09,-7.35886238373361e-09,-7.44887577782816e-09,-1.23331872258647e-08,-1.56731230137984e-08,2.35055509348886e-08,-1.52960478816268e-09,2.98028984340565e-08,-3.37168740694779e-09,-1.56731230137984e-08,-4.22040088023156e-07
