"M2sh.Mkt.RF","M2sh.SMB","M2sh.HML","M2sh.RMW","M2sh.CMA","M2sh.MOM"
0.000117526427523938,-1.52787728448012e-06,-3.82856579476992e-06,-1.70524573347364e-05,-1.53823805710889e-05,-1.8761497947077e-05
-1.52787728448012e-06,3.16805412001936e-05,1.86049163830541e-06,-7.26663646928967e-06,1.09648086063807e-06,7.80923780348521e-07
-3.82856579476992e-06,1.86049163830541e-06,3.44217723756699e-05,1.06637286793176e-06,1.16624693172015e-05,-1.59853404541549e-05
-1.70524573347364e-05,-7.26663646928967e-06,1.06637286793176e-06,2.04206461356625e-05,4.03782841054345e-06,5.33596359640665e-06
-1.53823805710889e-05,1.09648086063807e-06,1.16624693172015e-05,4.03782841054345e-06,1.66995763493282e-05,1.64871041626083e-06
-1.8761497947077e-05,7.80923780348521e-07,-1.59853404541549e-05,5.33596359640665e-06,1.64871041626083e-06,6.98441670491974e-05
