"M3sh.1","M3sh.2","M3sh.3","M3sh.4","M3sh.5","M3sh.6","M3sh.7","M3sh.8","M3sh.9","M3sh.10","M3sh.11","M3sh.12","M3sh.13","M3sh.14","M3sh.15","M3sh.16","M3sh.17","M3sh.18","M3sh.19","M3sh.20","M3sh.21","M3sh.22","M3sh.23","M3sh.24","M3sh.25","M3sh.26","M3sh.27","M3sh.28","M3sh.29","M3sh.30","M3sh.31","M3sh.32","M3sh.33","M3sh.34","M3sh.35","M3sh.36"
-5.40859965723935e-07,2.23572157559975e-08,-1.16141610084606e-08,1.88224645170175e-08,-8.44146432050744e-10,-6.18255987526058e-08,2.23572157559975e-08,-6.55092971827709e-11,6.78841021272933e-09,-2.90966161124225e-09,6.15506793347233e-09,9.70142632547409e-09,-1.16141610084606e-08,6.78841021272933e-09,-1.91130273561653e-09,-2.66810470965942e-09,3.98721694574493e-09,4.83821149657806e-09,1.88224645170175e-08,-2.90966161124225e-09,-2.66810470965942e-09,1.36305140374362e-09,1.11626804282995e-09,1.02821330564246e-08,-8.44146432050744e-10,6.15506793347233e-09,3.98721694574493e-09,1.11626804282995e-09,8.85026977873135e-09,8.20722571215243e-09,-6.18255987526058e-08,9.70142632547409e-09,4.83821149657806e-09,1.02821330564246e-08,8.20722571215243e-09,2.50101580036833e-08
2.23572157559975e-08,-6.55092971827709e-11,6.78841021272933e-09,-2.90966161124225e-09,6.15506793347233e-09,9.70142632547409e-09,-6.55092971827709e-11,-3.3861947530496e-07,1.03753980679321e-08,1.25526006522609e-08,7.88954376342833e-09,-1.30791208501886e-08,6.78841021272933e-09,1.03753980679321e-08,-4.23481804995256e-09,-4.61271774344659e-09,-6.310936058614e-09,-2.86564791880359e-09,-2.90966161124225e-09,1.25526006522609e-08,-4.61271774344659e-09,-5.7049302421563e-09,-4.15274861524678e-09,4.06530457277822e-09,6.15506793347233e-09,7.88954376342833e-09,-6.310936058614e-09,-4.15274861524678e-09,-6.39620855524338e-09,1.73001205431906e-09,9.70142632547409e-09,-1.30791208501886e-08,-2.86564791880359e-09,4.06530457277822e-09,1.73001205431906e-09,-4.85512765647841e-11
-1.16141610084606e-08,6.78841021272933e-09,-1.91130273561653e-09,-2.66810470965942e-09,3.98721694574493e-09,4.83821149657806e-09,6.78841021272933e-09,1.03753980679321e-08,-4.23481804995256e-09,-4.61271774344659e-09,-6.310936058614e-09,-2.86564791880359e-09,-1.91130273561653e-09,-4.23481804995256e-09,-2.78447655901394e-07,-5.59856438091515e-10,-3.00919343891916e-09,-2.93153564150747e-08,-2.66810470965942e-09,-4.61271774344659e-09,-5.59856438091515e-10,4.00872674406105e-09,1.19680270222856e-09,-2.30019876651504e-09,3.98721694574493e-09,-6.310936058614e-09,-3.00919343891916e-09,1.19680270222856e-09,-4.3926519804342e-09,-7.41564098080724e-09,4.83821149657806e-09,-2.86564791880359e-09,-2.93153564150747e-08,-2.30019876651504e-09,-7.41564098080724e-09,2.95297622899802e-08
1.88224645170175e-08,-2.90966161124225e-09,-2.66810470965942e-09,1.36305140374362e-09,1.11626804282995e-09,1.02821330564246e-08,-2.90966161124225e-09,1.25526006522609e-08,-4.61271774344659e-09,-5.7049302421563e-09,-4.15274861524678e-09,4.06530457277822e-09,-2.66810470965942e-09,-4.61271774344659e-09,-5.59856438091515e-10,4.00872674406105e-09,1.19680270222856e-09,-2.30019876651504e-09,1.36305140374362e-09,-5.7049302421563e-09,4.00872674406105e-09,-2.86069742009892e-07,7.19388816231748e-10,-8.80136844665605e-09,1.11626804282995e-09,-4.15274861524678e-09,1.19680270222856e-09,7.19388816231748e-10,-1.22085212226917e-09,-7.30357313291164e-09,1.02821330564246e-08,4.06530457277822e-09,-2.30019876651504e-09,-8.80136844665605e-09,-7.30357313291164e-09,-3.84187145014961e-09
-8.44146432050744e-10,6.15506793347233e-09,3.98721694574493e-09,1.11626804282995e-09,8.85026977873135e-09,8.20722571215243e-09,6.15506793347233e-09,7.88954376342833e-09,-6.310936058614e-09,-4.15274861524678e-09,-6.39620855524338e-09,1.73001205431906e-09,3.98721694574493e-09,-6.310936058614e-09,-3.00919343891916e-09,1.19680270222856e-09,-4.3926519804342e-09,-7.41564098080724e-09,1.11626804282995e-09,-4.15274861524678e-09,1.19680270222856e-09,7.19388816231748e-10,-1.22085212226917e-09,-7.30357313291164e-09,8.85026977873135e-09,-6.39620855524338e-09,-4.3926519804342e-09,-1.22085212226917e-09,-2.97941674268534e-07,-1.22589703581189e-08,8.20722571215243e-09,1.73001205431906e-09,-7.41564098080724e-09,-7.30357313291164e-09,-1.22589703581189e-08,-1.54152556396818e-08
-6.18255987526058e-08,9.70142632547409e-09,4.83821149657806e-09,1.02821330564246e-08,8.20722571215243e-09,2.50101580036833e-08,9.70142632547409e-09,-1.30791208501886e-08,-2.86564791880359e-09,4.06530457277822e-09,1.73001205431906e-09,-4.85512765647841e-11,4.83821149657806e-09,-2.86564791880359e-09,-2.93153564150747e-08,-2.30019876651504e-09,-7.41564098080724e-09,2.95297622899802e-08,1.02821330564246e-08,4.06530457277822e-09,-2.30019876651504e-09,-8.80136844665605e-09,-7.30357313291164e-09,-3.84187145014961e-09,8.20722571215243e-09,1.73001205431906e-09,-7.41564098080724e-09,-7.30357313291164e-09,-1.22589703581189e-08,-1.54152556396818e-08,2.50101580036833e-08,-4.85512765647841e-11,2.95297622899802e-08,-3.84187145014961e-09,-1.54152556396818e-08,-4.15801895039397e-07
