"M3sh.1","M3sh.2","M3sh.3","M3sh.4","M3sh.5","M3sh.6","M3sh.7","M3sh.8","M3sh.9","M3sh.10","M3sh.11","M3sh.12","M3sh.13","M3sh.14","M3sh.15","M3sh.16","M3sh.17","M3sh.18","M3sh.19","M3sh.20","M3sh.21","M3sh.22","M3sh.23","M3sh.24","M3sh.25","M3sh.26","M3sh.27","M3sh.28","M3sh.29","M3sh.30","M3sh.31","M3sh.32","M3sh.33","M3sh.34","M3sh.35","M3sh.36"
-4.02980600864902e-07,2.32601584638558e-08,1.07453277642012e-08,8.80145956228544e-09,-4.24446177005688e-09,-5.50577069778774e-08,2.32601584638558e-08,-4.13112679003868e-09,3.56451816969757e-09,-5.70723157892539e-10,5.22167259134369e-09,8.13971268269767e-09,1.07453277642012e-08,3.56451816969757e-09,6.13544727916052e-10,-2.09607259507824e-09,4.01978834808033e-09,9.29497279311352e-09,8.80145956228544e-09,-5.70723157892539e-10,-2.09607259507824e-09,1.68993017079069e-10,3.81299348443424e-10,7.35288001469401e-09,-4.24446177005688e-09,5.22167259134369e-09,4.01978834808033e-09,3.81299348443424e-10,6.91226200015762e-09,6.09997044686473e-09,-5.50577069778774e-08,8.13971268269767e-09,9.29497279311352e-09,7.35288001469401e-09,6.09997044686473e-09,-4.47901753196762e-10
2.32601584638558e-08,-4.13112679003868e-09,3.56451816969757e-09,-5.70723157892539e-10,5.22167259134369e-09,8.13971268269767e-09,-4.13112679003868e-09,-2.83551770628875e-07,6.4719156169328e-09,1.10064482783472e-08,6.62643497722552e-09,-1.00778002720156e-08,3.56451816969757e-09,6.4719156169328e-09,-5.54454003146510e-09,-2.89706501380439e-09,-4.88998318791068e-09,1.18114944599687e-09,-5.70723157892539e-10,1.10064482783472e-08,-2.89706501380439e-09,-4.90216232697942e-09,-3.35305574657074e-09,3.19116910983498e-09,5.22167259134369e-09,6.62643497722552e-09,-4.88998318791068e-09,-3.35305574657074e-09,-5.0024209569978e-09,1.51487537546251e-09,8.13971268269767e-09,-1.00778002720156e-08,1.18114944599687e-09,3.19116910983498e-09,1.51487537546251e-09,-9.10757583046854e-09
1.07453277642012e-08,3.56451816969757e-09,6.13544727916052e-10,-2.09607259507824e-09,4.01978834808033e-09,9.29497279311352e-09,3.56451816969757e-09,6.4719156169328e-09,-5.54454003146510e-09,-2.89706501380439e-09,-4.88998318791068e-09,1.18114944599687e-09,6.13544727916052e-10,-5.54454003146510e-09,-2.39073235488701e-07,2.41234803690496e-09,-1.6606206355688e-09,-6.74779594484055e-09,-2.09607259507824e-09,-2.89706501380439e-09,2.41234803690496e-09,1.50720441646562e-09,6.62796788151366e-10,-5.40225511075635e-09,4.01978834808033e-09,-4.88998318791068e-09,-1.6606206355688e-09,6.62796788151366e-10,-3.93720812068263e-09,-6.76642006137185e-09,9.29497279311352e-09,1.18114944599687e-09,-6.74779594484055e-09,-5.40225511075635e-09,-6.76642006137185e-09,-3.9497318894817e-09
8.80145956228544e-09,-5.70723157892539e-10,-2.09607259507824e-09,1.68993017079069e-10,3.81299348443424e-10,7.35288001469401e-09,-5.70723157892539e-10,1.10064482783472e-08,-2.89706501380439e-09,-4.90216232697942e-09,-3.35305574657074e-09,3.19116910983498e-09,-2.09607259507824e-09,-2.89706501380439e-09,2.41234803690496e-09,1.50720441646562e-09,6.62796788151366e-10,-5.40225511075635e-09,1.68993017079069e-10,-4.90216232697942e-09,1.50720441646562e-09,-2.36109395824737e-07,8.31588700387518e-10,-5.1788205768259e-09,3.81299348443424e-10,-3.35305574657074e-09,6.62796788151366e-10,8.31588700387518e-10,-1.01161007331882e-09,-5.18193885967269e-09,7.35288001469401e-09,3.19116910983498e-09,-5.40225511075635e-09,-5.1788205768259e-09,-5.18193885967269e-09,3.26477811099578e-09
-4.24446177005688e-09,5.22167259134369e-09,4.01978834808033e-09,3.81299348443424e-10,6.91226200015762e-09,6.09997044686473e-09,5.22167259134369e-09,6.62643497722552e-09,-4.88998318791068e-09,-3.35305574657074e-09,-5.0024209569978e-09,1.51487537546251e-09,4.01978834808033e-09,-4.88998318791068e-09,-1.6606206355688e-09,6.62796788151366e-10,-3.93720812068263e-09,-6.76642006137185e-09,3.81299348443424e-10,-3.35305574657074e-09,6.62796788151366e-10,8.31588700387518e-10,-1.01161007331882e-09,-5.18193885967269e-09,6.91226200015762e-09,-5.0024209569978e-09,-3.93720812068263e-09,-1.01161007331882e-09,-2.46366136025034e-07,-8.47933510851831e-09,6.09997044686473e-09,1.51487537546251e-09,-6.76642006137185e-09,-5.18193885967269e-09,-8.47933510851831e-09,-9.12609979916194e-09
-5.50577069778774e-08,8.13971268269767e-09,9.29497279311352e-09,7.35288001469401e-09,6.09997044686473e-09,-4.47901753196762e-10,8.13971268269767e-09,-1.00778002720156e-08,1.18114944599687e-09,3.19116910983498e-09,1.51487537546251e-09,-9.10757583046854e-09,9.29497279311352e-09,1.18114944599687e-09,-6.74779594484055e-09,-5.40225511075635e-09,-6.76642006137185e-09,-3.9497318894817e-09,7.35288001469401e-09,3.19116910983498e-09,-5.40225511075635e-09,-5.1788205768259e-09,-5.18193885967269e-09,3.26477811099578e-09,6.09997044686473e-09,1.51487537546251e-09,-6.76642006137185e-09,-5.18193885967269e-09,-8.47933510851831e-09,-9.12609979916194e-09,-4.47901753196762e-10,-9.10757583046854e-09,-3.9497318894817e-09,3.26477811099578e-09,-9.12609979916194e-09,-2.81507176417417e-07
