"M2sh.Mkt.RF","M2sh.SMB","M2sh.HML","M2sh.RMW","M2sh.CMA","M2sh.MOM"
6.94193843447771e-05,-1.33037461155322e-05,-1.72536381574025e-05,3.37869633452433e-06,-1.08331250027587e-05,3.87726234380743e-06
-1.33037461155322e-05,2.19361528096403e-05,1.57709008973141e-06,-3.45805320117894e-06,-1.58379031352349e-07,1.80512578996262e-07
-1.72536381574025e-05,1.57709008973141e-06,1.47705909154145e-05,-3.57741620115268e-06,8.07168895983047e-06,-1.25348014745368e-06
3.37869633452433e-06,-3.45805320117894e-06,-3.57741620115268e-06,6.02197633044708e-06,-2.54565857322573e-06,6.25877451395926e-07
-1.08331250027587e-05,-1.58379031352349e-07,8.07168895983047e-06,-2.54565857322573e-06,9.52569661994111e-06,-2.87215302062802e-08
3.87726234380743e-06,1.80512578996262e-07,-1.25348014745368e-06,6.25877451395926e-07,-2.87215302062802e-08,2.18964942053873e-05
