"M2sh.Mkt.RF","M2sh.SMB","M2sh.HML","M2sh.RMW","M2sh.CMA","M2sh.MOM"
7.85275401105316e-05,-1.77793371364249e-05,-2.08541260025291e-05,2.6283050115375e-06,-1.35869624483501e-05,5.47167814969594e-06
-1.77793371364249e-05,2.48999735801194e-05,2.63802410157757e-06,-4.03758009008994e-06,4.50416644183749e-07,-1.84825532185331e-06
-2.08541260025291e-05,2.63802410157757e-06,1.69117137215676e-05,-2.83404280339158e-06,9.55983068752744e-06,-2.24837925024283e-06
2.6283050115375e-06,-4.03758009008994e-06,-2.83404280339158e-06,6.63921515781093e-06,-1.50171062091913e-06,1.08481757457351e-07
-1.35869624483501e-05,4.50416644183749e-07,9.55983068752744e-06,-1.50171062091913e-06,1.11271429319276e-05,-3.51627958021136e-07
5.47167814969594e-06,-1.84825532185331e-06,-2.24837925024283e-06,1.08481757457351e-07,-3.51627958021136e-07,2.35065304456655e-05
