"M2sh.Mkt.RF","M2sh.SMB","M2sh.HML","M2sh.RMW","M2sh.CMA","M2sh.MOM"
0.000126080002909044,-1.15261013414808e-05,-1.03161166916079e-05,-1.45680313230156e-05,-1.67034639804057e-05,-1.56354061165324e-05
-1.15261013414808e-05,3.47470291095516e-05,2.77266020552151e-06,-6.93825531670361e-06,1.35529981289121e-06,1.72376287988707e-06
-1.03161166916079e-05,2.77266020552151e-06,3.38502010035452e-05,1.0946058635229e-06,1.20336042364722e-05,-1.3258446094878e-05
-1.45680313230156e-05,-6.93825531670361e-06,1.0946058635229e-06,1.92581322770842e-05,3.51430547304935e-06,4.66360968577703e-06
-1.67034639804057e-05,1.35529981289121e-06,1.20336042364722e-05,3.51430547304935e-06,1.68688190746466e-05,2.87919729612843e-06
-1.56354061165324e-05,1.72376287988707e-06,-1.3258446094878e-05,4.66360968577703e-06,2.87919729612843e-06,6.47405408352312e-05
