"M2sh.Mkt.RF","M2sh.SMB","M2sh.HML","M2sh.RMW","M2sh.CMA","M2sh.MOM"
0.000119322950109704,-8.12289473869069e-07,-4.35708383164745e-06,-1.72974082834643e-05,-1.59401457644735e-05,-1.84991522077209e-05
-8.12289473869069e-07,3.18923103183752e-05,1.69109397144918e-06,-7.28407845773089e-06,9.53537069592282e-07,5.81134062802681e-07
-4.35708383164745e-06,1.69109397144918e-06,3.53266856198743e-05,1.1477323805216e-06,1.20425040015634e-05,-1.66308152087049e-05
-1.72974082834643e-05,-7.28407845773089e-06,1.1477323805216e-06,2.0679936181906e-05,4.13580169522272e-06,5.29543024618823e-06
-1.59401457644735e-05,9.53537069592282e-07,1.20425040015634e-05,4.13580169522272e-06,1.70196519872243e-05,1.40690440598037e-06
-1.84991522077209e-05,5.81134062802681e-07,-1.66308152087049e-05,5.29543024618823e-06,1.40690440598037e-06,7.08491938362557e-05
