"M2sh.Mkt.RF","M2sh.SMB","M2sh.HML","M2sh.RMW","M2sh.CMA","M2sh.MOM"
0.000132644333341582,2.30814535673232e-06,2.30364354580586e-07,-1.72355551528471e-05,-1.53778154894945e-05,-2.13289740840627e-05
2.30814535673232e-06,3.52709573392546e-05,5.46514825008697e-06,-6.93435703887834e-06,1.16911494726452e-06,-4.33979244367743e-06
2.30364354580586e-07,5.46514825008697e-06,4.44879998525447e-05,3.12603310280399e-06,1.3132395799426e-05,-2.72119764885932e-05
-1.72355551528471e-05,-6.93435703887834e-06,3.12603310280399e-06,2.17876462387424e-05,5.00801317418813e-06,3.12851795814745e-06
-1.53778154894945e-05,1.16911494726452e-06,1.3132395799426e-05,5.00801317418813e-06,1.75401685253371e-05,-2.85029885715493e-07
-2.13289740840627e-05,-4.33979244367743e-06,-2.72119764885932e-05,3.12851795814745e-06,-2.85029885715493e-07,8.7151159420568e-05
