"M2sh.Mkt.RF","M2sh.SMB","M2sh.HML","M2sh.RMW","M2sh.CMA","M2sh.MOM"
0.000127890543358409,-5.47186923029037e-06,-5.79369869930987e-06,-1.67549725767344e-05,-1.59315531457789e-05,-1.64650960847879e-05
-5.47186923029037e-06,3.54356263789625e-05,1.81907287556441e-06,-7.74839541329476e-06,6.5567793012481e-07,2.09261280757181e-07
-5.79369869930987e-06,1.81907287556441e-06,3.43349744752528e-05,1.13407612550212e-06,1.17283335222737e-05,-1.61586678689616e-05
-1.67549725767344e-05,-7.74839541329476e-06,1.13407612550212e-06,2.02673044408391e-05,4.08592279231755e-06,5.41081860988882e-06
-1.59315531457789e-05,6.5567793012481e-07,1.17283335222737e-05,4.08592279231755e-06,1.67949668568502e-05,1.92244348120074e-06
-1.64650960847879e-05,2.09261280757181e-07,-1.61586678689616e-05,5.41081860988882e-06,1.92244348120074e-06,7.00597158548959e-05
