"M2sh.Mkt.RF","M2sh.SMB","M2sh.HML","M2sh.RMW","M2sh.CMA","M2sh.MOM"
0.0001263876260994,-9.63171699704021e-06,-8.64569134226528e-06,-1.56319062582922e-05,-1.62824308563704e-05,-1.60389239472855e-05
-9.63171699704021e-06,3.46110137151724e-05,2.55243072129823e-06,-7.0512720309706e-06,1.04345490078748e-06,1.03188587237982e-06
-8.64569134226528e-06,2.55243072129823e-06,3.33963110775754e-05,1.19101382821919e-06,1.16196642209647e-05,-1.45444935586871e-05
-1.56319062582922e-05,-7.0512720309706e-06,1.19101382821919e-06,1.9405592866393e-05,3.7666241456671e-06,5.48988988705499e-06
-1.62824308563704e-05,1.04345490078748e-06,1.16196642209647e-05,3.7666241456671e-06,1.66836616523902e-05,2.5560931357035e-06
-1.60389239472855e-05,1.03188587237982e-06,-1.45444935586871e-05,5.48988988705499e-06,2.5560931357035e-06,6.52554691743272e-05
