"M2sh.Mkt.RF","M2sh.SMB","M2sh.HML","M2sh.RMW","M2sh.CMA","M2sh.MOM"
9.0897274877547e-05,-1.70823883294824e-05,-2.61367228652183e-05,-8.5094974828194e-06,-1.7032100143253e-05,4.52610485993569e-06
-1.70823883294824e-05,3.02510374049328e-05,1.3692543307287e-06,-6.53127643004731e-06,1.04232744999785e-06,3.82630776803721e-06
-2.61367228652183e-05,1.3692543307287e-06,2.20795030339583e-05,4.03875600571445e-06,1.28269551373704e-05,-1.41758267559925e-06
-8.5094974828194e-06,-6.53127643004731e-06,4.03875600571445e-06,1.7082135778047e-05,3.15341215520783e-06,1.46905013380565e-06
-1.7032100143253e-05,1.04232744999785e-06,1.28269551373704e-05,3.15341215520783e-06,1.60491976625662e-05,1.03830197679589e-06
4.52610485993569e-06,3.82630776803721e-06,-1.41758267559925e-06,1.46905013380565e-06,1.03830197679589e-06,3.99081675652518e-05
