"M2sh.Mkt.RF","M2sh.SMB","M2sh.HML","M2sh.RMW","M2sh.CMA","M2sh.MOM"
8.79068805391236e-05,-1.96310836899693e-05,-2.64876226106658e-05,-3.54999614152455e-06,-1.82494913348083e-05,6.23605845120923e-06
-1.96310836899693e-05,2.85179916567042e-05,2.31949522714733e-06,-6.26303703677543e-06,1.08597900642255e-06,1.69468763368066e-06
-2.64876226106658e-05,2.31949522714733e-06,2.21040616384222e-05,2.7969715048282e-06,1.32846732884175e-05,-2.25899657282852e-06
-3.54999614152455e-06,-6.26303703677543e-06,2.7969715048282e-06,1.35498610013111e-05,3.033454224032e-06,-1.54417904694565e-06
-1.82494913348083e-05,1.08597900642255e-06,1.32846732884175e-05,3.033454224032e-06,1.51958471983419e-05,6.63539732454465e-07
6.23605845120923e-06,1.69468763368066e-06,-2.25899657282852e-06,-1.54417904694565e-06,6.63539732454465e-07,3.45254886703775e-05
