"M2sh.Mkt.RF","M2sh.SMB","M2sh.HML","M2sh.RMW","M2sh.CMA","M2sh.MOM"
0.00012587191346123,-7.97463245456875e-06,-7.33367430975193e-06,-1.60957847445623e-05,-1.60760060810075e-05,-1.55585744254518e-05
-7.97463245456875e-06,3.44536242834492e-05,2.23818529716995e-06,-7.20999365884477e-06,8.28137559187506e-07,1.27540683299377e-06
-7.33367430975193e-06,2.23818529716995e-06,3.3108205396291e-05,1.18848052565576e-06,1.14939699989622e-05,-1.44010720626865e-05
-1.60957847445623e-05,-7.20999365884477e-06,1.18848052565576e-06,1.95696124647359e-05,3.92090413073771e-06,5.18211558152626e-06
-1.60760060810075e-05,8.28137559187506e-07,1.14939699989622e-05,3.92090413073771e-06,1.66470930310099e-05,2.39236356195651e-06
-1.55585744254518e-05,1.27540683299377e-06,-1.44010720626865e-05,5.18211558152626e-06,2.39236356195651e-06,6.51747929752151e-05
