"M2sh.Mkt.RF","M2sh.SMB","M2sh.HML","M2sh.RMW","M2sh.CMA","M2sh.MOM"
0.000127703799958203,-7.14333100469204e-06,-6.75284094372473e-06,-1.6242246611797e-05,-1.59492274678298e-05,-1.50122574673803e-05
-7.14333100469204e-06,3.50513588758669e-05,1.85502159581685e-06,-7.51214600666138e-06,6.34225186110547e-07,8.95762309455574e-07
-6.75284094372473e-06,1.85502159581685e-06,3.34512683081646e-05,1.26445316073765e-06,1.14707093037379e-05,-1.57870275254203e-05
-1.6242246611797e-05,-7.51214600666138e-06,1.26445316073765e-06,1.98263734143474e-05,4.03100021354465e-06,5.02840049178592e-06
-1.59492274678298e-05,6.34225186110547e-07,1.14707093037379e-05,4.03100021354465e-06,1.65884820725457e-05,1.77565053758069e-06
-1.50122574673803e-05,8.95762309455574e-07,-1.57870275254203e-05,5.02840049178592e-06,1.77565053758069e-06,6.7150751015312e-05
