"M3sh.1","M3sh.2","M3sh.3","M3sh.4","M3sh.5","M3sh.6","M3sh.7","M3sh.8","M3sh.9","M3sh.10","M3sh.11","M3sh.12","M3sh.13","M3sh.14","M3sh.15","M3sh.16","M3sh.17","M3sh.18","M3sh.19","M3sh.20","M3sh.21","M3sh.22","M3sh.23","M3sh.24","M3sh.25","M3sh.26","M3sh.27","M3sh.28","M3sh.29","M3sh.30","M3sh.31","M3sh.32","M3sh.33","M3sh.34","M3sh.35","M3sh.36"
-4.24702869448529e-07,2.85193796446303e-08,1.23439879072093e-08,9.83813133545605e-09,-4.56106156829063e-09,-6.02181136812022e-08,2.85193796446303e-08,-7.06011223653444e-09,3.01099753102365e-09,-1.52106015708359e-10,5.21633256218513e-09,8.67092865667625e-09,1.23439879072093e-08,3.01099753102365e-09,-1.74888374365253e-10,-1.94884710887535e-09,4.18133317999246e-09,1.07368800803771e-08,9.83813133545605e-09,-1.52106015708359e-10,-1.94884710887535e-09,-1.62939930141258e-10,5.60862720848332e-10,8.14560718384989e-09,-4.56106156829063e-09,5.21633256218513e-09,4.18133317999246e-09,5.60862720848332e-10,7.40044233763044e-09,6.81011775159876e-09,-6.02181136812022e-08,8.67092865667625e-09,1.07368800803771e-08,8.14560718384989e-09,6.81011775159876e-09,-2.68904100979149e-09
2.85193796446303e-08,-7.06011223653444e-09,3.01099753102365e-09,-1.52106015708359e-10,5.21633256218513e-09,8.67092865667625e-09,-7.06011223653444e-09,-2.85724558292399e-07,7.60431323277037e-09,1.23007317346934e-08,7.6099365929814e-09,-1.0825969905107e-08,3.01099753102365e-09,7.60431323277037e-09,-6.20805280734856e-09,-3.22725593517516e-09,-5.50160652807906e-09,1.82193043887592e-09,-1.52106015708359e-10,1.23007317346934e-08,-3.22725593517516e-09,-5.70659866507116e-09,-3.59114559004445e-09,3.40105519086387e-09,5.21633256218513e-09,7.6099365929814e-09,-5.50160652807906e-09,-3.59114559004445e-09,-5.7408813015372e-09,1.88424049548361e-09,8.67092865667625e-09,-1.0825969905107e-08,1.82193043887592e-09,3.40105519086387e-09,1.88424049548361e-09,-1.07593590525858e-08
1.23439879072093e-08,3.01099753102365e-09,-1.74888374365253e-10,-1.94884710887535e-09,4.18133317999246e-09,1.07368800803771e-08,3.01099753102365e-09,7.60431323277037e-09,-6.20805280734856e-09,-3.22725593517516e-09,-5.50160652807906e-09,1.82193043887592e-09,-1.74888374365253e-10,-6.20805280734856e-09,-2.36629610679238e-07,2.80875278862871e-09,-1.79942118065434e-09,-7.22685337687528e-09,-1.94884710887535e-09,-3.22725593517516e-09,2.80875278862871e-09,1.64282419032501e-09,8.25875509827397e-10,-6.48030628197138e-09,4.18133317999246e-09,-5.50160652807906e-09,-1.79942118065434e-09,8.25875509827397e-10,-4.2576531709111e-09,-7.48801680160695e-09,1.07368800803771e-08,1.82193043887592e-09,-7.22685337687528e-09,-6.48030628197138e-09,-7.48801680160695e-09,-4.83796305046347e-09
9.83813133545605e-09,-1.52106015708359e-10,-1.94884710887535e-09,-1.62939930141258e-10,5.60862720848332e-10,8.14560718384989e-09,-1.52106015708359e-10,1.23007317346934e-08,-3.22725593517516e-09,-5.70659866507116e-09,-3.59114559004445e-09,3.40105519086387e-09,-1.94884710887535e-09,-3.22725593517516e-09,2.80875278862871e-09,1.64282419032501e-09,8.25875509827397e-10,-6.48030628197138e-09,-1.62939930141258e-10,-5.70659866507116e-09,1.64282419032501e-09,-2.332145926918e-07,7.85869786381943e-10,-5.71773187448356e-09,5.60862720848332e-10,-3.59114559004445e-09,8.25875509827397e-10,7.85869786381943e-10,-8.97501961772725e-10,-5.91314730625008e-09,8.14560718384989e-09,3.40105519086387e-09,-6.48030628197138e-09,-5.71773187448356e-09,-5.91314730625008e-09,3.78201072718588e-09
-4.56106156829063e-09,5.21633256218513e-09,4.18133317999246e-09,5.60862720848332e-10,7.40044233763044e-09,6.81011775159876e-09,5.21633256218513e-09,7.6099365929814e-09,-5.50160652807906e-09,-3.59114559004445e-09,-5.7408813015372e-09,1.88424049548361e-09,4.18133317999246e-09,-5.50160652807906e-09,-1.79942118065434e-09,8.25875509827397e-10,-4.2576531709111e-09,-7.48801680160695e-09,5.60862720848332e-10,-3.59114559004445e-09,8.25875509827397e-10,7.85869786381943e-10,-8.97501961772725e-10,-5.91314730625008e-09,7.40044233763044e-09,-5.7408813015372e-09,-4.2576531709111e-09,-8.97501961772725e-10,-2.44638221249366e-07,-9.47981094902270e-09,6.81011775159876e-09,1.88424049548361e-09,-7.48801680160695e-09,-5.91314730625008e-09,-9.47981094902270e-09,-1.01793704205802e-08
-6.02181136812022e-08,8.67092865667625e-09,1.07368800803771e-08,8.14560718384989e-09,6.81011775159876e-09,-2.68904100979149e-09,8.67092865667625e-09,-1.0825969905107e-08,1.82193043887592e-09,3.40105519086387e-09,1.88424049548361e-09,-1.07593590525858e-08,1.07368800803771e-08,1.82193043887592e-09,-7.22685337687528e-09,-6.48030628197138e-09,-7.48801680160695e-09,-4.83796305046347e-09,8.14560718384989e-09,3.40105519086387e-09,-6.48030628197138e-09,-5.71773187448356e-09,-5.91314730625008e-09,3.78201072718588e-09,6.81011775159876e-09,1.88424049548361e-09,-7.48801680160695e-09,-5.91314730625008e-09,-9.47981094902270e-09,-1.01793704205802e-08,-2.68904100979149e-09,-1.07593590525858e-08,-4.83796305046347e-09,3.78201072718588e-09,-1.01793704205802e-08,-2.84018459989735e-07
