"M3sh.1","M3sh.2","M3sh.3","M3sh.4","M3sh.5","M3sh.6","M3sh.7","M3sh.8","M3sh.9","M3sh.10","M3sh.11","M3sh.12","M3sh.13","M3sh.14","M3sh.15","M3sh.16","M3sh.17","M3sh.18","M3sh.19","M3sh.20","M3sh.21","M3sh.22","M3sh.23","M3sh.24","M3sh.25","M3sh.26","M3sh.27","M3sh.28","M3sh.29","M3sh.30","M3sh.31","M3sh.32","M3sh.33","M3sh.34","M3sh.35","M3sh.36"
-6.07514090428725e-07,2.77685324481957e-08,-1.76891071051709e-08,2.59991903908578e-08,-2.50080344198549e-09,-7.79059163152482e-08,2.77685324481957e-08,2.05203091355562e-10,6.73832438265108e-09,-3.12766986473995e-09,6.66669122202212e-09,1.13247093246055e-08,-1.76891071051709e-08,6.73832438265108e-09,-1.34707480124698e-09,-3.30362947851372e-09,5.17581988859765e-09,5.43290440548601e-09,2.59991903908578e-08,-3.12766986473995e-09,-3.30362947851372e-09,1.3373315825156e-09,1.5941648525253e-09,1.33382435615807e-08,-2.50080344198549e-09,6.66669122202212e-09,5.17581988859765e-09,1.5941648525253e-09,1.08823723397586e-08,1.01508164741243e-08,-7.79059163152482e-08,1.13247093246055e-08,5.43290440548601e-09,1.33382435615807e-08,1.01508164741243e-08,3.14361115175346e-08
2.77685324481957e-08,2.05203091355562e-10,6.73832438265108e-09,-3.12766986473995e-09,6.66669122202212e-09,1.13247093246055e-08,2.05203091355562e-10,-3.39538555438479e-07,1.31393218295037e-08,1.51489143370213e-08,9.81945756074024e-09,-1.66147447319943e-08,6.73832438265108e-09,1.31393218295037e-08,-4.72044860819109e-09,-5.87135170779253e-09,-7.49360420290883e-09,-4.02685716175184e-09,-3.12766986473995e-09,1.51489143370213e-08,-5.87135170779253e-09,-6.92411067552651e-09,-5.21473614043234e-09,5.57600863484023e-09,6.66669122202212e-09,9.81945756074024e-09,-7.49360420290883e-09,-5.21473614043234e-09,-7.71137456506537e-09,2.04762431373786e-09,1.13247093246055e-08,-1.66147447319943e-08,-4.02685716175184e-09,5.57600863484023e-09,2.04762431373786e-09,1.30346669975526e-09
-1.76891071051709e-08,6.73832438265108e-09,-1.34707480124698e-09,-3.30362947851372e-09,5.17581988859765e-09,5.43290440548601e-09,6.73832438265108e-09,1.31393218295037e-08,-4.72044860819109e-09,-5.87135170779253e-09,-7.49360420290883e-09,-4.02685716175184e-09,-1.34707480124698e-09,-4.72044860819109e-09,-2.67300458228424e-07,-4.28029039312779e-10,-3.98012631261591e-09,-3.69359159316424e-08,-3.30362947851372e-09,-5.87135170779253e-09,-4.28029039312779e-10,5.12568987576354e-09,1.56398760463619e-09,-2.29613149319625e-09,5.17581988859765e-09,-7.49360420290883e-09,-3.98012631261591e-09,1.56398760463619e-09,-5.37717131704446e-09,-9.41317688347143e-09,5.43290440548601e-09,-4.02685716175184e-09,-3.69359159316424e-08,-2.29613149319625e-09,-9.41317688347143e-09,3.65715835657989e-08
2.59991903908578e-08,-3.12766986473995e-09,-3.30362947851372e-09,1.3373315825156e-09,1.5941648525253e-09,1.33382435615807e-08,-3.12766986473995e-09,1.51489143370213e-08,-5.87135170779253e-09,-6.92411067552651e-09,-5.21473614043234e-09,5.57600863484023e-09,-3.30362947851372e-09,-5.87135170779253e-09,-4.28029039312779e-10,5.12568987576354e-09,1.56398760463619e-09,-2.29613149319625e-09,1.3373315825156e-09,-6.92411067552651e-09,5.12568987576354e-09,-2.76326867084202e-07,9.04954203083505e-10,-1.1519401760748e-08,1.5941648525253e-09,-5.21473614043234e-09,1.56398760463619e-09,9.04954203083505e-10,-1.54406850600869e-09,-8.90091126111754e-09,1.33382435615807e-08,5.57600863484023e-09,-2.29613149319625e-09,-1.1519401760748e-08,-8.90091126111754e-09,-5.41228899736096e-09
-2.50080344198549e-09,6.66669122202212e-09,5.17581988859765e-09,1.5941648525253e-09,1.08823723397586e-08,1.01508164741243e-08,6.66669122202212e-09,9.81945756074024e-09,-7.49360420290883e-09,-5.21473614043234e-09,-7.71137456506537e-09,2.04762431373786e-09,5.17581988859765e-09,-7.49360420290883e-09,-3.98012631261591e-09,1.56398760463619e-09,-5.37717131704446e-09,-9.41317688347143e-09,1.5941648525253e-09,-5.21473614043234e-09,1.56398760463619e-09,9.04954203083505e-10,-1.54406850600869e-09,-8.90091126111754e-09,1.08823723397586e-08,-7.71137456506537e-09,-5.37717131704446e-09,-1.54406850600869e-09,-2.90630233422862e-07,-1.53334825374104e-08,1.01508164741243e-08,2.04762431373786e-09,-9.41317688347143e-09,-8.90091126111754e-09,-1.53334825374104e-08,-1.92703018474921e-08
-7.79059163152482e-08,1.13247093246055e-08,5.43290440548601e-09,1.33382435615807e-08,1.01508164741243e-08,3.14361115175346e-08,1.13247093246055e-08,-1.66147447319943e-08,-4.02685716175184e-09,5.57600863484023e-09,2.04762431373786e-09,1.30346669975526e-09,5.43290440548601e-09,-4.02685716175184e-09,-3.69359159316424e-08,-2.29613149319625e-09,-9.41317688347143e-09,3.65715835657989e-08,1.33382435615807e-08,5.57600863484023e-09,-2.29613149319625e-09,-1.1519401760748e-08,-8.90091126111754e-09,-5.41228899736096e-09,1.01508164741243e-08,2.04762431373786e-09,-9.41317688347143e-09,-8.90091126111754e-09,-1.53334825374104e-08,-1.92703018474921e-08,3.14361115175346e-08,1.30346669975526e-09,3.65715835657989e-08,-5.41228899736096e-09,-1.92703018474921e-08,-4.37401086992365e-07
