"M3sh.1","M3sh.2","M3sh.3","M3sh.4","M3sh.5","M3sh.6","M3sh.7","M3sh.8","M3sh.9","M3sh.10","M3sh.11","M3sh.12","M3sh.13","M3sh.14","M3sh.15","M3sh.16","M3sh.17","M3sh.18","M3sh.19","M3sh.20","M3sh.21","M3sh.22","M3sh.23","M3sh.24","M3sh.25","M3sh.26","M3sh.27","M3sh.28","M3sh.29","M3sh.30","M3sh.31","M3sh.32","M3sh.33","M3sh.34","M3sh.35","M3sh.36"
-4.31597362388881e-07,2.99046732445386e-08,1.30110592559697e-08,1.00554740729146e-08,-4.66227555547658e-09,-6.21433912445164e-08,2.99046732445386e-08,-7.56424565938803e-09,2.92327153569542e-09,-1.86873558420224e-10,5.37304497325318e-09,8.86078659644341e-09,1.30110592559697e-08,2.92327153569542e-09,-4.96825409031271e-10,-1.98924549958904e-09,4.17637786315727e-09,1.10481860029998e-08,1.00554740729146e-08,-1.86873558420224e-10,-1.98924549958904e-09,-1.50294198291026e-10,6.20960886775505e-10,8.35560906649012e-09,-4.66227555547658e-09,5.37304497325318e-09,4.17637786315727e-09,6.20960886775505e-10,7.59635622561439e-09,7.03388018701661e-09,-6.21433912445164e-08,8.86078659644341e-09,1.10481860029998e-08,8.35560906649012e-09,7.03388018701661e-09,-2.81813188593396e-09
2.99046732445386e-08,-7.56424565938803e-09,2.92327153569542e-09,-1.86873558420224e-10,5.37304497325318e-09,8.86078659644341e-09,-7.56424565938803e-09,-2.86310507721491e-07,7.99766162510483e-09,1.25967507575547e-08,7.90617276222378e-09,-1.12520630983568e-08,2.92327153569542e-09,7.99766162510483e-09,-6.37165536393603e-09,-3.32821520980668e-09,-5.64763962773235e-09,1.9250581090822e-09,-1.86873558420224e-10,1.25967507575547e-08,-3.32821520980668e-09,-5.81101453198863e-09,-3.70051917792711e-09,3.50314612483768e-09,5.37304497325318e-09,7.90617276222378e-09,-5.64763962773235e-09,-3.70051917792711e-09,-5.88032267218753e-09,2.00779448201966e-09,8.86078659644341e-09,-1.12520630983568e-08,1.9250581090822e-09,3.50314612483768e-09,2.00779448201966e-09,-1.10933220534008e-08
1.30110592559697e-08,2.92327153569542e-09,-4.96825409031271e-10,-1.98924549958904e-09,4.17637786315727e-09,1.10481860029998e-08,2.92327153569542e-09,7.99766162510483e-09,-6.37165536393603e-09,-3.32821520980668e-09,-5.64763962773235e-09,1.9250581090822e-09,-4.96825409031271e-10,-6.37165536393603e-09,-2.3557545213404e-07,2.92911047834623e-09,-1.77975980106659e-09,-7.46598732157243e-09,-1.98924549958904e-09,-3.32821520980668e-09,2.92911047834623e-09,1.73005426039064e-09,8.51404472971186e-10,-6.67868194526518e-09,4.17637786315727e-09,-5.64763962773235e-09,-1.77975980106659e-09,8.51404472971186e-10,-4.35297328005055e-09,-7.71013688038258e-09,1.10481860029998e-08,1.9250581090822e-09,-7.46598732157243e-09,-6.67868194526518e-09,-7.71013688038258e-09,-4.88135218192533e-09
1.00554740729146e-08,-1.86873558420224e-10,-1.98924549958904e-09,-1.50294198291026e-10,6.20960886775505e-10,8.35560906649012e-09,-1.86873558420224e-10,1.25967507575547e-08,-3.32821520980668e-09,-5.81101453198863e-09,-3.70051917792711e-09,3.50314612483768e-09,-1.98924549958904e-09,-3.32821520980668e-09,2.92911047834623e-09,1.73005426039064e-09,8.51404472971186e-10,-6.67868194526518e-09,-1.50294198291026e-10,-5.81101453198863e-09,1.73005426039064e-09,-2.32338644971593e-07,7.93846221864914e-10,-5.91529753055544e-09,6.20960886775505e-10,-3.70051917792711e-09,8.51404472971186e-10,7.93846221864914e-10,-9.6744576765465e-10,-6.09131595714797e-09,8.35560906649012e-09,3.50314612483768e-09,-6.67868194526518e-09,-5.91529753055544e-09,-6.09131595714797e-09,3.78342271295002e-09
-4.66227555547658e-09,5.37304497325318e-09,4.17637786315727e-09,6.20960886775505e-10,7.59635622561439e-09,7.03388018701661e-09,5.37304497325318e-09,7.90617276222378e-09,-5.64763962773235e-09,-3.70051917792711e-09,-5.88032267218753e-09,2.00779448201966e-09,4.17637786315727e-09,-5.64763962773235e-09,-1.77975980106659e-09,8.51404472971186e-10,-4.35297328005055e-09,-7.71013688038258e-09,6.20960886775505e-10,-3.70051917792711e-09,8.51404472971186e-10,7.93846221864914e-10,-9.6744576765465e-10,-6.09131595714797e-09,7.59635622561439e-09,-5.88032267218753e-09,-4.35297328005055e-09,-9.6744576765465e-10,-2.44017744633775e-07,-9.78071997821708e-09,7.03388018701661e-09,2.00779448201966e-09,-7.71013688038258e-09,-6.09131595714797e-09,-9.78071997821708e-09,-1.04509889416052e-08
-6.21433912445164e-08,8.86078659644341e-09,1.10481860029998e-08,8.35560906649012e-09,7.03388018701661e-09,-2.81813188593396e-09,8.86078659644341e-09,-1.12520630983568e-08,1.9250581090822e-09,3.50314612483768e-09,2.00779448201966e-09,-1.10933220534008e-08,1.10481860029998e-08,1.9250581090822e-09,-7.46598732157243e-09,-6.67868194526518e-09,-7.71013688038258e-09,-4.88135218192533e-09,8.35560906649012e-09,3.50314612483768e-09,-6.67868194526518e-09,-5.91529753055544e-09,-6.09131595714797e-09,3.78342271295002e-09,7.03388018701661e-09,2.00779448201966e-09,-7.71013688038258e-09,-6.09131595714797e-09,-9.78071997821708e-09,-1.04509889416052e-08,-2.81813188593396e-09,-1.10933220534008e-08,-4.88135218192533e-09,3.78342271295002e-09,-1.04509889416052e-08,-2.84840555407024e-07
