"M3sh.1","M3sh.2","M3sh.3","M3sh.4","M3sh.5","M3sh.6","M3sh.7","M3sh.8","M3sh.9","M3sh.10","M3sh.11","M3sh.12","M3sh.13","M3sh.14","M3sh.15","M3sh.16","M3sh.17","M3sh.18","M3sh.19","M3sh.20","M3sh.21","M3sh.22","M3sh.23","M3sh.24","M3sh.25","M3sh.26","M3sh.27","M3sh.28","M3sh.29","M3sh.30","M3sh.31","M3sh.32","M3sh.33","M3sh.34","M3sh.35","M3sh.36"
-6.55812083682688e-07,3.54272622140995e-08,-1.72541960145902e-08,3.15406474752468e-08,-1.09734709470957e-09,-8.58743268397785e-08,3.54272622140995e-08,-2.60481564852932e-09,7.02524440473381e-09,-3.68295890447761e-09,7.01331432144735e-09,1.12319493808952e-08,-1.72541960145902e-08,7.02524440473381e-09,-2.94606465353352e-09,-4.13578719916437e-09,4.99007508390332e-09,4.52407979066104e-09,3.15406474752468e-08,-3.68295890447761e-09,-4.13578719916437e-09,8.80380730883159e-10,1.40753069179623e-09,1.46486283516862e-08,-1.09734709470957e-09,7.01331432144735e-09,4.99007508390332e-09,1.40753069179623e-09,1.15594895292844e-08,1.01564367354032e-08,-8.58743268397785e-08,1.12319493808952e-08,4.52407979066104e-09,1.46486283516862e-08,1.01564367354032e-08,3.34388306293567e-08
3.54272622140995e-08,-2.60481564852932e-09,7.02524440473381e-09,-3.68295890447761e-09,7.01331432144735e-09,1.12319493808952e-08,-2.60481564852932e-09,-3.3771378898606e-07,1.57967878167651e-08,1.73191072634525e-08,1.15217283861162e-08,-1.88107386292219e-08,7.02524440473381e-09,1.57967878167651e-08,-5.12299881051033e-09,-6.83977885902229e-09,-8.41011865270012e-09,-4.0455174452135e-09,-3.68295890447761e-09,1.73191072634525e-08,-6.83977885902229e-09,-7.95546112471506e-09,-5.94033818124955e-09,6.80485873996147e-09,7.01331432144735e-09,1.15217283861162e-08,-8.41011865270012e-09,-5.94033818124955e-09,-8.5782151339739e-09,2.61667785363781e-09,1.12319493808952e-08,-1.88107386292219e-08,-4.0455174452135e-09,6.80485873996147e-09,2.61667785363781e-09,1.24614185486034e-09
-1.72541960145902e-08,7.02524440473381e-09,-2.94606465353352e-09,-4.13578719916437e-09,4.99007508390332e-09,4.52407979066104e-09,7.02524440473381e-09,1.57967878167651e-08,-5.12299881051033e-09,-6.83977885902229e-09,-8.41011865270012e-09,-4.0455174452135e-09,-2.94606465353352e-09,-5.12299881051033e-09,-2.55616107357599e-07,1.58208444989146e-10,-3.53014625988928e-09,-4.1489274954271e-08,-4.13578719916437e-09,-6.83977885902229e-09,1.58208444989146e-10,6.21747006805195e-09,2.11554146894761e-09,-2.97663506031805e-09,4.99007508390332e-09,-8.41011865270012e-09,-3.53014625988928e-09,2.11554146894761e-09,-5.36803130599623e-09,-1.01088268973611e-08,4.52407979066104e-09,-4.0455174452135e-09,-4.1489274954271e-08,-2.97663506031805e-09,-1.01088268973611e-08,4.43731000809302e-08
3.15406474752468e-08,-3.68295890447761e-09,-4.13578719916437e-09,8.80380730883159e-10,1.40753069179623e-09,1.46486283516862e-08,-3.68295890447761e-09,1.73191072634525e-08,-6.83977885902229e-09,-7.95546112471506e-09,-5.94033818124955e-09,6.80485873996147e-09,-4.13578719916437e-09,-6.83977885902229e-09,1.58208444989146e-10,6.21747006805195e-09,2.11554146894761e-09,-2.97663506031805e-09,8.80380730883159e-10,-7.95546112471506e-09,6.21747006805195e-09,-2.67139177198826e-07,1.32577099064245e-09,-1.30638474296531e-08,1.40753069179623e-09,-5.94033818124955e-09,2.11554146894761e-09,1.32577099064245e-09,-1.4677262383048e-09,-1.01403727901507e-08,1.46486283516862e-08,6.80485873996147e-09,-2.97663506031805e-09,-1.30638474296531e-08,-1.01403727901507e-08,-5.53080972564644e-09
-1.09734709470957e-09,7.01331432144735e-09,4.99007508390332e-09,1.40753069179623e-09,1.15594895292844e-08,1.01564367354032e-08,7.01331432144735e-09,1.15217283861162e-08,-8.41011865270012e-09,-5.94033818124955e-09,-8.5782151339739e-09,2.61667785363781e-09,4.99007508390332e-09,-8.41011865270012e-09,-3.53014625988928e-09,2.11554146894761e-09,-5.36803130599623e-09,-1.01088268973611e-08,1.40753069179623e-09,-5.94033818124955e-09,2.11554146894761e-09,1.32577099064245e-09,-1.4677262383048e-09,-1.01403727901507e-08,1.15594895292844e-08,-8.5782151339739e-09,-5.36803130599623e-09,-1.4677262383048e-09,-2.83170545868729e-07,-1.67218053633205e-08,1.01564367354032e-08,2.61667785363781e-09,-1.01088268973611e-08,-1.01403727901507e-08,-1.67218053633205e-08,-1.97075097023585e-08
-8.58743268397785e-08,1.12319493808952e-08,4.52407979066104e-09,1.46486283516862e-08,1.01564367354032e-08,3.34388306293567e-08,1.12319493808952e-08,-1.88107386292219e-08,-4.0455174452135e-09,6.80485873996147e-09,2.61667785363781e-09,1.24614185486034e-09,4.52407979066104e-09,-4.0455174452135e-09,-4.1489274954271e-08,-2.97663506031805e-09,-1.01088268973611e-08,4.43731000809302e-08,1.46486283516862e-08,6.80485873996147e-09,-2.97663506031805e-09,-1.30638474296531e-08,-1.01403727901507e-08,-5.53080972564644e-09,1.01564367354032e-08,2.61667785363781e-09,-1.01088268973611e-08,-1.01403727901507e-08,-1.67218053633205e-08,-1.97075097023585e-08,3.34388306293567e-08,1.24614185486034e-09,4.43731000809302e-08,-5.53080972564644e-09,-1.97075097023585e-08,-4.47772016360096e-07
