"M3sh.1","M3sh.2","M3sh.3","M3sh.4","M3sh.5","M3sh.6","M3sh.7","M3sh.8","M3sh.9","M3sh.10","M3sh.11","M3sh.12","M3sh.13","M3sh.14","M3sh.15","M3sh.16","M3sh.17","M3sh.18","M3sh.19","M3sh.20","M3sh.21","M3sh.22","M3sh.23","M3sh.24","M3sh.25","M3sh.26","M3sh.27","M3sh.28","M3sh.29","M3sh.30","M3sh.31","M3sh.32","M3sh.33","M3sh.34","M3sh.35","M3sh.36"
-6.42640239362663e-07,3.38846233301674e-08,-1.70724183537717e-08,3.00702269338033e-08,-1.43156864436395e-09,-8.24690760692453e-08,3.38846233301674e-08,-2.35924220646818e-09,6.57098674211177e-09,-3.61682066575568e-09,6.7597056491299e-09,1.132506135736e-08,-1.70724183537717e-08,6.57098674211177e-09,-2.53752220968695e-09,-3.82299610639708e-09,5.00875255241825e-09,4.41652932863289e-09,3.00702269338033e-08,-3.61682066575568e-09,-3.82299610639708e-09,9.44414935792047e-10,1.43244675516306e-09,1.40726622692189e-08,-1.43156864436395e-09,6.7597056491299e-09,5.00875255241825e-09,1.43244675516306e-09,1.12440909332778e-08,9.92246601672936e-09,-8.24690760692453e-08,1.132506135736e-08,4.41652932863289e-09,1.40726622692189e-08,9.92246601672936e-09,3.13798277482379e-08
3.38846233301674e-08,-2.35924220646818e-09,6.57098674211177e-09,-3.61682066575568e-09,6.7597056491299e-09,1.132506135736e-08,-2.35924220646818e-09,-3.37792887121751e-07,1.48588500124449e-08,1.67477187376562e-08,1.09605960912079e-08,-1.79681017011127e-08,6.57098674211177e-09,1.48588500124449e-08,-4.84139445810983e-09,-6.43387700181825e-09,-8.01834496101155e-09,-4.02309742612579e-09,-3.61682066575568e-09,1.67477187376562e-08,-6.43387700181825e-09,-7.66925658110134e-09,-5.66218239902812e-09,6.49399466221022e-09,6.7597056491299e-09,1.09605960912079e-08,-8.01834496101155e-09,-5.66218239902812e-09,-8.23721791599448e-09,2.50188308182339e-09,1.132506135736e-08,-1.79681017011127e-08,-4.02309742612579e-09,6.49399466221022e-09,2.50188308182339e-09,1.5777015661724e-09
-1.70724183537717e-08,6.57098674211177e-09,-2.53752220968695e-09,-3.82299610639708e-09,5.00875255241825e-09,4.41652932863289e-09,6.57098674211177e-09,1.48588500124449e-08,-4.84139445810983e-09,-6.43387700181825e-09,-8.01834496101155e-09,-4.02309742612579e-09,-2.53752220968695e-09,-4.84139445810983e-09,-2.59482045411527e-07,-1.33901573185292e-10,-3.74842927418139e-09,-3.93486578635537e-08,-3.82299610639708e-09,-6.43387700181825e-09,-1.33901573185292e-10,5.83680149503935e-09,1.90127246054298e-09,-2.62249314732782e-09,5.00875255241825e-09,-8.01834496101155e-09,-3.74842927418139e-09,1.90127246054298e-09,-5.34133748459272e-09,-9.63032122916627e-09,4.41652932863289e-09,-4.02309742612579e-09,-3.93486578635537e-08,-2.62249314732782e-09,-9.63032122916627e-09,4.16377133855293e-08
3.00702269338033e-08,-3.61682066575568e-09,-3.82299610639708e-09,9.44414935792047e-10,1.43244675516306e-09,1.40726622692189e-08,-3.61682066575568e-09,1.67477187376562e-08,-6.43387700181825e-09,-7.66925658110134e-09,-5.66218239902812e-09,6.49399466221022e-09,-3.82299610639708e-09,-6.43387700181825e-09,-1.33901573185292e-10,5.83680149503935e-09,1.90127246054298e-09,-2.62249314732782e-09,9.44414935792047e-10,-7.66925658110134e-09,5.83680149503935e-09,-2.69751507768898e-07,1.19985796349641e-09,-1.24960464949922e-08,1.43244675516306e-09,-5.66218239902812e-09,1.90127246054298e-09,1.19985796349641e-09,-1.47689687678716e-09,-9.69047220899976e-09,1.40726622692189e-08,6.49399466221022e-09,-2.62249314732782e-09,-1.24960464949922e-08,-9.69047220899976e-09,-5.58704750647321e-09
-1.43156864436395e-09,6.7597056491299e-09,5.00875255241825e-09,1.43244675516306e-09,1.12440909332778e-08,9.92246601672936e-09,6.7597056491299e-09,1.09605960912079e-08,-8.01834496101155e-09,-5.66218239902812e-09,-8.23721791599448e-09,2.50188308182339e-09,5.00875255241825e-09,-8.01834496101155e-09,-3.74842927418139e-09,1.90127246054298e-09,-5.34133748459272e-09,-9.63032122916627e-09,1.43244675516306e-09,-5.66218239902812e-09,1.90127246054298e-09,1.19985796349641e-09,-1.47689687678716e-09,-9.69047220899976e-09,1.12440909332778e-08,-8.23721791599448e-09,-5.34133748459272e-09,-1.47689687678716e-09,-2.85223820594007e-07,-1.61042516841746e-08,9.92246601672936e-09,2.50188308182339e-09,-9.63032122916627e-09,-9.69047220899976e-09,-1.61042516841746e-08,-1.91800445954851e-08
-8.24690760692453e-08,1.132506135736e-08,4.41652932863289e-09,1.40726622692189e-08,9.92246601672936e-09,3.13798277482379e-08,1.132506135736e-08,-1.79681017011127e-08,-4.02309742612579e-09,6.49399466221022e-09,2.50188308182339e-09,1.5777015661724e-09,4.41652932863289e-09,-4.02309742612579e-09,-3.93486578635537e-08,-2.62249314732782e-09,-9.63032122916627e-09,4.16377133855293e-08,1.40726622692189e-08,6.49399466221022e-09,-2.62249314732782e-09,-1.24960464949922e-08,-9.69047220899976e-09,-5.58704750647321e-09,9.92246601672936e-09,2.50188308182339e-09,-9.63032122916627e-09,-9.69047220899976e-09,-1.61042516841746e-08,-1.91800445954851e-08,3.13798277482379e-08,1.5777015661724e-09,4.16377133855293e-08,-5.58704750647321e-09,-1.91800445954851e-08,-4.40566573810655e-07
