"M2sh.Mkt.RF","M2sh.SMB","M2sh.HML","M2sh.RMW","M2sh.CMA","M2sh.MOM"
0.000129616899685509,4.6076694406667e-07,-1.85683357604603e-06,-1.71761360927691e-05,-1.59702634970983e-05,-1.92259045300123e-05
4.6076694406667e-07,3.29249351847134e-05,2.27478194547689e-06,-7.28934043239243e-06,7.39445294597026e-07,-8.32693178947988e-08
-1.85683357604603e-06,2.27478194547689e-06,3.74014864112307e-05,1.44133051421357e-06,1.22384678203444e-05,-1.7796430189444e-05
-1.71761360927691e-05,-7.28934043239243e-06,1.44133051421357e-06,2.0994065481609e-05,4.30862404548263e-06,4.95262609307814e-06
-1.59702634970983e-05,7.39445294597026e-07,1.22384678203444e-05,4.30862404548263e-06,1.72725385315697e-05,1.30061364907926e-06
-1.92259045300123e-05,-8.32693178947988e-08,-1.7796430189444e-05,4.95262609307814e-06,1.30061364907926e-06,7.31732939060153e-05
