"M3sh.1","M3sh.2","M3sh.3","M3sh.4","M3sh.5","M3sh.6","M3sh.7","M3sh.8","M3sh.9","M3sh.10","M3sh.11","M3sh.12","M3sh.13","M3sh.14","M3sh.15","M3sh.16","M3sh.17","M3sh.18","M3sh.19","M3sh.20","M3sh.21","M3sh.22","M3sh.23","M3sh.24","M3sh.25","M3sh.26","M3sh.27","M3sh.28","M3sh.29","M3sh.30","M3sh.31","M3sh.32","M3sh.33","M3sh.34","M3sh.35","M3sh.36"
-4.24275567680528e-07,2.84453358482819e-08,1.23259952442832e-08,9.80583823310191e-09,-4.53863571579337e-09,-6.00738822961701e-08,2.84453358482819e-08,-7.01623331249798e-09,2.90371462898545e-09,-1.78572557578986e-10,5.16488428183354e-09,8.61640084030851e-09,1.23259952442832e-08,2.90371462898545e-09,-3.43815003487135e-10,-1.92958415412432e-09,4.06747544535462e-09,1.06550694564935e-08,9.80583823310191e-09,-1.78572557578986e-10,-1.92958415412432e-09,-1.40544896693531e-10,5.63282518767159e-10,8.12390352485396e-09,-4.53863571579337e-09,5.16488428183354e-09,4.06747544535462e-09,5.63282518767159e-10,7.33762300873017e-09,6.76794021890893e-09,-6.00738822961701e-08,8.61640084030851e-09,1.06550694564935e-08,8.12390352485396e-09,6.76794021890893e-09,-2.68051173639824e-09
2.84453358482819e-08,-7.01623331249798e-09,2.90371462898545e-09,-1.78572557578986e-10,5.16488428183354e-09,8.61640084030851e-09,-7.01623331249798e-09,-2.85622895712771e-07,7.60819300278951e-09,1.22565851347688e-08,7.60994766579219e-09,-1.07951185052083e-08,2.90371462898545e-09,7.60819300278951e-09,-6.20928916703584e-09,-3.21850884133306e-09,-5.49036752781034e-09,1.80937043185964e-09,-1.78572557578986e-10,1.22565851347688e-08,-3.21850884133306e-09,-5.67959625585619e-09,-3.5807468653375e-09,3.37571085961935e-09,5.16488428183354e-09,7.60994766579219e-09,-5.49036752781034e-09,-3.5807468653375e-09,-5.72167216226489e-09,1.88723014078836e-09,8.61640084030851e-09,-1.07951185052083e-08,1.80937043185964e-09,3.37571085961935e-09,1.88723014078836e-09,-1.07610878997649e-08
1.23259952442832e-08,2.90371462898545e-09,-3.43815003487135e-10,-1.92958415412432e-09,4.06747544535462e-09,1.06550694564935e-08,2.90371462898545e-09,7.60819300278951e-09,-6.20928916703584e-09,-3.21850884133306e-09,-5.49036752781034e-09,1.80937043185964e-09,-3.43815003487135e-10,-6.20928916703584e-09,-2.36656365828695e-07,2.83969566472662e-09,-1.76809672033302e-09,-7.25387554429767e-09,-1.92958415412432e-09,-3.21850884133306e-09,2.83969566472662e-09,1.65551396812313e-09,8.44428755229387e-10,-6.45137690043971e-09,4.06747544535462e-09,-5.49036752781034e-09,-1.76809672033302e-09,8.44428755229387e-10,-4.21564331029947e-09,-7.48996971522935e-09,1.06550694564935e-08,1.80937043185964e-09,-7.25387554429767e-09,-6.45137690043971e-09,-7.48996971522935e-09,-4.78545429956359e-09
9.80583823310191e-09,-1.78572557578986e-10,-1.92958415412432e-09,-1.40544896693531e-10,5.63282518767159e-10,8.12390352485396e-09,-1.78572557578986e-10,1.22565851347688e-08,-3.21850884133306e-09,-5.67959625585619e-09,-3.5807468653375e-09,3.37571085961935e-09,-1.92958415412432e-09,-3.21850884133306e-09,2.83969566472662e-09,1.65551396812313e-09,8.44428755229387e-10,-6.45137690043971e-09,-1.40544896693531e-10,-5.67959625585619e-09,1.65551396812313e-09,-2.33296395250124e-07,7.96901805043463e-10,-5.71134557185797e-09,5.63282518767159e-10,-3.5807468653375e-09,8.44428755229387e-10,7.96901805043463e-10,-8.9152133072663e-10,-5.89365827218997e-09,8.12390352485396e-09,3.37571085961935e-09,-6.45137690043971e-09,-5.71134557185797e-09,-5.89365827218997e-09,3.73938822563192e-09
-4.53863571579337e-09,5.16488428183354e-09,4.06747544535462e-09,5.63282518767159e-10,7.33762300873017e-09,6.76794021890893e-09,5.16488428183354e-09,7.60994766579219e-09,-5.49036752781034e-09,-3.5807468653375e-09,-5.72167216226489e-09,1.88723014078836e-09,4.06747544535462e-09,-5.49036752781034e-09,-1.76809672033302e-09,8.44428755229387e-10,-4.21564331029947e-09,-7.48996971522935e-09,5.63282518767159e-10,-3.5807468653375e-09,8.44428755229387e-10,7.96901805043463e-10,-8.9152133072663e-10,-5.89365827218997e-09,7.33762300873017e-09,-5.72167216226489e-09,-4.21564331029947e-09,-8.9152133072663e-10,-2.44635475613161e-07,-9.46422472283684e-09,6.76794021890893e-09,1.88723014078836e-09,-7.48996971522935e-09,-5.89365827218997e-09,-9.46422472283684e-09,-1.01179515287143e-08
-6.00738822961701e-08,8.61640084030851e-09,1.06550694564935e-08,8.12390352485396e-09,6.76794021890893e-09,-2.68051173639824e-09,8.61640084030851e-09,-1.07951185052083e-08,1.80937043185964e-09,3.37571085961935e-09,1.88723014078836e-09,-1.07610878997649e-08,1.06550694564935e-08,1.80937043185964e-09,-7.25387554429767e-09,-6.45137690043971e-09,-7.48996971522935e-09,-4.78545429956359e-09,8.12390352485396e-09,3.37571085961935e-09,-6.45137690043971e-09,-5.71134557185797e-09,-5.89365827218997e-09,3.73938822563192e-09,6.76794021890893e-09,1.88723014078836e-09,-7.48996971522935e-09,-5.89365827218997e-09,-9.46422472283684e-09,-1.01179515287143e-08,-2.68051173639824e-09,-1.07610878997649e-08,-4.78545429956359e-09,3.73938822563192e-09,-1.01179515287143e-08,-2.84021304193476e-07
