"M3sh.1","M3sh.2","M3sh.3","M3sh.4","M3sh.5","M3sh.6","M3sh.7","M3sh.8","M3sh.9","M3sh.10","M3sh.11","M3sh.12","M3sh.13","M3sh.14","M3sh.15","M3sh.16","M3sh.17","M3sh.18","M3sh.19","M3sh.20","M3sh.21","M3sh.22","M3sh.23","M3sh.24","M3sh.25","M3sh.26","M3sh.27","M3sh.28","M3sh.29","M3sh.30","M3sh.31","M3sh.32","M3sh.33","M3sh.34","M3sh.35","M3sh.36"
-6.47157346481099e-07,3.3828650731126e-08,-1.78147191905196e-08,3.15603763436438e-08,-1.22992864248154e-09,-8.16250353076029e-08,3.3828650731126e-08,-2.29507726726085e-09,7.07877139778971e-09,-3.33903094187762e-09,7.1829462407822e-09,1.11075301815566e-08,-1.78147191905196e-08,7.07877139778971e-09,-2.81025815244317e-09,-4.0659281564566e-09,4.9385879945715e-09,4.54192388607914e-09,3.15603763436438e-08,-3.33903094187762e-09,-4.0659281564566e-09,5.7631205620086e-10,1.23739669007693e-09,1.3645509220039e-08,-1.22992864248154e-09,7.1829462407822e-09,4.9385879945715e-09,1.23739669007693e-09,1.12794017763985e-08,9.57877277079851e-09,-8.16250353076029e-08,1.11075301815566e-08,4.54192388607914e-09,1.3645509220039e-08,9.57877277079851e-09,3.21876775521108e-08
3.3828650731126e-08,-2.29507726726085e-09,7.07877139778971e-09,-3.33903094187762e-09,7.1829462407822e-09,1.11075301815566e-08,-2.29507726726085e-09,-3.38003868134623e-07,1.51669095719237e-08,1.70457914096345e-08,1.10780106801899e-08,-1.75961622100672e-08,7.07877139778971e-09,1.51669095719237e-08,-4.96571245370079e-09,-6.71218867864131e-09,-8.07099835750719e-09,-3.91329977727566e-09,-3.33903094187762e-09,1.70457914096345e-08,-6.71218867864131e-09,-7.8398799134915e-09,-5.8498595129275e-09,6.34245583203276e-09,7.1829462407822e-09,1.10780106801899e-08,-8.07099835750719e-09,-5.8498595129275e-09,-8.2761042658607e-09,2.34292869260088e-09,1.11075301815566e-08,-1.75961622100672e-08,-3.91329977727566e-09,6.34245583203276e-09,2.34292869260088e-09,-7.15285520585602e-11
-1.78147191905196e-08,7.07877139778971e-09,-2.81025815244317e-09,-4.0659281564566e-09,4.9385879945715e-09,4.54192388607914e-09,7.07877139778971e-09,1.51669095719237e-08,-4.96571245370079e-09,-6.71218867864131e-09,-8.07099835750719e-09,-3.91329977727566e-09,-2.81025815244317e-09,-4.96571245370079e-09,-2.58249288877225e-07,3.38989735041083e-10,-3.5564538489651e-09,-4.00403185493073e-08,-4.0659281564566e-09,-6.71218867864131e-09,3.38989735041083e-10,6.26282158661445e-09,2.22424745782851e-09,-3.11343266080531e-09,4.9385879945715e-09,-8.07099835750719e-09,-3.5564538489651e-09,2.22424745782851e-09,-5.12140473264055e-09,-9.86505588613155e-09,4.54192388607914e-09,-3.91329977727566e-09,-4.00403185493073e-08,-3.11343266080531e-09,-9.86505588613155e-09,4.2915794694757e-08
3.15603763436438e-08,-3.33903094187762e-09,-4.0659281564566e-09,5.7631205620086e-10,1.23739669007693e-09,1.3645509220039e-08,-3.33903094187762e-09,1.70457914096345e-08,-6.71218867864131e-09,-7.8398799134915e-09,-5.8498595129275e-09,6.34245583203276e-09,-4.0659281564566e-09,-6.71218867864131e-09,3.38989735041083e-10,6.26282158661445e-09,2.22424745782851e-09,-3.11343266080531e-09,5.7631205620086e-10,-7.8398799134915e-09,6.26282158661445e-09,-2.69099851120652e-07,1.38343355358416e-09,-1.24403690646356e-08,1.23739669007693e-09,-5.8498595129275e-09,2.22424745782851e-09,1.38343355358416e-09,-1.35926905148952e-09,-9.8723005711885e-09,1.3645509220039e-08,6.34245583203276e-09,-3.11343266080531e-09,-1.24403690646356e-08,-9.8723005711885e-09,-4.36466543060937e-09
-1.22992864248154e-09,7.1829462407822e-09,4.9385879945715e-09,1.23739669007693e-09,1.12794017763985e-08,9.57877277079851e-09,7.1829462407822e-09,1.10780106801899e-08,-8.07099835750719e-09,-5.8498595129275e-09,-8.2761042658607e-09,2.34292869260088e-09,4.9385879945715e-09,-8.07099835750719e-09,-3.5564538489651e-09,2.22424745782851e-09,-5.12140473264055e-09,-9.86505588613155e-09,1.23739669007693e-09,-5.8498595129275e-09,2.22424745782851e-09,1.38343355358416e-09,-1.35926905148952e-09,-9.8723005711885e-09,1.12794017763985e-08,-8.2761042658607e-09,-5.12140473264055e-09,-1.35926905148952e-09,-2.84714776906635e-07,-1.63311354337643e-08,9.57877277079851e-09,2.34292869260088e-09,-9.86505588613155e-09,-9.8723005711885e-09,-1.63311354337643e-08,-1.87869552935097e-08
-8.16250353076029e-08,1.11075301815566e-08,4.54192388607914e-09,1.3645509220039e-08,9.57877277079851e-09,3.21876775521108e-08,1.11075301815566e-08,-1.75961622100672e-08,-3.91329977727566e-09,6.34245583203276e-09,2.34292869260088e-09,-7.15285520585602e-11,4.54192388607914e-09,-3.91329977727566e-09,-4.00403185493073e-08,-3.11343266080531e-09,-9.86505588613155e-09,4.2915794694757e-08,1.3645509220039e-08,6.34245583203276e-09,-3.11343266080531e-09,-1.24403690646356e-08,-9.8723005711885e-09,-4.36466543060937e-09,9.57877277079851e-09,2.34292869260088e-09,-9.86505588613155e-09,-9.8723005711885e-09,-1.63311354337643e-08,-1.87869552935097e-08,3.21876775521108e-08,-7.15285520585602e-11,4.2915794694757e-08,-4.36466543060937e-09,-1.87869552935097e-08,-4.43880129197873e-07
