"M3sh.1","M3sh.2","M3sh.3","M3sh.4","M3sh.5","M3sh.6","M3sh.7","M3sh.8","M3sh.9","M3sh.10","M3sh.11","M3sh.12","M3sh.13","M3sh.14","M3sh.15","M3sh.16","M3sh.17","M3sh.18","M3sh.19","M3sh.20","M3sh.21","M3sh.22","M3sh.23","M3sh.24","M3sh.25","M3sh.26","M3sh.27","M3sh.28","M3sh.29","M3sh.30","M3sh.31","M3sh.32","M3sh.33","M3sh.34","M3sh.35","M3sh.36"
-6.241432415171e-07,3.20522383458608e-08,-1.85169540538156e-08,2.75084901679965e-08,-2.80192919650144e-09,-8.06993145869034e-08,3.20522383458608e-08,-1.57740956331295e-09,6.61313875254300e-09,-3.58046995558699e-09,6.75756229136473e-09,1.16206821387152e-08,-1.85169540538156e-08,6.61313875254300e-09,-1.38941727005759e-09,-3.35127250753422e-09,5.60160467726724e-09,5.0839337640472e-09,2.75084901679965e-08,-3.58046995558699e-09,-3.35127250753422e-09,1.33503937141103e-09,1.63057409926807e-09,1.37424369519749e-08,-2.80192919650144e-09,6.75756229136473e-09,5.60160467726724e-09,1.63057409926807e-09,1.13808553642249e-08,1.01708901372634e-08,-8.06993145869034e-08,1.16206821387152e-08,5.0839337640472e-09,1.37424369519749e-08,1.01708901372634e-08,3.24311427866924e-08
3.20522383458608e-08,-1.57740956331295e-09,6.61313875254300e-09,-3.58046995558699e-09,6.75756229136473e-09,1.16206821387152e-08,-1.57740956331295e-09,-3.38487445058632e-07,1.39116889242496e-08,1.60158377203673e-08,1.03176433902907e-08,-1.73644351405034e-08,6.61313875254300e-09,1.39116889242496e-08,-4.72587198131310e-09,-6.16830462057509e-09,-7.77745017401191e-09,-4.33864000950728e-09,-3.58046995558699e-09,1.60158377203673e-08,-6.16830462057509e-09,-7.18908518732898e-09,-5.42939337991118e-09,6.02503994842385e-09,6.75756229136473e-09,1.03176433902907e-08,-7.77745017401191e-09,-5.42939337991118e-09,-7.96447052410569e-09,2.16968766468818e-09,1.16206821387152e-08,-1.73644351405034e-08,-4.33864000950728e-09,6.02503994842385e-09,2.16968766468818e-09,1.6291780165395e-09
-1.85169540538156e-08,6.61313875254300e-09,-1.38941727005759e-09,-3.35127250753422e-09,5.60160467726724e-09,5.0839337640472e-09,6.61313875254300e-09,1.39116889242496e-08,-4.72587198131310e-09,-6.16830462057509e-09,-7.77745017401191e-09,-4.33864000950728e-09,-1.38941727005759e-09,-4.72587198131310e-09,-2.63696692483713e-07,-4.60826695519696e-10,-4.26462839534722e-09,-3.80919918254139e-08,-3.35127250753422e-09,-6.16830462057509e-09,-4.60826695519696e-10,5.40135509208376e-09,1.65340512982074e-09,-2.42267693452975e-09,5.60160467726724e-09,-7.77745017401191e-09,-4.26462839534722e-09,1.65340512982074e-09,-5.64244841177317e-09,-9.60410858022891e-09,5.0839337640472e-09,-4.33864000950728e-09,-3.80919918254139e-08,-2.42267693452975e-09,-9.60410858022891e-09,3.86255361654751e-08
2.75084901679965e-08,-3.58046995558699e-09,-3.35127250753422e-09,1.33503937141103e-09,1.63057409926807e-09,1.37424369519749e-08,-3.58046995558699e-09,1.60158377203673e-08,-6.16830462057509e-09,-7.18908518732898e-09,-5.42939337991118e-09,6.02503994842385e-09,-3.35127250753422e-09,-6.16830462057509e-09,-4.60826695519696e-10,5.40135509208376e-09,1.65340512982074e-09,-2.42267693452975e-09,1.33503937141103e-09,-7.18908518732898e-09,5.40135509208376e-09,-2.72752078869823e-07,1.01017888142668e-09,-1.20136311155872e-08,1.63057409926807e-09,-5.42939337991118e-09,1.65340512982074e-09,1.01017888142668e-09,-1.55108899957244e-09,-9.32029643553489e-09,1.37424369519749e-08,6.02503994842385e-09,-2.42267693452975e-09,-1.20136311155872e-08,-9.32029643553489e-09,-6.01486002087464e-09
-2.80192919650144e-09,6.75756229136473e-09,5.60160467726724e-09,1.63057409926807e-09,1.13808553642249e-08,1.01708901372634e-08,6.75756229136473e-09,1.03176433902907e-08,-7.77745017401191e-09,-5.42939337991118e-09,-7.96447052410569e-09,2.16968766468818e-09,5.60160467726724e-09,-7.77745017401191e-09,-4.26462839534722e-09,1.65340512982074e-09,-5.64244841177317e-09,-9.60410858022891e-09,1.63057409926807e-09,-5.42939337991118e-09,1.65340512982074e-09,1.01017888142668e-09,-1.55108899957244e-09,-9.32029643553489e-09,1.13808553642249e-08,-7.96447052410569e-09,-5.64244841177317e-09,-1.55108899957244e-09,-2.87684096935665e-07,-1.57801562568476e-08,1.01708901372634e-08,2.16968766468818e-09,-9.60410858022891e-09,-9.32029643553489e-09,-1.57801562568476e-08,-1.92738694564318e-08
-8.06993145869034e-08,1.16206821387152e-08,5.0839337640472e-09,1.37424369519749e-08,1.01708901372634e-08,3.24311427866924e-08,1.16206821387152e-08,-1.73644351405034e-08,-4.33864000950728e-09,6.02503994842385e-09,2.16968766468818e-09,1.6291780165395e-09,5.0839337640472e-09,-4.33864000950728e-09,-3.80919918254139e-08,-2.42267693452975e-09,-9.60410858022891e-09,3.86255361654751e-08,1.37424369519749e-08,6.02503994842385e-09,-2.42267693452975e-09,-1.20136311155872e-08,-9.32029643553489e-09,-6.01486002087464e-09,1.01708901372634e-08,2.16968766468818e-09,-9.60410858022891e-09,-9.32029643553489e-09,-1.57801562568476e-08,-1.92738694564318e-08,3.24311427866924e-08,1.6291780165395e-09,3.86255361654751e-08,-6.01486002087464e-09,-1.92738694564318e-08,-4.3750817046913e-07
