"M3sh.1","M3sh.2","M3sh.3","M3sh.4","M3sh.5","M3sh.6","M3sh.7","M3sh.8","M3sh.9","M3sh.10","M3sh.11","M3sh.12","M3sh.13","M3sh.14","M3sh.15","M3sh.16","M3sh.17","M3sh.18","M3sh.19","M3sh.20","M3sh.21","M3sh.22","M3sh.23","M3sh.24","M3sh.25","M3sh.26","M3sh.27","M3sh.28","M3sh.29","M3sh.30","M3sh.31","M3sh.32","M3sh.33","M3sh.34","M3sh.35","M3sh.36"
-4.08937199783347e-07,2.4430790826288e-08,1.14114452416653e-08,9.96417009228466e-09,-5.00141493223583e-09,-5.5476259380437e-08,2.4430790826288e-08,-5.14988720675363e-09,3.68008303105142e-09,-9.40604457773239e-10,5.29947503946052e-09,8.78224849626835e-09,1.14114452416653e-08,3.68008303105142e-09,7.75542695495992e-10,-2.34374617544298e-09,4.43243234347624e-09,9.51528050053046e-09,9.96417009228466e-09,-9.40604457773239e-10,-2.34374617544298e-09,-3.79596840519297e-10,6.27566748858739e-10,6.57470826742615e-09,-5.00141493223583e-09,5.29947503946052e-09,4.43243234347624e-09,6.27566748858739e-10,7.19375124369871e-09,6.95591415518377e-09,-5.5476259380437e-08,8.78224849626835e-09,9.51528050053046e-09,6.57470826742615e-09,6.95591415518377e-09,-2.00768480390798e-09
2.4430790826288e-08,-5.14988720675363e-09,3.68008303105142e-09,-9.40604457773239e-10,5.29947503946052e-09,8.78224849626835e-09,-5.14988720675363e-09,-2.82557771293806e-07,6.69338322287638e-09,1.13484257485715e-08,6.75441686840057e-09,-1.03157618510092e-08,3.68008303105142e-09,6.69338322287638e-09,-5.57524952291205e-09,-2.95878728416168e-09,-4.89446227944687e-09,1.15594579543844e-09,-9.40604457773239e-10,1.13484257485715e-08,-2.95878728416168e-09,-4.79974651585395e-09,-3.49926020977605e-09,3.44664095411501e-09,5.29947503946052e-09,6.75441686840057e-09,-4.89446227944687e-09,-3.49926020977605e-09,-4.9811540033849e-09,1.59989157354209e-09,8.78224849626835e-09,-1.03157618510092e-08,1.15594579543844e-09,3.44664095411501e-09,1.59989157354209e-09,-9.34789213472647e-09
1.14114452416653e-08,3.68008303105142e-09,7.75542695495992e-10,-2.34374617544298e-09,4.43243234347624e-09,9.51528050053046e-09,3.68008303105142e-09,6.69338322287638e-09,-5.57524952291205e-09,-2.95878728416168e-09,-4.89446227944687e-09,1.15594579543844e-09,7.75542695495992e-10,-5.57524952291205e-09,-2.37172500014629e-07,2.38261872435732e-09,-1.7460770263406e-09,-7.17604813940059e-09,-2.34374617544298e-09,-2.95878728416168e-09,2.38261872435732e-09,1.78968640726385e-09,5.13099905110223e-10,-5.32858897582963e-09,4.43243234347624e-09,-4.89446227944687e-09,-1.7460770263406e-09,5.13099905110223e-10,-4.03341370956661e-09,-7.32443054667094e-09,9.51528050053046e-09,1.15594579543844e-09,-7.17604813940059e-09,-5.32858897582963e-09,-7.32443054667094e-09,-3.89049343246967e-09
9.96417009228466e-09,-9.40604457773239e-10,-2.34374617544298e-09,-3.79596840519297e-10,6.27566748858739e-10,6.57470826742615e-09,-9.40604457773239e-10,1.13484257485715e-08,-2.95878728416168e-09,-4.79974651585395e-09,-3.49926020977605e-09,3.44664095411501e-09,-2.34374617544298e-09,-2.95878728416168e-09,2.38261872435732e-09,1.78968640726385e-09,5.13099905110223e-10,-5.32858897582963e-09,-3.79596840519297e-10,-4.79974651585395e-09,1.78968640726385e-09,-2.33952149022557e-07,9.43801293080532e-10,-4.84944758591294e-09,6.27566748858739e-10,-3.49926020977605e-09,5.13099905110223e-10,9.43801293080532e-10,-1.1712525686173e-09,-5.49018229232399e-09,6.57470826742615e-09,3.44664095411501e-09,-5.32858897582963e-09,-4.84944758591294e-09,-5.49018229232399e-09,4.51733350741724e-09
-5.00141493223583e-09,5.29947503946052e-09,4.43243234347624e-09,6.27566748858739e-10,7.19375124369871e-09,6.95591415518377e-09,5.29947503946052e-09,6.75441686840057e-09,-4.89446227944687e-09,-3.49926020977605e-09,-4.9811540033849e-09,1.59989157354209e-09,4.43243234347624e-09,-4.89446227944687e-09,-1.7460770263406e-09,5.13099905110223e-10,-4.03341370956661e-09,-7.32443054667094e-09,6.27566748858739e-10,-3.49926020977605e-09,5.13099905110223e-10,9.43801293080532e-10,-1.1712525686173e-09,-5.49018229232399e-09,7.19375124369871e-09,-4.9811540033849e-09,-4.03341370956661e-09,-1.1712525686173e-09,-2.44563971471879e-07,-8.95047045733502e-09,6.95591415518377e-09,1.59989157354209e-09,-7.32443054667094e-09,-5.49018229232399e-09,-8.95047045733502e-09,-9.80118722141752e-09
-5.5476259380437e-08,8.78224849626835e-09,9.51528050053046e-09,6.57470826742615e-09,6.95591415518377e-09,-2.00768480390798e-09,8.78224849626835e-09,-1.03157618510092e-08,1.15594579543844e-09,3.44664095411501e-09,1.59989157354209e-09,-9.34789213472647e-09,9.51528050053046e-09,1.15594579543844e-09,-7.17604813940059e-09,-5.32858897582963e-09,-7.32443054667094e-09,-3.89049343246967e-09,6.57470826742615e-09,3.44664095411501e-09,-5.32858897582963e-09,-4.84944758591294e-09,-5.49018229232399e-09,4.51733350741724e-09,6.95591415518377e-09,1.59989157354209e-09,-7.32443054667094e-09,-5.49018229232399e-09,-8.95047045733502e-09,-9.80118722141752e-09,-2.00768480390798e-09,-9.34789213472647e-09,-3.89049343246967e-09,4.51733350741724e-09,-9.80118722141752e-09,-2.79485489913584e-07
