"M3sh.1","M3sh.2","M3sh.3","M3sh.4","M3sh.5","M3sh.6","M3sh.7","M3sh.8","M3sh.9","M3sh.10","M3sh.11","M3sh.12","M3sh.13","M3sh.14","M3sh.15","M3sh.16","M3sh.17","M3sh.18","M3sh.19","M3sh.20","M3sh.21","M3sh.22","M3sh.23","M3sh.24","M3sh.25","M3sh.26","M3sh.27","M3sh.28","M3sh.29","M3sh.30","M3sh.31","M3sh.32","M3sh.33","M3sh.34","M3sh.35","M3sh.36"
-4.15917579534232e-07,2.61792731933733e-08,1.12942855947716e-08,9.91123147614404e-09,-4.84382321355216e-09,-5.8822142526931e-08,2.61792731933733e-08,-5.55798440629865e-09,3.67482460999683e-09,-4.3661351243792e-10,5.31234308128421e-09,8.40723661601055e-09,1.12942855947716e-08,3.67482460999683e-09,4.60922702456403e-10,-2.2833507961648e-09,4.26232767873217e-09,1.0302550779201e-08,9.91123147614404e-09,-4.3661351243792e-10,-2.2833507961648e-09,-3.41414791670475e-11,3.88746295848313e-10,7.70664156087434e-09,-4.84382321355216e-09,5.31234308128421e-09,4.26232767873217e-09,3.88746295848313e-10,7.29777972128326e-09,6.77974031078147e-09,-5.8822142526931e-08,8.40723661601055e-09,1.0302550779201e-08,7.70664156087434e-09,6.77974031078147e-09,-1.38798011270435e-09
2.61792731933733e-08,-5.55798440629865e-09,3.67482460999683e-09,-4.3661351243792e-10,5.31234308128421e-09,8.40723661601055e-09,-5.55798440629865e-09,-2.85084273488246e-07,6.90126310753156e-09,1.20617175640744e-08,7.16376111690747e-09,-1.04940446645351e-08,3.67482460999683e-09,6.90126310753156e-09,-6.14775413434134e-09,-2.986972501816e-09,-5.39427528517106e-09,1.42405379655119e-09,-4.3661351243792e-10,1.20617175640744e-08,-2.986972501816e-09,-5.50360367394532e-09,-3.39686361292572e-09,3.40107382227101e-09,5.31234308128421e-09,7.16376111690747e-09,-5.39427528517106e-09,-3.39686361292572e-09,-5.57252285108903e-09,1.71930088835591e-09,8.40723661601055e-09,-1.04940446645351e-08,1.42405379655119e-09,3.40107382227101e-09,1.71930088835591e-09,-1.01174610263846e-08
1.12942855947716e-08,3.67482460999683e-09,4.60922702456403e-10,-2.2833507961648e-09,4.26232767873217e-09,1.0302550779201e-08,3.67482460999683e-09,6.90126310753156e-09,-6.14775413434134e-09,-2.986972501816e-09,-5.39427528517106e-09,1.42405379655119e-09,4.60922702456403e-10,-6.14775413434134e-09,-2.3726889112635e-07,2.73677583531316e-09,-1.78948711045664e-09,-7.18813683487769e-09,-2.2833507961648e-09,-2.986972501816e-09,2.73677583531316e-09,1.59840708987235e-09,8.43976104941337e-10,-5.96622343209059e-09,4.26232767873217e-09,-5.39427528517106e-09,-1.78948711045664e-09,8.43976104941337e-10,-4.18799478995678e-09,-7.26990999823983e-09,1.0302550779201e-08,1.42405379655119e-09,-7.18813683487769e-09,-5.96622343209059e-09,-7.26990999823983e-09,-4.44328406897488e-09
9.91123147614404e-09,-4.3661351243792e-10,-2.2833507961648e-09,-3.41414791670475e-11,3.88746295848313e-10,7.70664156087434e-09,-4.3661351243792e-10,1.20617175640744e-08,-2.986972501816e-09,-5.50360367394532e-09,-3.39686361292572e-09,3.40107382227101e-09,-2.2833507961648e-09,-2.986972501816e-09,2.73677583531316e-09,1.59840708987235e-09,8.43976104941337e-10,-5.96622343209059e-09,-3.41414791670475e-11,-5.50360367394532e-09,1.59840708987235e-09,-2.33996709228729e-07,7.22505586175484e-10,-5.47817948401367e-09,3.88746295848313e-10,-3.39686361292572e-09,8.43976104941337e-10,7.22505586175484e-10,-8.4759994167367e-10,-5.55256466486945e-09,7.70664156087434e-09,3.40107382227101e-09,-5.96622343209059e-09,-5.47817948401367e-09,-5.55256466486945e-09,3.77345374155986e-09
-4.84382321355216e-09,5.31234308128421e-09,4.26232767873217e-09,3.88746295848313e-10,7.29777972128326e-09,6.77974031078147e-09,5.31234308128421e-09,7.16376111690747e-09,-5.39427528517106e-09,-3.39686361292572e-09,-5.57252285108903e-09,1.71930088835591e-09,4.26232767873217e-09,-5.39427528517106e-09,-1.78948711045664e-09,8.43976104941337e-10,-4.18799478995678e-09,-7.26990999823983e-09,3.88746295848313e-10,-3.39686361292572e-09,8.43976104941337e-10,7.22505586175484e-10,-8.4759994167367e-10,-5.55256466486945e-09,7.29777972128326e-09,-5.57252285108903e-09,-4.18799478995678e-09,-8.4759994167367e-10,-2.45135426553258e-07,-9.14902491016276e-09,6.77974031078147e-09,1.71930088835591e-09,-7.26990999823983e-09,-5.55256466486945e-09,-9.14902491016276e-09,-1.00082190929733e-08
-5.8822142526931e-08,8.40723661601055e-09,1.0302550779201e-08,7.70664156087434e-09,6.77974031078147e-09,-1.38798011270435e-09,8.40723661601055e-09,-1.04940446645351e-08,1.42405379655119e-09,3.40107382227101e-09,1.71930088835591e-09,-1.01174610263846e-08,1.0302550779201e-08,1.42405379655119e-09,-7.18813683487769e-09,-5.96622343209059e-09,-7.26990999823983e-09,-4.44328406897488e-09,7.70664156087434e-09,3.40107382227101e-09,-5.96622343209059e-09,-5.47817948401367e-09,-5.55256466486945e-09,3.77345374155986e-09,6.77974031078147e-09,1.71930088835591e-09,-7.26990999823983e-09,-5.55256466486945e-09,-9.14902491016276e-09,-1.00082190929733e-08,-1.38798011270435e-09,-1.01174610263846e-08,-4.44328406897488e-09,3.77345374155986e-09,-1.00082190929733e-08,-2.82805524593211e-07
