"M2sh.Mkt.RF","M2sh.SMB","M2sh.HML","M2sh.RMW","M2sh.CMA","M2sh.MOM"
0.000117874563209658,-1.25978478174663e-06,-3.95142023960505e-06,-1.71379712281133e-05,-1.55315031352259e-05,-1.84312095314099e-05
-1.25978478174663e-06,3.17243158811148e-05,1.76193311210241e-06,-7.25787888503004e-06,1.03258071542878e-06,7.87461694937271e-07
-3.95142023960505e-06,1.76193311210241e-06,3.47284215321142e-05,1.08978490421616e-06,1.1815787512642e-05,-1.63272653988309e-05
-1.71379712281133e-05,-7.25787888503004e-06,1.08978490421616e-06,2.04933436360379e-05,4.08499889929687e-06,5.27880953827411e-06
-1.55315031352259e-05,1.03258071542878e-06,1.1815787512642e-05,4.08499889929687e-06,1.68357865598981e-05,1.43475894971992e-06
-1.84312095314099e-05,7.87461694937271e-07,-1.63272653988309e-05,5.27880953827411e-06,1.43475894971992e-06,7.02535494086417e-05
