"M2sh.Mkt.RF","M2sh.SMB","M2sh.HML","M2sh.RMW","M2sh.CMA","M2sh.MOM"
6.90853873658384e-05,-1.22308296391951e-05,-1.65839478653717e-05,3.76072638510682e-06,-1.07157074419636e-05,4.9150933599029e-06
-1.22308296391951e-05,2.14262038632891e-05,1.88221452921957e-06,-3.21216471175471e-06,-1.04120618152978e-07,1.06650671686352e-06
-1.65839478653717e-05,1.88221452921957e-06,1.42805649539121e-05,-3.9598826990099e-06,7.71097704203155e-06,-1.10625644291153e-06
3.76072638510682e-06,-3.21216471175471e-06,-3.9598826990099e-06,6.08378948576568e-06,-2.87173039627943e-06,8.50755139707451e-07
-1.07157074419636e-05,-1.04120618152978e-07,7.71097704203155e-06,-2.87173039627943e-06,9.33399951088574e-06,-3.34975983418799e-07
4.9150933599029e-06,1.06650671686352e-06,-1.10625644291153e-06,8.50755139707451e-07,-3.34975983418799e-07,2.3470456940325e-05
