"M2sh.Mkt.RF","M2sh.SMB","M2sh.HML","M2sh.RMW","M2sh.CMA","M2sh.MOM"
7.69764458248683e-05,-1.65507357970147e-05,-2.00256643653905e-05,2.93603934691502e-06,-1.30300178007147e-05,4.17287124768016e-06
-1.65507357970147e-05,2.41062487989068e-05,2.18632054252773e-06,-4.05906035070948e-06,1.71631655931365e-07,-1.46091789485934e-06
-2.00256643653905e-05,2.18632054252773e-06,1.61962028507027e-05,-3.21098239167459e-06,9.14494386467027e-06,-1.21008685862804e-06
2.93603934691502e-06,-4.05906035070948e-06,-3.21098239167459e-06,6.24195069002754e-06,-1.82868805352016e-06,6.31324668236077e-07
-1.30300178007147e-05,1.71631655931365e-07,9.14494386467027e-06,-1.82868805352016e-06,1.07344356161562e-05,4.59672042283303e-07
4.17287124768016e-06,-1.46091789485934e-06,-1.21008685862804e-06,6.31324668236077e-07,4.59672042283303e-07,2.21566415182166e-05
