"M2sh.Mkt.RF","M2sh.SMB","M2sh.HML","M2sh.RMW","M2sh.CMA","M2sh.MOM"
6.9412324717203e-05,-1.25762505197974e-05,-1.68240416598177e-05,3.70075275219702e-06,-1.0886340536858e-05,4.83005173040936e-06
-1.25762505197974e-05,2.17100135431793e-05,1.79114757054339e-06,-3.27670801627873e-06,-1.04347591108647e-07,9.78220300297111e-07
-1.68240416598177e-05,1.79114757054339e-06,1.4508286097504e-05,-3.9128683375328e-06,7.88252837909753e-06,-1.31193593583192e-06
3.70075275219702e-06,-3.27670801627873e-06,-3.9128683375328e-06,6.10955080392297e-06,-2.83539055637121e-06,8.12312115280765e-07
-1.0886340536858e-05,-1.04347591108647e-07,7.88252837909753e-06,-2.83539055637121e-06,9.48591240039918e-06,-4.66078538334789e-07
4.83005173040936e-06,9.78220300297111e-07,-1.31193593583192e-06,8.12312115280765e-07,-4.66078538334789e-07,2.3580819667386e-05
