"M3sh.1","M3sh.2","M3sh.3","M3sh.4","M3sh.5","M3sh.6","M3sh.7","M3sh.8","M3sh.9","M3sh.10","M3sh.11","M3sh.12","M3sh.13","M3sh.14","M3sh.15","M3sh.16","M3sh.17","M3sh.18","M3sh.19","M3sh.20","M3sh.21","M3sh.22","M3sh.23","M3sh.24","M3sh.25","M3sh.26","M3sh.27","M3sh.28","M3sh.29","M3sh.30","M3sh.31","M3sh.32","M3sh.33","M3sh.34","M3sh.35","M3sh.36"
-6.22095378653944e-07,3.22772844502328e-08,-1.86228719607056e-08,2.74141173370238e-08,-3.0066771447906e-09,-8.04696529355726e-08,3.22772844502328e-08,-1.43420478129053e-09,6.54725454289095e-09,-3.67211984843574e-09,6.66314281661678e-09,1.16223320334638e-08,-1.86228719607056e-08,6.54725454289095e-09,-1.5483123740388e-09,-3.31234765039786e-09,5.56812473004057e-09,5.43182356087035e-09,2.74141173370238e-08,-3.67211984843574e-09,-3.31234765039786e-09,1.39309411318238e-09,1.64549023011279e-09,1.36729635855483e-08,-3.0066771447906e-09,6.66314281661678e-09,5.56812473004057e-09,1.64549023011279e-09,1.14230558022769e-08,1.02999496180477e-08,-8.04696529355726e-08,1.16223320334638e-08,5.43182356087035e-09,1.36729635855483e-08,1.02999496180477e-08,3.19360029267216e-08
3.22772844502328e-08,-1.43420478129053e-09,6.54725454289095e-09,-3.67211984843574e-09,6.66314281661678e-09,1.16223320334638e-08,-1.43420478129053e-09,-3.37994872106637e-07,1.37597161416458e-08,1.59090477947837e-08,1.02145091174518e-08,-1.71749278556038e-08,6.54725454289095e-09,1.37597161416458e-08,-4.59207146293434e-09,-6.08701026426278e-09,-7.68923251261843e-09,-4.38434386574805e-09,-3.67211984843574e-09,1.59090477947837e-08,-6.08701026426278e-09,-7.10705610602099e-09,-5.36459762027482e-09,5.96935094726201e-09,6.66314281661678e-09,1.02145091174518e-08,-7.68923251261843e-09,-5.36459762027482e-09,-7.8870139506093e-09,2.143740973944e-09,1.16223320334638e-08,-1.71749278556038e-08,-4.38434386574805e-09,5.96935094726201e-09,2.143740973944e-09,1.85884298451982e-09
-1.86228719607056e-08,6.54725454289095e-09,-1.5483123740388e-09,-3.31234765039786e-09,5.56812473004057e-09,5.43182356087035e-09,6.54725454289095e-09,1.37597161416458e-08,-4.59207146293434e-09,-6.08701026426278e-09,-7.68923251261843e-09,-4.38434386574805e-09,-1.5483123740388e-09,-4.59207146293434e-09,-2.63782559683504e-07,-4.53663343012138e-10,-4.28349244615903e-09,-3.79634650438192e-08,-3.31234765039786e-09,-6.08701026426278e-09,-4.53663343012138e-10,5.29489202047695e-09,1.62591927349387e-09,-2.47800610802151e-09,5.56812473004057e-09,-7.68923251261843e-09,-4.28349244615903e-09,1.62591927349387e-09,-5.69090463162927e-09,-9.61834343470495e-09,5.43182356087035e-09,-4.38434386574805e-09,-3.79634650438192e-08,-2.47800610802151e-09,-9.61834343470495e-09,3.83427578895147e-08
2.74141173370238e-08,-3.67211984843574e-09,-3.31234765039786e-09,1.39309411318238e-09,1.64549023011279e-09,1.36729635855483e-08,-3.67211984843574e-09,1.59090477947837e-08,-6.08701026426278e-09,-7.10705610602099e-09,-5.36459762027482e-09,5.96935094726201e-09,-3.31234765039786e-09,-6.08701026426278e-09,-4.53663343012138e-10,5.29489202047695e-09,1.62591927349387e-09,-2.47800610802151e-09,1.39309411318238e-09,-7.10705610602099e-09,5.29489202047695e-09,-2.72703372415123e-07,9.5869767969731e-10,-1.18648399685458e-08,1.64549023011279e-09,-5.36459762027482e-09,1.62591927349387e-09,9.5869767969731e-10,-1.56575753247222e-09,-9.30061223493332e-09,1.36729635855483e-08,5.96935094726201e-09,-2.47800610802151e-09,-1.18648399685458e-08,-9.30061223493332e-09,-5.87214743154524e-09
-3.0066771447906e-09,6.66314281661678e-09,5.56812473004057e-09,1.64549023011279e-09,1.14230558022769e-08,1.02999496180477e-08,6.66314281661678e-09,1.02145091174518e-08,-7.68923251261843e-09,-5.36459762027482e-09,-7.8870139506093e-09,2.143740973944e-09,5.56812473004057e-09,-7.68923251261843e-09,-4.28349244615903e-09,1.62591927349387e-09,-5.69090463162927e-09,-9.61834343470495e-09,1.64549023011279e-09,-5.36459762027482e-09,1.62591927349387e-09,9.5869767969731e-10,-1.56575753247222e-09,-9.30061223493332e-09,1.14230558022769e-08,-7.8870139506093e-09,-5.69090463162927e-09,-1.56575753247222e-09,-2.87679409222263e-07,-1.57296867754738e-08,1.02999496180477e-08,2.143740973944e-09,-9.61834343470495e-09,-9.30061223493332e-09,-1.57296867754738e-08,-1.92201619276174e-08
-8.04696529355726e-08,1.16223320334638e-08,5.43182356087035e-09,1.36729635855483e-08,1.02999496180477e-08,3.19360029267216e-08,1.16223320334638e-08,-1.71749278556038e-08,-4.38434386574805e-09,5.96935094726201e-09,2.143740973944e-09,1.85884298451982e-09,5.43182356087035e-09,-4.38434386574805e-09,-3.79634650438192e-08,-2.47800610802151e-09,-9.61834343470495e-09,3.83427578895147e-08,1.36729635855483e-08,5.96935094726201e-09,-2.47800610802151e-09,-1.18648399685458e-08,-9.30061223493332e-09,-5.87214743154524e-09,1.02999496180477e-08,2.143740973944e-09,-9.61834343470495e-09,-9.30061223493332e-09,-1.57296867754738e-08,-1.92201619276174e-08,3.19360029267216e-08,1.85884298451982e-09,3.83427578895147e-08,-5.87214743154524e-09,-1.92201619276174e-08,-4.3629465512795e-07
