"M3sh.1","M3sh.2","M3sh.3","M3sh.4","M3sh.5","M3sh.6","M3sh.7","M3sh.8","M3sh.9","M3sh.10","M3sh.11","M3sh.12","M3sh.13","M3sh.14","M3sh.15","M3sh.16","M3sh.17","M3sh.18","M3sh.19","M3sh.20","M3sh.21","M3sh.22","M3sh.23","M3sh.24","M3sh.25","M3sh.26","M3sh.27","M3sh.28","M3sh.29","M3sh.30","M3sh.31","M3sh.32","M3sh.33","M3sh.34","M3sh.35","M3sh.36"
-3.12848779096415e-07,-8.80202514243388e-08,-7.51537220962982e-08,4.90840825735223e-08,5.69270108865606e-09,-3.22818511310438e-08,-8.80202514243388e-08,3.49093818149596e-08,2.54781501922875e-08,-3.23532802280011e-10,1.44713321397049e-08,-1.3526441853549e-08,-7.51537220962982e-08,2.54781501922875e-08,-4.36072233511456e-09,-7.04460713152379e-09,8.28325033957787e-09,5.17242845960052e-10,4.90840825735223e-08,-3.23532802280011e-10,-7.04460713152379e-09,9.52640173064041e-10,1.73536918209974e-09,2.33889581632364e-08,5.69270108865606e-09,1.44713321397049e-08,8.28325033957787e-09,1.73536918209974e-09,2.0758871907227e-08,2.22030923971952e-08,-3.22818511310438e-08,-1.3526441853549e-08,5.17242845960052e-10,2.33889581632364e-08,2.22030923971952e-08,9.94485859945042e-08
-8.80202514243388e-08,3.49093818149596e-08,2.54781501922875e-08,-3.23532802280011e-10,1.44713321397049e-08,-1.3526441853549e-08,3.49093818149596e-08,-1.01651567865917e-07,3.33047491716012e-09,9.53822235742886e-09,-1.49484608252053e-10,-2.96963482275226e-08,2.54781501922875e-08,3.33047491716012e-09,-4.15661943088118e-09,-9.22969088068429e-09,-1.08478934562826e-08,-8.19512445105013e-09,-3.23532802280011e-10,9.53822235742886e-09,-9.22969088068429e-09,-1.17172321753907e-08,-7.58614344450350e-09,1.55130651901701e-08,1.44713321397049e-08,-1.49484608252053e-10,-1.08478934562826e-08,-7.58614344450350e-09,-1.21172846137206e-08,3.45558081375434e-09,-1.3526441853549e-08,-2.96963482275226e-08,-8.19512445105013e-09,1.55130651901701e-08,3.45558081375434e-09,-7.47814112641431e-09
-7.51537220962982e-08,2.54781501922875e-08,-4.36072233511456e-09,-7.04460713152379e-09,8.28325033957787e-09,5.17242845960052e-10,2.54781501922875e-08,3.33047491716012e-09,-4.15661943088118e-09,-9.22969088068429e-09,-1.08478934562826e-08,-8.19512445105013e-09,-4.36072233511456e-09,-4.15661943088118e-09,-4.4495992028502e-08,-1.20768217122424e-09,-5.53952743258826e-09,-8.55887051492746e-08,-7.04460713152379e-09,-9.22969088068429e-09,-1.20768217122424e-09,1.24500838402953e-08,3.01688017688663e-09,-5.67727657027104e-09,8.28325033957787e-09,-1.08478934562826e-08,-5.53952743258826e-09,3.01688017688663e-09,-9.85480446156411e-09,-2.2679695028399e-08,5.17242845960052e-10,-8.19512445105013e-09,-8.55887051492746e-08,-5.67727657027104e-09,-2.2679695028399e-08,8.98036873115847e-08
4.90840825735223e-08,-3.23532802280011e-10,-7.04460713152379e-09,9.52640173064041e-10,1.73536918209974e-09,2.33889581632364e-08,-3.23532802280011e-10,9.53822235742886e-09,-9.22969088068429e-09,-1.17172321753907e-08,-7.58614344450350e-09,1.55130651901701e-08,-7.04460713152379e-09,-9.22969088068429e-09,-1.20768217122424e-09,1.24500838402953e-08,3.01688017688663e-09,-5.67727657027104e-09,9.52640173064041e-10,-1.17172321753907e-08,1.24500838402953e-08,-7.0245468149724e-08,2.7740905310535e-09,-2.62077971424968e-08,1.73536918209974e-09,-7.58614344450350e-09,3.01688017688663e-09,2.7740905310535e-09,-3.93586374936328e-09,-2.01549329957835e-08,2.33889581632364e-08,1.55130651901701e-08,-5.67727657027104e-09,-2.62077971424968e-08,-2.01549329957835e-08,-9.81431417858359e-09
5.69270108865606e-09,1.44713321397049e-08,8.28325033957787e-09,1.73536918209974e-09,2.0758871907227e-08,2.22030923971952e-08,1.44713321397049e-08,-1.49484608252053e-10,-1.08478934562826e-08,-7.58614344450350e-09,-1.21172846137206e-08,3.45558081375434e-09,8.28325033957787e-09,-1.08478934562826e-08,-5.53952743258826e-09,3.01688017688663e-09,-9.85480446156411e-09,-2.2679695028399e-08,1.73536918209974e-09,-7.58614344450350e-09,3.01688017688663e-09,2.7740905310535e-09,-3.93586374936328e-09,-2.01549329957835e-08,2.0758871907227e-08,-1.21172846137206e-08,-9.85480446156411e-09,-3.93586374936328e-09,-1.00891397642533e-07,-3.46298274773159e-08,2.22030923971952e-08,3.45558081375434e-09,-2.2679695028399e-08,-2.01549329957835e-08,-3.46298274773159e-08,-3.51407394683216e-08
-3.22818511310438e-08,-1.3526441853549e-08,5.17242845960052e-10,2.33889581632364e-08,2.22030923971952e-08,9.94485859945042e-08,-1.3526441853549e-08,-2.96963482275226e-08,-8.19512445105013e-09,1.55130651901701e-08,3.45558081375434e-09,-7.47814112641431e-09,5.17242845960052e-10,-8.19512445105013e-09,-8.55887051492746e-08,-5.67727657027104e-09,-2.2679695028399e-08,8.98036873115847e-08,2.33889581632364e-08,1.55130651901701e-08,-5.67727657027104e-09,-2.62077971424968e-08,-2.01549329957835e-08,-9.81431417858359e-09,2.22030923971952e-08,3.45558081375434e-09,-2.2679695028399e-08,-2.01549329957835e-08,-3.46298274773159e-08,-3.51407394683216e-08,9.94485859945042e-08,-7.47814112641431e-09,8.98036873115847e-08,-9.81431417858359e-09,-3.51407394683216e-08,-4.25688897239296e-07
