"M2sh.Mkt.RF","M2sh.SMB","M2sh.HML","M2sh.RMW","M2sh.CMA","M2sh.MOM"
0.000127276610661702,-4.97126214541708e-06,-5.68362820372904e-06,-1.68019910532704e-05,-1.58545208813458e-05,-1.64972762028706e-05
-4.97126214541708e-06,3.52846811886367e-05,1.83288579671873e-06,-7.76619011057848e-06,6.222972864751e-07,2.89898702149323e-07
-5.68362820372904e-06,1.83288579671873e-06,3.45799613518365e-05,1.11055461269693e-06,1.1837837786802e-05,-1.62038631541883e-05
-1.68019910532704e-05,-7.76619011057848e-06,1.11055461269693e-06,2.03064887691023e-05,4.07457042237935e-06,5.3955049188457e-06
-1.58545208813458e-05,6.222972864751e-07,1.1837837786802e-05,4.07457042237935e-06,1.68688151436204e-05,1.81983705066384e-06
-1.64972762028706e-05,2.89898702149323e-07,-1.62038631541883e-05,5.3955049188457e-06,1.81983705066384e-06,7.02189521819453e-05
