"M3sh.1","M3sh.2","M3sh.3","M3sh.4","M3sh.5","M3sh.6","M3sh.7","M3sh.8","M3sh.9","M3sh.10","M3sh.11","M3sh.12","M3sh.13","M3sh.14","M3sh.15","M3sh.16","M3sh.17","M3sh.18","M3sh.19","M3sh.20","M3sh.21","M3sh.22","M3sh.23","M3sh.24","M3sh.25","M3sh.26","M3sh.27","M3sh.28","M3sh.29","M3sh.30","M3sh.31","M3sh.32","M3sh.33","M3sh.34","M3sh.35","M3sh.36"
-4.54611546366667e-07,3.40275968329953e-08,1.43580788894388e-08,1.07483434189652e-08,-5.66153200503606e-09,-7.27910363540736e-08,3.40275968329953e-08,-8.74192069558567e-09,3.02669997568557e-09,-2.37591121184764e-10,5.8771742572572e-09,1.02036728962638e-08,1.43580788894388e-08,3.02669997568557e-09,-6.22807718349414e-10,-2.18593110157172e-09,4.63148110213033e-09,1.21627200109967e-08,1.07483434189652e-08,-2.37591121184764e-10,-2.18593110157172e-09,-1.71769499958939e-10,7.26814735503296e-10,9.22804041633036e-09,-5.66153200503606e-09,5.8771742572572e-09,4.63148110213033e-09,7.26814735503296e-10,8.53008560860962e-09,8.13925437126798e-09,-7.27910363540736e-08,1.02036728962638e-08,1.21627200109967e-08,9.22804041633036e-09,8.13925437126798e-09,-7.66792710466467e-10
3.40275968329953e-08,-8.74192069558567e-09,3.02669997568557e-09,-2.37591121184764e-10,5.8771742572572e-09,1.02036728962638e-08,-8.74192069558567e-09,-2.89868389013393e-07,9.10516373388657e-09,1.39709209005679e-08,8.87459997410054e-09,-1.29749246097074e-08,3.02669997568557e-09,9.10516373388657e-09,-6.81588086224012e-09,-3.6605885630152e-09,-6.10372492537852e-09,1.84297694970904e-09,-2.37591121184764e-10,1.39709209005679e-08,-3.6605885630152e-09,-6.29279716334208e-09,-4.09668416585858e-09,3.98711743208759e-09,5.8771742572572e-09,8.87459997410054e-09,-6.10372492537852e-09,-4.09668416585858e-09,-6.39894931143892e-09,2.15209719902726e-09,1.02036728962638e-08,-1.29749246097074e-08,1.84297694970904e-09,3.98711743208759e-09,2.15209719902726e-09,-1.13633567074565e-08
1.43580788894388e-08,3.02669997568557e-09,-6.22807718349414e-10,-2.18593110157172e-09,4.63148110213033e-09,1.21627200109967e-08,3.02669997568557e-09,9.10516373388657e-09,-6.81588086224012e-09,-3.6605885630152e-09,-6.10372492537852e-09,1.84297694970904e-09,-6.22807718349414e-10,-6.81588086224012e-09,-2.33170137051456e-07,3.36869999109459e-09,-1.75921620617706e-09,-9.10236933096887e-09,-2.18593110157172e-09,-3.6605885630152e-09,3.36869999109459e-09,1.9942091207253e-09,9.97495943497089e-10,-7.72057514416924e-09,4.63148110213033e-09,-6.10372492537852e-09,-1.75921620617706e-09,9.97495943497089e-10,-4.72343918209309e-09,-8.89418189632058e-09,1.21627200109967e-08,1.84297694970904e-09,-9.10236933096887e-09,-7.72057514416924e-09,-8.89418189632058e-09,-3.63264807000494e-09
1.07483434189652e-08,-2.37591121184764e-10,-2.18593110157172e-09,-1.71769499958939e-10,7.26814735503296e-10,9.22804041633036e-09,-2.37591121184764e-10,1.39709209005679e-08,-3.6605885630152e-09,-6.29279716334208e-09,-4.09668416585858e-09,3.98711743208759e-09,-2.18593110157172e-09,-3.6605885630152e-09,3.36869999109459e-09,1.9942091207253e-09,9.97495943497089e-10,-7.72057514416924e-09,-1.71769499958939e-10,-6.29279716334208e-09,1.9942091207253e-09,-2.30015613682512e-07,9.61990005141928e-10,-6.86471649361585e-09,7.26814735503296e-10,-4.09668416585858e-09,9.97495943497089e-10,9.61990005141928e-10,-1.04651248601095e-09,-6.97537405471425e-09,9.22804041633036e-09,3.98711743208759e-09,-7.72057514416924e-09,-6.86471649361585e-09,-6.97537405471425e-09,4.49762964180801e-09
-5.66153200503606e-09,5.8771742572572e-09,4.63148110213033e-09,7.26814735503296e-10,8.53008560860962e-09,8.13925437126798e-09,5.8771742572572e-09,8.87459997410054e-09,-6.10372492537852e-09,-4.09668416585858e-09,-6.39894931143892e-09,2.15209719902726e-09,4.63148110213033e-09,-6.10372492537852e-09,-1.75921620617706e-09,9.97495943497089e-10,-4.72343918209309e-09,-8.89418189632058e-09,7.26814735503296e-10,-4.09668416585858e-09,9.97495943497089e-10,9.61990005141928e-10,-1.04651248601095e-09,-6.97537405471425e-09,8.53008560860962e-09,-6.39894931143892e-09,-4.72343918209309e-09,-1.04651248601095e-09,-2.4295067467345e-07,-1.12256780273567e-08,8.13925437126798e-09,2.15209719902726e-09,-8.89418189632058e-09,-6.97537405471425e-09,-1.12256780273567e-08,-1.14475292064558e-08
-7.27910363540736e-08,1.02036728962638e-08,1.21627200109967e-08,9.22804041633036e-09,8.13925437126798e-09,-7.66792710466467e-10,1.02036728962638e-08,-1.29749246097074e-08,1.84297694970904e-09,3.98711743208759e-09,2.15209719902726e-09,-1.13633567074565e-08,1.21627200109967e-08,1.84297694970904e-09,-9.10236933096887e-09,-7.72057514416924e-09,-8.89418189632058e-09,-3.63264807000494e-09,9.22804041633036e-09,3.98711743208759e-09,-7.72057514416924e-09,-6.86471649361585e-09,-6.97537405471425e-09,4.49762964180801e-09,8.13925437126798e-09,2.15209719902726e-09,-8.89418189632058e-09,-6.97537405471425e-09,-1.12256780273567e-08,-1.14475292064558e-08,-7.66792710466467e-10,-1.13633567074565e-08,-3.63264807000494e-09,4.49762964180801e-09,-1.14475292064558e-08,-2.95079475929321e-07
