"M2sh.Mkt.RF","M2sh.SMB","M2sh.HML","M2sh.RMW","M2sh.CMA","M2sh.MOM"
9.08313368433143e-05,-1.74903269192783e-05,-2.60194489603407e-05,-8.5093788525829e-06,-1.69383564039318e-05,4.53977795652618e-06
-1.74903269192783e-05,3.00161181046312e-05,1.4830839283539e-06,-6.52308151790618e-06,1.08504682273036e-06,3.7484860653798e-06
-2.60194489603407e-05,1.4830839283539e-06,2.20395629907309e-05,4.01653988788144e-06,1.28230910987497e-05,-1.39304431824935e-06
-8.5093788525829e-06,-6.52308151790618e-06,4.01653988788144e-06,1.70533768986932e-05,3.165924189778e-06,1.43996442180553e-06
-1.69383564039318e-05,1.08504682273036e-06,1.28230910987497e-05,3.165924189778e-06,1.60133873464502e-05,1.09529734595252e-06
4.53977795652618e-06,3.7484860653798e-06,-1.39304431824935e-06,1.43996442180553e-06,1.09529734595252e-06,3.98031945314985e-05
