"M2sh.Mkt.RF","M2sh.SMB","M2sh.HML","M2sh.RMW","M2sh.CMA","M2sh.MOM"
9.05719756256452e-05,-1.78324364433023e-05,-2.59239757117926e-05,-8.48326157390939e-06,-1.69096163073655e-05,4.24305740950548e-06
-1.78324364433023e-05,2.97798132351527e-05,1.52471039506798e-06,-6.51841245664753e-06,1.09950546150309e-06,3.47520955669709e-06
-2.59239757117926e-05,1.52471039506798e-06,2.20476856803462e-05,3.98925820528423e-06,1.28401364884812e-05,-1.35405211428069e-06
-8.48326157390939e-06,-6.51841245664753e-06,3.98925820528423e-06,1.7022449871516e-05,3.17003611569777e-06,1.42961863975155e-06
-1.69096163073655e-05,1.09950546150309e-06,1.28401364884812e-05,3.17003611569777e-06,1.60131982268422e-05,1.12997236512354e-06
4.24305740950548e-06,3.47520955669709e-06,-1.35405211428069e-06,1.42961863975155e-06,1.12997236512354e-06,3.93870368633399e-05
