"M3sh.1","M3sh.2","M3sh.3","M3sh.4","M3sh.5","M3sh.6","M3sh.7","M3sh.8","M3sh.9","M3sh.10","M3sh.11","M3sh.12","M3sh.13","M3sh.14","M3sh.15","M3sh.16","M3sh.17","M3sh.18","M3sh.19","M3sh.20","M3sh.21","M3sh.22","M3sh.23","M3sh.24","M3sh.25","M3sh.26","M3sh.27","M3sh.28","M3sh.29","M3sh.30","M3sh.31","M3sh.32","M3sh.33","M3sh.34","M3sh.35","M3sh.36"
-5.38956381903383e-07,2.27027052372501e-08,-1.1855880409158e-08,1.86745447527942e-08,-1.05124966118783e-09,-6.02043371165978e-08,2.27027052372501e-08,-2.57167412339051e-11,6.17412665113948e-09,-2.67509650224922e-09,5.82213381901301e-09,1.00640154967541e-08,-1.1855880409158e-08,6.17412665113948e-09,-1.58129796454329e-09,-2.48737512181714e-09,3.88138616647414e-09,4.27067912382416e-09,1.86745447527942e-08,-2.67509650224922e-09,-2.48737512181714e-09,1.05981969648526e-09,1.26673314935228e-09,1.00091489749477e-08,-1.05124966118783e-09,5.82213381901301e-09,3.88138616647414e-09,1.26673314935228e-09,8.59475966705311e-09,8.08342855935548e-09,-6.02043371165978e-08,1.00640154967541e-08,4.27067912382416e-09,1.00091489749477e-08,8.08342855935548e-09,2.48705704612658e-08
2.27027052372501e-08,-2.57167412339051e-11,6.17412665113948e-09,-2.67509650224922e-09,5.82213381901301e-09,1.00640154967541e-08,-2.57167412339051e-11,-3.38633695453634e-07,1.02324482724097e-08,1.23784545269955e-08,7.74688451584665e-09,-1.27729862649514e-08,6.17412665113948e-09,1.02324482724097e-08,-3.89076708627876e-09,-4.61263161011295e-09,-6.12988518968729e-09,-3.20707848648085e-09,-2.67509650224922e-09,1.23784545269955e-08,-4.61263161011295e-09,-5.65611289119151e-09,-4.11072326411661e-09,4.13494903230496e-09,5.82213381901301e-09,7.74688451584665e-09,-6.12988518968729e-09,-4.11072326411661e-09,-6.27546219169896e-09,1.54831645223287e-09,1.00640154967541e-08,-1.27729862649514e-08,-3.20707848648085e-09,4.13494903230496e-09,1.54831645223287e-09,5.07016994256811e-10
-1.1855880409158e-08,6.17412665113948e-09,-1.58129796454329e-09,-2.48737512181714e-09,3.88138616647414e-09,4.27067912382416e-09,6.17412665113948e-09,1.02324482724097e-08,-3.89076708627876e-09,-4.61263161011295e-09,-6.12988518968729e-09,-3.20707848648085e-09,-1.58129796454329e-09,-3.89076708627876e-09,-2.79385147090443e-07,-6.48785762331244e-10,-2.94236769792559e-09,-2.8800179243114e-08,-2.48737512181714e-09,-4.61263161011295e-09,-6.48785762331244e-10,4.04954537667398e-09,1.12106700534424e-09,-2.13448869102001e-09,3.88138616647414e-09,-6.12988518968729e-09,-2.94236769792559e-09,1.12106700534424e-09,-4.2851312059509e-09,-7.33318123172969e-09,4.27067912382416e-09,-3.20707848648085e-09,-2.8800179243114e-08,-2.13448869102001e-09,-7.33318123172969e-09,2.90441242952794e-08
1.86745447527942e-08,-2.67509650224922e-09,-2.48737512181714e-09,1.05981969648526e-09,1.26673314935228e-09,1.00091489749477e-08,-2.67509650224922e-09,1.23784545269955e-08,-4.61263161011295e-09,-5.65611289119151e-09,-4.11072326411661e-09,4.13494903230496e-09,-2.48737512181714e-09,-4.61263161011295e-09,-6.48785762331244e-10,4.04954537667398e-09,1.12106700534424e-09,-2.13448869102001e-09,1.05981969648526e-09,-5.65611289119151e-09,4.04954537667398e-09,-2.86940028873526e-07,7.28348146048023e-10,-8.849366861749e-09,1.26673314935228e-09,-4.11072326411661e-09,1.12106700534424e-09,7.28348146048023e-10,-1.25134685212629e-09,-7.13817033327944e-09,1.00091489749477e-08,4.13494903230496e-09,-2.13448869102001e-09,-8.849366861749e-09,-7.13817033327944e-09,-3.93444980620004e-09
-1.05124966118783e-09,5.82213381901301e-09,3.88138616647414e-09,1.26673314935228e-09,8.59475966705311e-09,8.08342855935548e-09,5.82213381901301e-09,7.74688451584665e-09,-6.12988518968729e-09,-4.11072326411661e-09,-6.27546219169896e-09,1.54831645223287e-09,3.88138616647414e-09,-6.12988518968729e-09,-2.94236769792559e-09,1.12106700534424e-09,-4.2851312059509e-09,-7.33318123172969e-09,1.26673314935228e-09,-4.11072326411661e-09,1.12106700534424e-09,7.28348146048023e-10,-1.25134685212629e-09,-7.13817033327944e-09,8.59475966705311e-09,-6.27546219169896e-09,-4.2851312059509e-09,-1.25134685212629e-09,-2.98639919704816e-07,-1.21979452442138e-08,8.08342855935548e-09,1.54831645223287e-09,-7.33318123172969e-09,-7.13817033327944e-09,-1.21979452442138e-08,-1.52425578883246e-08
-6.02043371165978e-08,1.00640154967541e-08,4.27067912382416e-09,1.00091489749477e-08,8.08342855935548e-09,2.48705704612658e-08,1.00640154967541e-08,-1.27729862649514e-08,-3.20707848648085e-09,4.13494903230496e-09,1.54831645223287e-09,5.07016994256811e-10,4.27067912382416e-09,-3.20707848648085e-09,-2.8800179243114e-08,-2.13448869102001e-09,-7.33318123172969e-09,2.90441242952794e-08,1.00091489749477e-08,4.13494903230496e-09,-2.13448869102001e-09,-8.849366861749e-09,-7.13817033327944e-09,-3.93444980620004e-09,8.08342855935548e-09,1.54831645223287e-09,-7.33318123172969e-09,-7.13817033327944e-09,-1.21979452442138e-08,-1.52425578883246e-08,2.48705704612658e-08,5.07016994256811e-10,2.90441242952794e-08,-3.93444980620004e-09,-1.52425578883246e-08,-4.14918261990712e-07
