"M2sh.Mkt.RF","M2sh.SMB","M2sh.HML","M2sh.RMW","M2sh.CMA","M2sh.MOM"
9.15773648995581e-05,-1.88394593045017e-05,-2.56854232778173e-05,-8.405317560479e-06,-1.68537352985014e-05,4.35557665864471e-06
-1.88394593045017e-05,2.96850554371551e-05,1.72100504016218e-06,-6.63149243241463e-06,1.18791988566821e-06,3.14070794682377e-06
-2.56854232778173e-05,1.72100504016218e-06,2.22281466553665e-05,3.82691949417874e-06,1.29612077589694e-05,-1.3798676245258e-06
-8.405317560479e-06,-6.63149243241463e-06,3.82691949417874e-06,1.69417694529983e-05,3.14495171183318e-06,1.2612860662125e-06
-1.68537352985014e-05,1.18791988566821e-06,1.29612077589694e-05,3.14495171183318e-06,1.60810769177326e-05,1.27713351594847e-06
4.35557665864471e-06,3.14070794682377e-06,-1.3798676245258e-06,1.2612860662125e-06,1.27713351594847e-06,3.89793311779114e-05
