"M3sh.1","M3sh.2","M3sh.3","M3sh.4","M3sh.5","M3sh.6","M3sh.7","M3sh.8","M3sh.9","M3sh.10","M3sh.11","M3sh.12","M3sh.13","M3sh.14","M3sh.15","M3sh.16","M3sh.17","M3sh.18","M3sh.19","M3sh.20","M3sh.21","M3sh.22","M3sh.23","M3sh.24","M3sh.25","M3sh.26","M3sh.27","M3sh.28","M3sh.29","M3sh.30","M3sh.31","M3sh.32","M3sh.33","M3sh.34","M3sh.35","M3sh.36"
-4.40809165443066e-07,3.13773273459104e-08,1.32186056791463e-08,1.03348628087824e-08,-5.17682448504995e-09,-6.57158793623401e-08,3.13773273459104e-08,-8.05686571763939e-09,3.00290278805454e-09,-2.16338401326178e-10,5.64379486284959e-09,9.40863521520665e-09,1.32186056791463e-08,3.00290278805454e-09,-5.76029978714587e-10,-2.1708468781207e-09,4.35890027985139e-09,1.15586189385195e-08,1.03348628087824e-08,-2.16338401326178e-10,-2.1708468781207e-09,-2.15559176026395e-10,6.00098092338775e-10,8.7022028221365e-09,-5.17682448504995e-09,5.64379486284959e-09,4.35890027985139e-09,6.00098092338775e-10,7.93354610743739e-09,7.37793954094751e-09,-6.57158793623401e-08,9.40863521520665e-09,1.15586189385195e-08,8.7022028221365e-09,7.37793954094751e-09,-2.87578558382122e-09
3.13773273459104e-08,-8.05686571763939e-09,3.00290278805454e-09,-2.16338401326178e-10,5.64379486284959e-09,9.40863521520665e-09,-8.05686571763939e-09,-2.87173310685028e-07,8.38740021066846e-09,1.31333147615432e-08,8.25730710215149e-09,-1.20000937792039e-08,3.00290278805454e-09,8.38740021066846e-09,-6.57755152568573e-09,-3.47019925946057e-09,-5.85173995857275e-09,1.94895333220251e-09,-2.16338401326178e-10,1.31333147615432e-08,-3.47019925946057e-09,-6.0468916257201e-09,-3.84260618565511e-09,3.77697001453481e-09,5.64379486284959e-09,8.25730710215149e-09,-5.85173995857275e-09,-3.84260618565511e-09,-6.09877385296145e-09,2.12983082349596e-09,9.40863521520665e-09,-1.20000937792039e-08,1.94895333220251e-09,3.77697001453481e-09,2.12983082349596e-09,-1.14217713388537e-08
1.32186056791463e-08,3.00290278805454e-09,-5.76029978714587e-10,-2.1708468781207e-09,4.35890027985139e-09,1.15586189385195e-08,3.00290278805454e-09,8.38740021066846e-09,-6.57755152568573e-09,-3.47019925946057e-09,-5.85173995857275e-09,1.94895333220251e-09,-5.76029978714587e-10,-6.57755152568573e-09,-2.34051672799898e-07,3.07474645561089e-09,-1.81602865842387e-09,-7.90381103644326e-09,-2.1708468781207e-09,-3.47019925946057e-09,3.07474645561089e-09,1.81718323695251e-09,8.99772953765115e-10,-6.99068666021982e-09,4.35890027985139e-09,-5.85173995857275e-09,-1.81602865842387e-09,8.99772953765115e-10,-4.54085890401547e-09,-8.10646199415828e-09,1.15586189385195e-08,1.94895333220251e-09,-7.90381103644326e-09,-6.99068666021982e-09,-8.10646199415828e-09,-4.94958629472149e-09
1.03348628087824e-08,-2.16338401326178e-10,-2.1708468781207e-09,-2.15559176026395e-10,6.00098092338775e-10,8.7022028221365e-09,-2.16338401326178e-10,1.31333147615432e-08,-3.47019925946057e-09,-6.0468916257201e-09,-3.84260618565511e-09,3.77697001453481e-09,-2.1708468781207e-09,-3.47019925946057e-09,3.07474645561089e-09,1.81718323695251e-09,8.99772953765115e-10,-6.99068666021982e-09,-2.15559176026395e-10,-6.0468916257201e-09,1.81718323695251e-09,-2.30752384424312e-07,8.30680195478398e-10,-6.2439318124754e-09,6.00098092338775e-10,-3.84260618565511e-09,8.99772953765115e-10,8.30680195478398e-10,-1.01263364883059e-09,-6.40191962115414e-09,8.7022028221365e-09,3.77697001453481e-09,-6.99068666021982e-09,-6.2439318124754e-09,-6.40191962115414e-09,3.91852343407278e-09
-5.17682448504995e-09,5.64379486284959e-09,4.35890027985139e-09,6.00098092338775e-10,7.93354610743739e-09,7.37793954094751e-09,5.64379486284959e-09,8.25730710215149e-09,-5.85173995857275e-09,-3.84260618565511e-09,-6.09877385296145e-09,2.12983082349596e-09,4.35890027985139e-09,-5.85173995857275e-09,-1.81602865842387e-09,8.99772953765115e-10,-4.54085890401547e-09,-8.10646199415828e-09,6.00098092338775e-10,-3.84260618565511e-09,8.99772953765115e-10,8.30680195478398e-10,-1.01263364883059e-09,-6.40191962115414e-09,7.93354610743739e-09,-6.09877385296145e-09,-4.54085890401547e-09,-1.01263364883059e-09,-2.43005531487243e-07,-1.02777817740347e-08,7.37793954094751e-09,2.12983082349596e-09,-8.10646199415828e-09,-6.40191962115414e-09,-1.02777817740347e-08,-1.09238978875665e-08
-6.57158793623401e-08,9.40863521520665e-09,1.15586189385195e-08,8.7022028221365e-09,7.37793954094751e-09,-2.87578558382122e-09,9.40863521520665e-09,-1.20000937792039e-08,1.94895333220251e-09,3.77697001453481e-09,2.12983082349596e-09,-1.14217713388537e-08,1.15586189385195e-08,1.94895333220251e-09,-7.90381103644326e-09,-6.99068666021982e-09,-8.10646199415828e-09,-4.94958629472149e-09,8.7022028221365e-09,3.77697001453481e-09,-6.99068666021982e-09,-6.2439318124754e-09,-6.40191962115414e-09,3.91852343407278e-09,7.37793954094751e-09,2.12983082349596e-09,-8.10646199415828e-09,-6.40191962115414e-09,-1.02777817740347e-08,-1.09238978875665e-08,-2.87578558382122e-09,-1.14217713388537e-08,-4.94958629472149e-09,3.91852343407278e-09,-1.09238978875665e-08,-2.86218341646227e-07
