"M3sh.1","M3sh.2","M3sh.3","M3sh.4","M3sh.5","M3sh.6","M3sh.7","M3sh.8","M3sh.9","M3sh.10","M3sh.11","M3sh.12","M3sh.13","M3sh.14","M3sh.15","M3sh.16","M3sh.17","M3sh.18","M3sh.19","M3sh.20","M3sh.21","M3sh.22","M3sh.23","M3sh.24","M3sh.25","M3sh.26","M3sh.27","M3sh.28","M3sh.29","M3sh.30","M3sh.31","M3sh.32","M3sh.33","M3sh.34","M3sh.35","M3sh.36"
-5.43168992435264e-07,2.26074323803449e-08,-1.10606992975237e-08,1.90719332347378e-08,-8.66838840793575e-10,-6.20668846905243e-08,2.26074323803449e-08,-1.17841898186031e-10,7.31434246794519e-09,-2.85655328984788e-09,6.33596066912002e-09,1.0030796641332e-08,-1.10606992975237e-08,7.31434246794519e-09,-1.46918556396864e-09,-2.8774644042167e-09,4.17301114524649e-09,5.22362554536099e-09,1.90719332347378e-08,-2.85655328984788e-09,-2.8774644042167e-09,1.45157954496423e-09,1.09120014313993e-09,1.04609402359691e-08,-8.66838840793575e-10,6.33596066912002e-09,4.17301114524649e-09,1.09120014313993e-09,8.86928641500458e-09,8.26331923194319e-09,-6.20668846905243e-08,1.0030796641332e-08,5.22362554536099e-09,1.04609402359691e-08,8.26331923194319e-09,2.55980051599782e-08
2.26074323803449e-08,-1.17841898186031e-10,7.31434246794519e-09,-2.85655328984788e-09,6.33596066912002e-09,1.0030796641332e-08,-1.17841898186031e-10,-3.38712005645492e-07,1.05516167856377e-08,1.2757869685843e-08,7.98996074690175e-09,-1.31606696575199e-08,7.31434246794519e-09,1.05516167856377e-08,-4.25789210091359e-09,-4.62394613400669e-09,-6.37410190588152e-09,-2.68767124079774e-09,-2.85655328984788e-09,1.2757869685843e-08,-4.62394613400669e-09,-5.8751846044059e-09,-4.185220389099e-09,4.0826600858032e-09,6.33596066912002e-09,7.98996074690175e-09,-6.37410190588152e-09,-4.185220389099e-09,-6.52943786538487e-09,1.81423749330766e-09,1.0030796641332e-08,-1.31606696575199e-08,-2.68767124079774e-09,4.0826600858032e-09,1.81423749330766e-09,-6.77939726420069e-11
-1.10606992975237e-08,7.31434246794519e-09,-1.46918556396864e-09,-2.8774644042167e-09,4.17301114524649e-09,5.22362554536099e-09,7.31434246794519e-09,1.05516167856377e-08,-4.25789210091359e-09,-4.62394613400669e-09,-6.37410190588152e-09,-2.68767124079774e-09,-1.46918556396864e-09,-4.25789210091359e-09,-2.77745647328776e-07,-5.42981941621715e-10,-2.95836727136636e-09,-2.94886672962346e-08,-2.8774644042167e-09,-4.62394613400669e-09,-5.42981941621715e-10,3.97638702243018e-09,1.22395106410913e-09,-2.35593170475841e-09,4.17301114524649e-09,-6.37410190588152e-09,-2.95836727136636e-09,1.22395106410913e-09,-4.4196859368843e-09,-7.43969276398126e-09,5.22362554536099e-09,-2.68767124079774e-09,-2.94886672962346e-08,-2.35593170475841e-09,-7.43969276398126e-09,3.00671654397205e-08
1.90719332347378e-08,-2.85655328984788e-09,-2.8774644042167e-09,1.45157954496423e-09,1.09120014313993e-09,1.04609402359691e-08,-2.85655328984788e-09,1.2757869685843e-08,-4.62394613400669e-09,-5.8751846044059e-09,-4.185220389099e-09,4.0826600858032e-09,-2.8774644042167e-09,-4.62394613400669e-09,-5.42981941621715e-10,3.97638702243018e-09,1.22395106410913e-09,-2.35593170475841e-09,1.45157954496423e-09,-5.8751846044059e-09,3.97638702243018e-09,-2.8562035160858e-07,6.97423975952205e-10,-8.93788259541915e-09,1.09120014313993e-09,-4.185220389099e-09,1.22395106410913e-09,6.97423975952205e-10,-1.19783555028349e-09,-7.41566334081172e-09,1.04609402359691e-08,4.0826600858032e-09,-2.35593170475841e-09,-8.93788259541915e-09,-7.41566334081172e-09,-4.02619628272276e-09
-8.66838840793575e-10,6.33596066912002e-09,4.17301114524649e-09,1.09120014313993e-09,8.86928641500458e-09,8.26331923194319e-09,6.33596066912002e-09,7.98996074690175e-09,-6.37410190588152e-09,-4.185220389099e-09,-6.52943786538487e-09,1.81423749330766e-09,4.17301114524649e-09,-6.37410190588152e-09,-2.95836727136636e-09,1.22395106410913e-09,-4.4196859368843e-09,-7.43969276398126e-09,1.09120014313993e-09,-4.185220389099e-09,1.22395106410913e-09,6.97423975952205e-10,-1.19783555028349e-09,-7.41566334081172e-09,8.86928641500458e-09,-6.52943786538487e-09,-4.4196859368843e-09,-1.19783555028349e-09,-2.97601106962907e-07,-1.23840164302863e-08,8.26331923194319e-09,1.81423749330766e-09,-7.43969276398126e-09,-7.41566334081172e-09,-1.23840164302863e-08,-1.55011569091663e-08
-6.20668846905243e-08,1.0030796641332e-08,5.22362554536099e-09,1.04609402359691e-08,8.26331923194319e-09,2.55980051599782e-08,1.0030796641332e-08,-1.31606696575199e-08,-2.68767124079774e-09,4.0826600858032e-09,1.81423749330766e-09,-6.77939726420069e-11,5.22362554536099e-09,-2.68767124079774e-09,-2.94886672962346e-08,-2.35593170475841e-09,-7.43969276398126e-09,3.00671654397205e-08,1.04609402359691e-08,4.0826600858032e-09,-2.35593170475841e-09,-8.93788259541915e-09,-7.41566334081172e-09,-4.02619628272276e-09,8.26331923194319e-09,1.81423749330766e-09,-7.43969276398126e-09,-7.41566334081172e-09,-1.23840164302863e-08,-1.55011569091663e-08,2.55980051599782e-08,-6.77939726420069e-11,3.00671654397205e-08,-4.02619628272276e-09,-1.55011569091663e-08,-4.16732698021167e-07
