"M2sh.Mkt.RF","M2sh.SMB","M2sh.HML","M2sh.RMW","M2sh.CMA","M2sh.MOM"
9.36879136707281e-05,-1.6295762279554e-05,-2.57376291064817e-05,-8.47111158478668e-06,-1.71453162559017e-05,4.49459380431587e-06
-1.6295762279554e-05,3.07133173643918e-05,1.35612980212924e-06,-6.49086520851779e-06,1.01194502847375e-06,3.38502957149842e-06
-2.57376291064817e-05,1.35612980212924e-06,2.23656694654049e-05,4.14910802159881e-06,1.29285698803297e-05,-2.0099246644768e-06
-8.47111158478668e-06,-6.49086520851779e-06,4.14910802159881e-06,1.72050577542721e-05,3.21639223603416e-06,1.52473039984504e-06
-1.71453162559017e-05,1.01194502847375e-06,1.29285698803297e-05,3.21639223603416e-06,1.62361863647499e-05,8.57051484391176e-07
4.49459380431587e-06,3.38502957149842e-06,-2.0099246644768e-06,1.52473039984504e-06,8.57051484391176e-07,4.14677048497226e-05
