"M2sh.Mkt.RF","M2sh.SMB","M2sh.HML","M2sh.RMW","M2sh.CMA","M2sh.MOM"
9.14163435051771e-05,-1.85421173059123e-05,-2.56599992116668e-05,-8.45306065772096e-06,-1.67938376632424e-05,4.43934135253308e-06
-1.85421173059123e-05,2.97138244398533e-05,1.69425962003324e-06,-6.60364865307548e-06,1.15849618878699e-06,3.20505666638383e-06
-2.56599992116668e-05,1.69425962003324e-06,2.22255065775743e-05,3.85410593184897e-06,1.2933605342647e-05,-1.32564835752621e-06
-8.45306065772096e-06,-6.60364865307548e-06,3.85410593184897e-06,1.69422929534439e-05,3.15897039244638e-06,1.30149513710624e-06
-1.67938376632424e-05,1.15849618878699e-06,1.2933605342647e-05,3.15897039244638e-06,1.60622379144113e-05,1.24349681425306e-06
4.43934135253308e-06,3.20505666638383e-06,-1.32564835752621e-06,1.30149513710624e-06,1.24349681425306e-06,3.91430067064647e-05
