"M3sh.1","M3sh.2","M3sh.3","M3sh.4","M3sh.5","M3sh.6","M3sh.7","M3sh.8","M3sh.9","M3sh.10","M3sh.11","M3sh.12","M3sh.13","M3sh.14","M3sh.15","M3sh.16","M3sh.17","M3sh.18","M3sh.19","M3sh.20","M3sh.21","M3sh.22","M3sh.23","M3sh.24","M3sh.25","M3sh.26","M3sh.27","M3sh.28","M3sh.29","M3sh.30","M3sh.31","M3sh.32","M3sh.33","M3sh.34","M3sh.35","M3sh.36"
-4.36696505561562e-07,3.61457361683239e-08,2.22068893876633e-08,1.42293040286931e-08,1.33199962686135e-09,-6.80315848567942e-08,3.61457361683239e-08,-8.13916017117959e-09,3.19814423686586e-09,-1.52682605596114e-09,4.77200866366792e-09,9.11581544645269e-09,2.22068893876633e-08,3.19814423686586e-09,-1.84233179391417e-09,-4.88453937696781e-09,3.56175011560077e-10,7.04269218130486e-09,1.42293040286931e-08,-1.52682605596114e-09,-4.88453937696781e-09,-9.21569155875829e-10,-2.58990087370121e-09,6.47665422578193e-09,1.33199962686135e-09,4.77200866366792e-09,3.56175011560077e-10,-2.58990087370121e-09,1.42031824284582e-09,1.79640431797106e-09,-6.80315848567942e-08,9.11581544645269e-09,7.04269218130486e-09,6.47665422578193e-09,1.79640431797106e-09,-1.32945031698213e-08
3.61457361683239e-08,-8.13916017117959e-09,3.19814423686586e-09,-1.52682605596114e-09,4.77200866366792e-09,9.11581544645269e-09,-8.13916017117959e-09,-2.64386983671299e-07,9.22972117033534e-09,1.48080254132795e-08,9.18290554905939e-09,-1.29563330044072e-08,3.19814423686586e-09,9.22972117033534e-09,-5.76634733474646e-09,-3.41930891668111e-09,-4.7659243733224e-09,2.68406464352559e-09,-1.52682605596114e-09,1.48080254132795e-08,-3.41930891668111e-09,-5.88121196107204e-09,-3.9051483902833e-09,5.10975248129333e-09,4.77200866366792e-09,9.18290554905939e-09,-4.7659243733224e-09,-3.9051483902833e-09,-4.54894419402779e-09,3.66324791369635e-09,9.11581544645269e-09,-1.29563330044072e-08,2.68406464352559e-09,5.10975248129333e-09,3.66324791369635e-09,-7.84270223415943e-09
2.22068893876633e-08,3.19814423686586e-09,-1.84233179391417e-09,-4.88453937696781e-09,3.56175011560077e-10,7.04269218130486e-09,3.19814423686586e-09,9.22972117033534e-09,-5.76634733474646e-09,-3.41930891668111e-09,-4.7659243733224e-09,2.68406464352559e-09,-1.84233179391417e-09,-5.76634733474646e-09,-2.04870748586569e-07,2.93466537080439e-09,1.31845735544343e-09,-4.94011565429411e-09,-4.88453937696781e-09,-3.41930891668111e-09,2.93466537080439e-09,2.49094202808782e-09,2.46168307530758e-09,-3.73261736473903e-09,3.56175011560077e-10,-4.7659243733224e-09,1.31845735544343e-09,2.46168307530758e-09,4.42385799462699e-10,-2.76766380390063e-09,7.04269218130486e-09,2.68406464352559e-09,-4.94011565429411e-09,-3.73261736473903e-09,-2.76766380390063e-09,6.30611281247796e-09
1.42293040286931e-08,-1.52682605596114e-09,-4.88453937696781e-09,-9.21569155875829e-10,-2.58990087370121e-09,6.47665422578193e-09,-1.52682605596114e-09,1.48080254132795e-08,-3.41930891668111e-09,-5.88121196107204e-09,-3.9051483902833e-09,5.10975248129333e-09,-4.88453937696781e-09,-3.41930891668111e-09,2.93466537080439e-09,2.49094202808782e-09,2.46168307530758e-09,-3.73261736473903e-09,-9.21569155875829e-10,-5.88121196107204e-09,2.49094202808782e-09,-2.03974760080239e-07,2.26993153512293e-09,-5.68793368982129e-09,-2.58990087370121e-09,-3.9051483902833e-09,2.46168307530758e-09,2.26993153512293e-09,1.8877968270252e-09,-3.12688341654164e-09,6.47665422578193e-09,5.10975248129333e-09,-3.73261736473903e-09,-5.68793368982129e-09,-3.12688341654164e-09,9.89056318883344e-09
1.33199962686135e-09,4.77200866366792e-09,3.56175011560077e-10,-2.58990087370121e-09,1.42031824284582e-09,1.79640431797106e-09,4.77200866366792e-09,9.18290554905939e-09,-4.7659243733224e-09,-3.9051483902833e-09,-4.54894419402779e-09,3.66324791369635e-09,3.56175011560077e-10,-4.7659243733224e-09,1.31845735544343e-09,2.46168307530758e-09,4.42385799462699e-10,-2.76766380390063e-09,-2.58990087370121e-09,-3.9051483902833e-09,2.46168307530758e-09,2.26993153512293e-09,1.8877968270252e-09,-3.12688341654164e-09,1.42031824284582e-09,-4.54894419402779e-09,4.42385799462699e-10,1.8877968270252e-09,-2.0768663745995e-07,-1.86647557087218e-09,1.79640431797106e-09,3.66324791369635e-09,-2.76766380390063e-09,-3.12688341654164e-09,-1.86647557087218e-09,2.36409108656026e-09
-6.80315848567942e-08,9.11581544645269e-09,7.04269218130486e-09,6.47665422578193e-09,1.79640431797106e-09,-1.32945031698213e-08,9.11581544645269e-09,-1.29563330044072e-08,2.68406464352559e-09,5.10975248129333e-09,3.66324791369635e-09,-7.84270223415943e-09,7.04269218130486e-09,2.68406464352559e-09,-4.94011565429411e-09,-3.73261736473903e-09,-2.76766380390063e-09,6.30611281247796e-09,6.47665422578193e-09,5.10975248129333e-09,-3.73261736473903e-09,-5.68793368982129e-09,-3.12688341654164e-09,9.89056318883344e-09,1.79640431797106e-09,3.66324791369635e-09,-2.76766380390063e-09,-3.12688341654164e-09,-1.86647557087218e-09,2.36409108656026e-09,-1.32945031698213e-08,-7.84270223415943e-09,6.30611281247796e-09,9.89056318883344e-09,2.36409108656026e-09,-2.39394948283401e-07
