"M2sh.Mkt.RF","M2sh.SMB","M2sh.HML","M2sh.RMW","M2sh.CMA","M2sh.MOM"
0.000126931781730754,-1.1154780486094e-05,-1.00280644410457e-05,-1.48431722906627e-05,-1.66916019948979e-05,-1.59638536648794e-05
-1.1154780486094e-05,3.48063074091058e-05,2.76329707660176e-06,-6.9883558690026e-06,1.29514775974617e-06,1.58793285958138e-06
-1.00280644410457e-05,2.76329707660176e-06,3.38505010380503e-05,1.07944708048544e-06,1.19927227319681e-05,-1.34333784279913e-05
-1.48431722906627e-05,-6.9883558690026e-06,1.07944708048544e-06,1.93026702563822e-05,3.55691177178178e-06,4.80268646830631e-06
-1.66916019948979e-05,1.29514775974617e-06,1.19927227319681e-05,3.55691177178178e-06,1.68469348495402e-05,2.85383124871019e-06
-1.59638536648794e-05,1.58793285958138e-06,-1.34333784279913e-05,4.80268646830631e-06,2.85383124871019e-06,6.48948688642238e-05
