"M2sh.Mkt.RF","M2sh.SMB","M2sh.HML","M2sh.RMW","M2sh.CMA","M2sh.MOM"
7.2288407369512e-05,-1.49726603765841e-05,-1.83069353022479e-05,3.49089949382851e-06,-1.12363072249397e-05,4.35950378413386e-06
-1.49726603765841e-05,2.27708304262315e-05,1.88992771449587e-06,-3.82334424796848e-06,2.1404349601912e-08,-5.34097745732564e-07
-1.83069353022479e-05,1.88992771449587e-06,1.52748997695264e-05,-3.48887552743439e-06,8.31389809182666e-06,-1.18237607212517e-06
3.49089949382851e-06,-3.82334424796848e-06,-3.48887552743439e-06,5.95142981697563e-06,-2.31232696776682e-06,5.53686616700337e-07
-1.12363072249397e-05,2.1404349601912e-08,8.31389809182666e-06,-2.31232696776682e-06,9.58754138625397e-06,2.43636409192295e-07
4.35950378413386e-06,-5.34097745732564e-07,-1.18237607212517e-06,5.53686616700337e-07,2.43636409192295e-07,2.15149019116026e-05
