"M3sh.1","M3sh.2","M3sh.3","M3sh.4","M3sh.5","M3sh.6","M3sh.7","M3sh.8","M3sh.9","M3sh.10","M3sh.11","M3sh.12","M3sh.13","M3sh.14","M3sh.15","M3sh.16","M3sh.17","M3sh.18","M3sh.19","M3sh.20","M3sh.21","M3sh.22","M3sh.23","M3sh.24","M3sh.25","M3sh.26","M3sh.27","M3sh.28","M3sh.29","M3sh.30","M3sh.31","M3sh.32","M3sh.33","M3sh.34","M3sh.35","M3sh.36"
-2.51657200244117e-07,6.11476815775285e-09,2.19680004521963e-09,1.21186542166827e-09,-5.3947530103419e-10,-9.9440812766079e-09,6.11476815775285e-09,-1.78482979761682e-09,8.31456460349613e-11,-4.59896902833957e-10,3.90359817646993e-10,1.42562521892709e-09,2.19680004521963e-09,8.31456460349613e-11,2.47705119900744e-10,-3.34628743750767e-10,4.17844106705014e-10,9.19383305063057e-10,1.21186542166827e-09,-4.59896902833957e-10,-3.34628743750767e-10,1.77646533111902e-10,-1.49334631581713e-10,5.46230857212162e-10,-5.3947530103419e-10,3.90359817646993e-10,4.17844106705014e-10,-1.49334631581713e-10,4.3250100021491e-10,3.06570279711833e-10,-9.9440812766079e-09,1.42562521892709e-09,9.19383305063057e-10,5.46230857212162e-10,3.06570279711833e-10,-1.3923835297152e-09
6.11476815775285e-09,-1.78482979761682e-09,8.31456460349613e-11,-4.59896902833957e-10,3.90359817646993e-10,1.42562521892709e-09,-1.78482979761682e-09,-2.2869655098029e-07,1.39947209858676e-09,1.79367037130785e-09,1.25092206227943e-09,-1.43911785264684e-09,8.31456460349613e-11,1.39947209858676e-09,-5.2513293047866e-10,-2.04307004666559e-10,-4.22726046099218e-10,-2.78274468053515e-11,-4.59896902833957e-10,1.79367037130785e-09,-2.04307004666559e-10,-4.13942909365713e-10,-2.33726498064998e-10,6.40874615728414e-11,3.90359817646993e-10,1.25092206227943e-09,-4.22726046099218e-10,-2.33726498064998e-10,-3.79059266394179e-10,1.58531368285563e-10,1.42562521892709e-09,-1.43911785264684e-09,-2.78274468053515e-11,6.40874615728414e-11,1.58531368285563e-10,-3.08689637629292e-11
2.19680004521963e-09,8.31456460349613e-11,2.47705119900744e-10,-3.34628743750767e-10,4.17844106705014e-10,9.19383305063057e-10,8.31456460349613e-11,1.39947209858676e-09,-5.2513293047866e-10,-2.04307004666559e-10,-4.22726046099218e-10,-2.78274468053515e-11,2.47705119900744e-10,-5.2513293047866e-10,-2.20753025402965e-07,9.76799249692983e-11,-1.1068191134625e-10,-5.24586375125072e-10,-3.34628743750767e-10,-2.04307004666559e-10,9.76799249692983e-11,4.24680136304456e-11,9.36184051639187e-11,1.66197790259926e-11,4.17844106705014e-10,-4.22726046099218e-10,-1.1068191134625e-10,9.36184051639187e-11,-1.36544502070774e-10,-2.71556451997434e-10,9.19383305063057e-10,-2.78274468053515e-11,-5.24586375125072e-10,1.66197790259926e-11,-2.71556451997434e-10,-5.24165608472344e-12
1.21186542166827e-09,-4.59896902833957e-10,-3.34628743750767e-10,1.77646533111902e-10,-1.49334631581713e-10,5.46230857212162e-10,-4.59896902833957e-10,1.79367037130785e-09,-2.04307004666559e-10,-4.13942909365713e-10,-2.33726498064998e-10,6.40874615728414e-11,-3.34628743750767e-10,-2.04307004666559e-10,9.76799249692983e-11,4.24680136304456e-11,9.36184051639187e-11,1.66197790259926e-11,1.77646533111902e-10,-4.13942909365713e-10,4.24680136304456e-11,-2.207192460914e-07,4.14177228829786e-11,-1.4222933101255e-10,-1.49334631581713e-10,-2.33726498064998e-10,9.36184051639187e-11,4.14177228829786e-11,7.83101507362306e-11,4.53459860217402e-11,5.46230857212162e-10,6.40874615728414e-11,1.66197790259926e-11,-1.4222933101255e-10,4.53459860217402e-11,1.67482466665008e-10
-5.3947530103419e-10,3.90359817646993e-10,4.17844106705014e-10,-1.49334631581713e-10,4.3250100021491e-10,3.06570279711833e-10,3.90359817646993e-10,1.25092206227943e-09,-4.22726046099218e-10,-2.33726498064998e-10,-3.79059266394179e-10,1.58531368285563e-10,4.17844106705014e-10,-4.22726046099218e-10,-1.1068191134625e-10,9.36184051639187e-11,-1.36544502070774e-10,-2.71556451997434e-10,-1.49334631581713e-10,-2.33726498064998e-10,9.36184051639187e-11,4.14177228829786e-11,7.83101507362306e-11,4.53459860217402e-11,4.3250100021491e-10,-3.79059266394179e-10,-1.36544502070774e-10,7.83101507362306e-11,-2.20920052286992e-07,-2.33435164461916e-10,3.06570279711833e-10,1.58531368285563e-10,-2.71556451997434e-10,4.53459860217402e-11,-2.33435164461916e-10,-3.64597035068557e-10
-9.9440812766079e-09,1.42562521892709e-09,9.19383305063057e-10,5.46230857212162e-10,3.06570279711833e-10,-1.3923835297152e-09,1.42562521892709e-09,-1.43911785264684e-09,-2.78274468053515e-11,6.40874615728414e-11,1.58531368285563e-10,-3.08689637629292e-11,9.19383305063057e-10,-2.78274468053515e-11,-5.24586375125072e-10,1.66197790259926e-11,-2.71556451997434e-10,-5.24165608472344e-12,5.46230857212162e-10,6.40874615728414e-11,1.66197790259926e-11,-1.4222933101255e-10,4.53459860217402e-11,1.67482466665008e-10,3.06570279711833e-10,1.58531368285563e-10,-2.71556451997434e-10,4.53459860217402e-11,-2.33435164461916e-10,-3.64597035068557e-10,-1.3923835297152e-09,-3.08689637629292e-11,-5.24165608472344e-12,1.67482466665008e-10,-3.64597035068557e-10,-2.23591186134855e-07
