"M3sh.1","M3sh.2","M3sh.3","M3sh.4","M3sh.5","M3sh.6","M3sh.7","M3sh.8","M3sh.9","M3sh.10","M3sh.11","M3sh.12","M3sh.13","M3sh.14","M3sh.15","M3sh.16","M3sh.17","M3sh.18","M3sh.19","M3sh.20","M3sh.21","M3sh.22","M3sh.23","M3sh.24","M3sh.25","M3sh.26","M3sh.27","M3sh.28","M3sh.29","M3sh.30","M3sh.31","M3sh.32","M3sh.33","M3sh.34","M3sh.35","M3sh.36"
-2.48097708493954e-07,5.19646691902638e-09,1.85727363839169e-09,1.03404895925609e-09,-4.62629039647255e-10,-8.52645296978763e-09,5.19646691902638e-09,-1.51504336670397e-09,6.73499619415e-11,-3.99588892527372e-10,3.24726856896927e-10,1.2152919319077e-09,1.85727363839169e-09,6.73499619415e-11,2.27223589357601e-10,-2.77870348151482e-10,3.67206605393586e-10,7.79267048420585e-10,1.03404895925609e-09,-3.99588892527372e-10,-2.77870348151482e-10,1.54007410579841e-10,-1.25558879288591e-10,4.66961770924583e-10,-4.62629039647255e-10,3.24726856896927e-10,3.67206605393586e-10,-1.25558879288591e-10,3.75098461655914e-10,2.64227734250873e-10,-8.52645296978763e-09,1.2152919319077e-09,7.79267048420585e-10,4.66961770924583e-10,2.64227734250873e-10,-1.20934392371291e-09
5.19646691902638e-09,-1.51504336670397e-09,6.73499619415e-11,-3.99588892527372e-10,3.24726856896927e-10,1.2152919319077e-09,-1.51504336670397e-09,-2.28605715501548e-07,1.1843763679305e-09,1.54018142233032e-09,1.06416048509941e-09,-1.23822442920481e-09,6.73499619415e-11,1.1843763679305e-09,-4.40025058355733e-10,-1.67983494945242e-10,-3.58609128898654e-10,-3.67715702144925e-11,-3.99588892527372e-10,1.54018142233032e-09,-1.67983494945242e-10,-3.501019449358e-10,-1.94635119000542e-10,5.3932126730888e-11,3.24726856896927e-10,1.06416048509941e-09,-3.58609128898654e-10,-1.94635119000542e-10,-3.19621159298041e-10,1.27286050460407e-10,1.2152919319077e-09,-1.23822442920481e-09,-3.67715702144925e-11,5.3932126730888e-11,1.27286050460407e-10,-4.03880734419434e-11
1.85727363839169e-09,6.73499619415e-11,2.27223589357601e-10,-2.77870348151482e-10,3.67206605393586e-10,7.79267048420585e-10,6.73499619415e-11,1.1843763679305e-09,-4.40025058355733e-10,-1.67983494945242e-10,-3.58609128898654e-10,-3.67715702144925e-11,2.27223589357601e-10,-4.40025058355733e-10,-2.21763393668993e-07,7.64066693202326e-11,-1.04480315196569e-10,-4.33382544245072e-10,-2.77870348151482e-10,-1.67983494945242e-10,7.64066693202326e-11,3.11024366496753e-11,7.41853294739488e-11,1.59108623270343e-11,3.67206605393586e-10,-3.58609128898654e-10,-1.04480315196569e-10,7.41853294739488e-11,-1.26587377770235e-10,-2.23918635501433e-10,7.79267048420585e-10,-3.67715702144925e-11,-4.33382544245072e-10,1.59108623270343e-11,-2.23918635501433e-10,-1.90113135306952e-11
1.03404895925609e-09,-3.99588892527372e-10,-2.77870348151482e-10,1.54007410579841e-10,-1.25558879288591e-10,4.66961770924583e-10,-3.99588892527372e-10,1.54018142233032e-09,-1.67983494945242e-10,-3.501019449358e-10,-1.94635119000542e-10,5.3932126730888e-11,-2.77870348151482e-10,-1.67983494945242e-10,7.64066693202326e-11,3.11024366496753e-11,7.41853294739488e-11,1.59108623270343e-11,1.54007410579841e-10,-3.501019449358e-10,3.11024366496753e-11,-2.21724299357981e-07,3.41044002347622e-11,-1.17399690650119e-10,-1.25558879288591e-10,-1.94635119000542e-10,7.41853294739488e-11,3.41044002347622e-11,6.39988490350356e-11,3.97099048438472e-11,4.66961770924583e-10,5.3932126730888e-11,1.59108623270343e-11,-1.17399690650119e-10,3.97099048438472e-11,1.48463667199506e-10
-4.62629039647255e-10,3.24726856896927e-10,3.67206605393586e-10,-1.25558879288591e-10,3.75098461655914e-10,2.64227734250873e-10,3.24726856896927e-10,1.06416048509941e-09,-3.58609128898654e-10,-1.94635119000542e-10,-3.19621159298041e-10,1.27286050460407e-10,3.67206605393586e-10,-3.58609128898654e-10,-1.04480315196569e-10,7.41853294739488e-11,-1.26587377770235e-10,-2.23918635501433e-10,-1.25558879288591e-10,-1.94635119000542e-10,7.41853294739488e-11,3.41044002347622e-11,6.39988490350356e-11,3.97099048438472e-11,3.75098461655914e-10,-3.19621159298041e-10,-1.26587377770235e-10,6.39988490350356e-11,-2.21896617993444e-07,-1.94735625663911e-10,2.64227734250873e-10,1.27286050460407e-10,-2.23918635501433e-10,3.97099048438472e-11,-1.94735625663911e-10,-3.08165661140947e-10
-8.52645296978763e-09,1.2152919319077e-09,7.79267048420585e-10,4.66961770924583e-10,2.64227734250873e-10,-1.20934392371291e-09,1.2152919319077e-09,-1.23822442920481e-09,-3.67715702144925e-11,5.3932126730888e-11,1.27286050460407e-10,-4.03880734419434e-11,7.79267048420585e-10,-3.67715702144925e-11,-4.33382544245072e-10,1.59108623270343e-11,-2.23918635501433e-10,-1.90113135306952e-11,4.66961770924583e-10,5.3932126730888e-11,1.59108623270343e-11,-1.17399690650119e-10,3.97099048438472e-11,1.48463667199506e-10,2.64227734250873e-10,1.27286050460407e-10,-2.23918635501433e-10,3.97099048438472e-11,-1.94735625663911e-10,-3.08165661140947e-10,-1.20934392371291e-09,-4.03880734419434e-11,-1.90113135306952e-11,1.48463667199506e-10,-3.08165661140947e-10,-2.24194323642873e-07
