"M3sh.1","M3sh.2","M3sh.3","M3sh.4","M3sh.5","M3sh.6","M3sh.7","M3sh.8","M3sh.9","M3sh.10","M3sh.11","M3sh.12","M3sh.13","M3sh.14","M3sh.15","M3sh.16","M3sh.17","M3sh.18","M3sh.19","M3sh.20","M3sh.21","M3sh.22","M3sh.23","M3sh.24","M3sh.25","M3sh.26","M3sh.27","M3sh.28","M3sh.29","M3sh.30","M3sh.31","M3sh.32","M3sh.33","M3sh.34","M3sh.35","M3sh.36"
-2.97262273311141e-07,1.60099826741267e-08,6.12915956313087e-09,3.69255321796691e-09,-1.17912683521129e-09,-2.52222448937127e-08,1.60099826741267e-08,-4.31083007997985e-09,3.18535525260722e-10,-1.22694435622713e-09,9.72235323596904e-10,3.87551820679036e-09,6.12915956313087e-09,3.18535525260722e-10,5.2196370083081e-10,-1.0447697919125e-09,1.01175110212559e-09,2.35990340600735e-09,3.69255321796691e-09,-1.22694435622713e-09,-1.0447697919125e-09,4.17190691764422e-10,-4.5281748587833e-10,1.5731213462026e-09,-1.17912683521129e-09,9.72235323596904e-10,1.01175110212559e-09,-4.5281748587833e-10,1.09538225210269e-09,6.93660569101219e-10,-2.52222448937127e-08,3.87551820679036e-09,2.35990340600735e-09,1.5731213462026e-09,6.93660569101219e-10,-3.20385305306053e-09
1.60099826741267e-08,-4.31083007997985e-09,3.18535525260722e-10,-1.22694435622713e-09,9.72235323596904e-10,3.87551820679036e-09,-4.31083007997985e-09,-2.35273299538586e-07,3.48182834127885e-09,4.58510014380493e-09,3.07290111835177e-09,-3.33499746020206e-09,3.18535525260722e-10,3.48182834127885e-09,-1.42917187412631e-09,-5.52341453151724e-10,-1.09671290705244e-09,-1.78144151660418e-11,-1.22694435622713e-09,4.58510014380493e-09,-5.52341453151724e-10,-1.0544606023049e-09,-6.1549052581267e-10,1.47865268710045e-10,9.72235323596904e-10,3.07290111835177e-09,-1.09671290705244e-09,-6.1549052581267e-10,-9.69804833862911e-10,3.48560897521992e-10,3.87551820679036e-09,-3.33499746020206e-09,-1.78144151660418e-11,1.47865268710045e-10,3.48560897521992e-10,1.66905561634007e-10
6.12915956313087e-09,3.18535525260722e-10,5.2196370083081e-10,-1.0447697919125e-09,1.01175110212559e-09,2.35990340600735e-09,3.18535525260722e-10,3.48182834127885e-09,-1.42917187412631e-09,-5.52341453151724e-10,-1.09671290705244e-09,-1.78144151660418e-11,5.2196370083081e-10,-1.42917187412631e-09,-2.1533620728716e-07,3.29867457088955e-10,-3.16045283944343e-10,-1.31453027714942e-09,-1.0447697919125e-09,-5.52341453151724e-10,3.29867457088955e-10,1.49311420695183e-10,2.94490162112212e-10,2.02339213643099e-12,1.01175110212559e-09,-1.09671290705244e-09,-3.16045283944343e-10,2.94490162112212e-10,-3.94403585367898e-10,-6.66026236625414e-10,2.35990340600735e-09,-1.78144151660418e-11,-1.31453027714942e-09,2.02339213643099e-12,-6.66026236625414e-10,-1.81644524846608e-10
3.69255321796691e-09,-1.22694435622713e-09,-1.0447697919125e-09,4.17190691764422e-10,-4.5281748587833e-10,1.5731213462026e-09,-1.22694435622713e-09,4.58510014380493e-09,-5.52341453151724e-10,-1.0544606023049e-09,-6.1549052581267e-10,1.47865268710045e-10,-1.0447697919125e-09,-5.52341453151724e-10,3.29867457088955e-10,1.49311420695183e-10,2.94490162112212e-10,2.02339213643099e-12,4.17190691764422e-10,-1.0544606023049e-09,1.49311420695183e-10,-2.1515149001585e-07,1.15734892166695e-10,-3.22699609642183e-10,-4.5281748587833e-10,-6.1549052581267e-10,2.94490162112212e-10,1.15734892166695e-10,2.49310556618528e-10,6.6611994866369e-11,1.5731213462026e-09,1.47865268710045e-10,2.02339213643099e-12,-3.22699609642183e-10,6.6611994866369e-11,4.60641501698929e-10
-1.17912683521129e-09,9.72235323596904e-10,1.01175110212559e-09,-4.5281748587833e-10,1.09538225210269e-09,6.93660569101219e-10,9.72235323596904e-10,3.07290111835177e-09,-1.09671290705244e-09,-6.1549052581267e-10,-9.69804833862911e-10,3.48560897521992e-10,1.01175110212559e-09,-1.09671290705244e-09,-3.16045283944343e-10,2.94490162112212e-10,-3.94403585367898e-10,-6.66026236625414e-10,-4.5281748587833e-10,-6.1549052581267e-10,2.94490162112212e-10,1.15734892166695e-10,2.49310556618528e-10,6.6611994866369e-11,1.09538225210269e-09,-9.69804833862911e-10,-3.94403585367898e-10,2.49310556618528e-10,-2.15753012677583e-07,-5.4159283416469e-10,6.93660569101219e-10,3.48560897521992e-10,-6.66026236625414e-10,6.6611994866369e-11,-5.4159283416469e-10,-1.07413212362755e-09
-2.52222448937127e-08,3.87551820679036e-09,2.35990340600735e-09,1.5731213462026e-09,6.93660569101219e-10,-3.20385305306053e-09,3.87551820679036e-09,-3.33499746020206e-09,-1.78144151660418e-11,1.47865268710045e-10,3.48560897521992e-10,1.66905561634007e-10,2.35990340600735e-09,-1.78144151660418e-11,-1.31453027714942e-09,2.02339213643099e-12,-6.66026236625414e-10,-1.81644524846608e-10,1.5731213462026e-09,1.47865268710045e-10,2.02339213643099e-12,-3.22699609642183e-10,6.6611994866369e-11,4.60641501698929e-10,6.93660569101219e-10,3.48560897521992e-10,-6.66026236625414e-10,6.6611994866369e-11,-5.4159283416469e-10,-1.07413212362755e-09,-3.20385305306053e-09,1.66905561634007e-10,-1.81644524846608e-10,4.60641501698929e-10,-1.07413212362755e-09,-2.2214424350834e-07
