"M2sh.Mkt.RF","M2sh.SMB","M2sh.HML","M2sh.RMW","M2sh.CMA","M2sh.MOM"
0.000124582358687545,-1.21955241621708e-05,-1.11326938190966e-05,-1.38488725972341e-05,-1.68694598413152e-05,-1.48419494643133e-05
-1.21955241621708e-05,3.43782916231712e-05,2.58277803213299e-06,-6.70467814831511e-06,1.38072636750253e-06,2.10076528076637e-06
-1.11326938190966e-05,2.58277803213299e-06,3.37838688824628e-05,1.26421442496457e-06,1.21290642128358e-05,-1.28161193146059e-05
-1.38488725972341e-05,-6.70467814831511e-06,1.26421442496457e-06,1.90206263576699e-05,3.47278796086582e-06,4.25599148723836e-06
-1.68694598413152e-05,1.38072636750253e-06,1.21290642128358e-05,3.47278796086582e-06,1.69453786959589e-05,2.93553538828192e-06
-1.48419494643133e-05,2.10076528076637e-06,-1.28161193146059e-05,4.25599148723836e-06,2.93553538828192e-06,6.41681473064814e-05
